sample_size: 100 
[[8.989999999999693e-05, 8.640000000000037e-05, 8.489999999999887e-05, 8.680000000000493e-05, 8.480000000000293e-05, 8.459999999999024e-05, 8.420000000000649e-05, 8.459999999999024e-05, 8.579999999999699e-05, 8.400000000000074e-05], [0.009145200000000006, 0.009912699999999997, 0.010402399999999992, 0.009248300000000001, 0.009480500000000003, 0.010716199999999995, 0.009335300000000019, 0.009341600000000005, 0.010812900000000014, 0.009153999999999995], [0.35545150000000003, 0.3333262, 0.29035259999999996, 0.2287344, 0.32236010000000004, 0.2601568999999999, 0.310999, 0.2627269000000001, 0.2592355999999998, 0.3018169000000004]]
[[6107, 6490, 7090, 5744, 4536, 4736, 6454, 4387, 3984, 5605], [7070, 7559, 7886, 7024, 6856, 7762, 7263, 6917, 7329, 7401], [6622, 7417, 7705, 6762, 6668, 5793, 7040, 6234, 5151, 6707]]
[5513.3, 7306.7, 6609.9]
[8.559999999999887e-05, 0.009754910000000002, 0.29251601000000005]
[35.2, 38.1, 35.6]

sample_size: 500 
[[0.0004957000000000988, 0.000456299999999743, 0.0004661999999999722, 0.0004504999999999093, 0.00045090000000014285, 0.00043930000000003133, 0.00045239999999990843, 0.0004561999999999067, 0.00044749999999993406, 0.0004366000000000092], [0.28760059999999976, 0.28605789999999987, 0.2726491000000002, 0.2552451999999996, 0.24648689999999984, 0.24191749999999956, 0.2390422000000001, 0.24780669999999994, 0.24912499999999937, 0.26185110000000034], [4.0093399, 3.3153523000000007, 3.772420999999998, 3.2843323000000026, 3.7144134000000015, 3.8616996000000015, 3.3636114, 3.573485899999998, 3.5188016000000033, 3.7169450999999967]]
[[68739, 52315, 63302, 58352, 64199, 66330, 69936, 64546, 64550, 65799], [89212, 85078, 89905, 83806, 84942, 80488, 92321, 89090, 85766, 86868], [81492, 64938, 72821, 68814, 73427, 77693, 79584, 81275, 76973, 77434]]
[63806.8, 86747.6, 75445.1]
[0.0004551599999999656, 0.25877821999999984, 3.61304025]
[82.3, 88.1, 83.7]

sample_size: 10000 
[[0.013274999999999995, 0.014313799999999988, 0.013860499999999998, 0.013612700000000005, 0.01758529999999997, 0.01343690000000003, 0.013613900000000012, 0.012981099999999968, 0.013480700000000012, 0.013863400000000026], [135.5574567, 137.21835019999997, 137.43313870000003, 149.14235860000002, 137.1611537, 143.3917156, 145.88468139999998, 156.02883769999994, 146.0324258999999, 141.53558069999985], [390.88272659999984, 412.3440639999999, 384.1877832, 406.03575039999987, 418.0654333999996, 413.09845859999996, 399.80752340000026, 399.76141519999965, 367.1578661000003, 376.80244869999933]]
[[5685597, 6035261, 5239499, 5743053, 5896707, 5814197, 5792454, 5969929, 5497275, 5368794], [8296923, 8555449, 8282435, 8415859, 8418896, 8397915, 8406664, 8445634, 8392432, 8379886], [6881900, 7372410, 6536731, 6757842, 6938835, 6858301, 6823018, 7012891, 6597220, 6545100]]
[5704276.6, 8399209.3, 6832424.8]
[0.014002330000000002, 142.93856991999996, 396.81434695999985]
[383.0, 425.5, 382.1]

