sample_size: 100 
[[9.059999999999624e-05, 8.760000000000018e-05, 8.869999999999711e-05, 8.69999999999968e-05, 8.640000000000037e-05, 8.559999999999818e-05, 8.709999999999968e-05, 8.769999999999611e-05, 0.0001699000000000006, 0.00016660000000000286], [0.009224100000000006, 0.009323600000000001, 0.0093337, 0.009320099999999998, 0.009912299999999999, 0.009368700000000008, 0.017586100000000007, 0.015877099999999977, 0.009235999999999994, 0.015795599999999993], [0.32977100000000004, 0.339344, 0.2864976, 0.24676219999999982, 0.3029154999999999, 0.28410749999999996, 0.2910553, 0.2898860999999999, 0.31632119999999997, 0.29892929999999973]]
[[6107, 6490, 7090, 5744, 4536, 4736, 6454, 4387, 3984, 5605], [7070, 7559, 7886, 7024, 6856, 7762, 7263, 6917, 7329, 7401], [6622, 7417, 7705, 6762, 6668, 5793, 7040, 6234, 5151, 6707]]
[5513.3, 7306.7, 6609.9]
[0.00010371999999999881, 0.011497729999999998, 0.2985589699999999]
[35.2, 38.1, 35.6]

sample_size: 500 
[[0.00044980000000016673, 0.00047050000000004033, 0.0004534000000000482, 0.0004612999999999978, 0.00044090000000007734, 0.00043930000000003133, 0.00044069999999996057, 0.0006915000000002891, 0.00044399999999988893, 0.00044380000000021624], [0.3040959999999999, 0.30451340000000027, 0.26160609999999984, 0.3069128999999995, 0.24580650000000048, 0.2946293999999998, 0.26508409999999927, 0.27602670000000007, 0.27818949999999987, 0.2806331999999996], [4.561012000000001, 3.7371654999999997, 4.0682518000000005, 3.686307899999999, 4.0041239, 4.447523199999999, 3.945098999999999, 4.079551100000003, 4.0363927, 4.211384899999999]]
[[68739, 52315, 63302, 58352, 64199, 66330, 69936, 64546, 64550, 65799], [89212, 85078, 89905, 83806, 84942, 80488, 92321, 89090, 85766, 86868], [81492, 64938, 72821, 68814, 73427, 77693, 79584, 81275, 76973, 77434]]
[63806.8, 86747.6, 75445.1]
[0.00047352000000007167, 0.28174977999999984, 4.0776812]
[82.3, 88.1, 83.7]

sample_size: 1000 
[[0.0009760000000014202, 0.0009591999999969403, 0.00100750000000005, 0.0009562999999985777, 0.0022161999999994464, 0.0009334000000009723, 0.0014400999999963915, 0.000991399999996645, 0.0009519000000040023, 0.0011742000000012354], [1.055128400000001, 1.2105944999999991, 1.1260258000000007, 1.1942199000000002, 1.1160414000000003, 1.094938599999999, 1.2213451999999947, 1.1869839999999954, 1.1028633999999968, 1.1750339000000025], [10.835409500000004, 11.776074800000004, 12.0639604, 12.192026399999989, 11.298402199999998, 11.69500579999999, 12.134823600000004, 11.602247799999986, 11.669698600000004, 11.151124799999991]]
[[155316, 187753, 193054, 193960, 164199, 181407, 177596, 182102, 163181, 177529], [246915, 244571, 261635, 254208, 232440, 248479, 252727, 256122, 261709, 262518], [188477, 219237, 232468, 221137, 191919, 228562, 213099, 213637, 200808, 216664]]
[177609.7, 252132.4, 212600.8]
[0.001160619999999568, 1.148317509999999, 11.641877389999996]
[118.2, 127.8, 116.4]

sample_size: 5000 
[[0.007364299999977675, 0.006451800000007779, 0.005856400000027406, 0.005944699999986369, 0.0066879000000028554, 0.007036200000015924, 0.006294499999995651, 0.0068113000000096235, 0.0066582999999980075, 0.006632599999988997], [32.037029399999994, 30.96111529999999, 31.761825200000004, 30.92909960000003, 32.927769599999976, 31.644817200000034, 32.4265891, 33.75155589999997, 30.288486699999964, 35.713201000000026], [140.78279600000002, 125.08794379999995, 141.6001298, 145.4233421, 130.1078589000001, 124.1181704999999, 138.21492160000003, 128.9685591, 142.18031150000002, 128.89478900000017]]
[[2130368, 1888792, 2178653, 2041624, 2052611, 1924541, 2151815, 2017686, 2014899, 2063615], [2953707, 2934135, 3001651, 3028289, 2962548, 2895191, 3011963, 3003255, 2918701, 2898964], [2442439, 2216197, 2549909, 2452747, 2510044, 2437917, 2621162, 2412937, 2484964, 2448867]]
[2046460.4, 2960840.4, 2457718.3]
[0.006573800000001029, 32.2441489, 134.53788223]
[268.2, 300.4, 268.0]

