100
25 69 121
26 61 128
39 48 78
45 76 147
48 87 195
50 71 154
68 78 124
95 109 164
102 148 16
125 164 181
145 172 142
174 206 152
187 228 155
217 224 119
219 260 250
234 249 207
246 262 216
255 269 182
278 291 294
304 315 40
317 346 44
347 355 246
368 401 177
381 419 165
404 413 66
423 427 53
452 482 227
476 482 33
490 514 40
494 529 293
497 517 194
510 559 30
538 546 78
568 600 188
591 610 120
592 629 204
614 657 54
631 648 295
635 669 13
663 665 22
663 672 145
666 691 297
692 715 292
704 717 31
710 739 54
718 742 105
719 734 263
721 758 131
728 747 27
735 774 136
756 764 293
786 803 85
786 836 285
789 814 95
789 820 54
806 819 214
832 880 208
850 884 72
869 877 225
877 902 293
893 909 197
910 912 73
923 968 198
927 952 249
934 980 280
934 939 109
958 962 37
969 1016 175
990 1005 87
996 1045 147
999 1047 77
1025 1058 194
1048 1092 79
1049 1079 212
1051 1087 300
1057 1069 10
1080 1111 160
1089 1130 91
1111 1156 49
1124 1164 216
1132 1142 274
1140 1167 218
1146 1160 90
1153 1181 46
1171 1190 100
1190 1226 198
1215 1238 93
1245 1274 100
1274 1313 84
1301 1331 219
1313 1333 21
1332 1350 176
1350 1399 156
1368 1400 59
1394 1407 236
1414 1430 52
1432 1455 76
1455 1467 147
1469 1490 55
1485 1503 81
