100
15 64 39
25 30 208
40 66 212
59 107 158
70 117 248
95 136 205
118 153 133
124 154 299
150 192 12
158 171 129
165 201 39
168 172 286
169 184 117
196 213 275
204 218 214
220 224 178
226 240 122
249 291 129
263 278 52
264 267 167
285 303 204
301 343 61
322 323 263
333 348 146
336 339 54
353 392 283
353 357 194
382 426 58
403 437 184
431 450 78
455 500 70
472 495 162
502 536 128
509 554 280
538 555 91
546 579 18
553 568 224
555 579 238
555 605 238
582 612 180
588 619 245
594 607 230
595 623 225
598 622 42
620 637 81
625 644 114
645 693 221
653 657 169
673 722 215
675 678 203
701 743 261
728 752 202
752 802 195
767 798 295
771 781 181
792 830 152
803 852 48
812 824 256
815 847 146
833 855 160
847 875 178
862 903 195
884 928 5
896 940 136
905 944 99
920 962 63
942 985 53
953 986 298
975 1017 290
996 1010 30
1000 1002 124
1028 1053 268
1042 1073 112
1059 1088 62
1070 1114 189
1071 1116 93
1096 1115 142
1123 1173 233
1123 1149 221
1152 1161 7
1165 1181 266
1189 1211 135
1211 1230 219
1230 1271 91
1248 1269 26
1253 1269 187
1283 1328 91
1297 1333 246
1297 1313 216
1320 1335 248
1332 1381 7
1332 1342 275
1350 1365 213
1370 1393 155
1375 1397 234
1385 1387 253
1389 1422 40
1398 1415 132
1424 1473 186
1436 1438 3
