100
29 53 52
42 52 11
62 73 26
72 121 209
84 108 121
87 136 92
107 122 148
109 126 275
123 136 248
145 178 77
163 194 213
179 203 156
184 206 175
211 236 291
238 259 23
258 263 264
266 308 3
294 330 75
309 334 189
325 356 266
325 333 124
336 355 56
366 411 205
384 408 110
387 414 267
406 439 165
434 436 117
440 483 37
445 488 114
459 470 239
478 494 105
496 506 5
500 520 137
526 533 184
526 542 126
538 562 103
547 553 8
557 573 116
585 603 221
597 638 170
602 617 287
613 657 294
627 672 153
643 667 272
652 687 198
675 706 142
687 725 129
713 753 223
718 751 268
727 731 49
732 741 295
761 810 39
778 820 277
788 830 102
810 833 33
830 855 300
845 890 189
870 910 288
878 901 281
901 937 84
912 935 1
922 953 202
931 969 115
937 940 74
960 992 108
975 1018 156
1003 1024 161
1026 1055 171
1050 1062 13
1054 1061 51
1057 1098 260
1057 1097 75
1085 1109 89
1096 1122 204
1122 1155 58
1152 1183 125
1160 1164 68
1190 1216 142
1218 1255 70
1223 1270 31
1241 1273 248
1242 1260 261
1263 1302 274
1289 1316 84
1317 1343 118
1347 1356 203
1355 1392 128
1384 1395 43
1386 1395 73
1398 1409 249
1420 1458 293
1434 1460 179
1440 1480 7
1452 1459 227
1478 1509 164
1485 1493 268
1491 1511 106
1518 1552 132
1522 1561 117
1525 1563 64
