100
9 10 266
23 72 272
46 50 232
69 113 117
81 113 108
91 138 287
111 124 110
115 129 104
134 164 125
145 159 141
159 186 248
179 185 190
206 207 131
232 257 65
242 289 204
255 300 253
267 303 30
273 307 174
291 336 134
296 338 138
319 328 112
344 377 132
347 356 77
357 385 15
370 379 171
384 418 42
387 425 257
407 457 107
420 435 268
448 485 291
457 460 269
485 497 2
500 519 182
500 539 219
527 574 180
539 567 231
561 600 73
587 612 297
598 599 146
611 618 254
620 668 265
622 637 96
626 627 291
656 705 64
679 701 75
687 723 30
706 740 36
714 729 13
721 754 28
735 750 154
752 790 211
770 811 186
775 794 115
787 807 263
806 845 111
808 837 1
821 860 203
839 876 286
843 889 251
857 891 199
882 924 211
885 911 73
909 910 265
933 947 284
948 994 177
974 1001 8
993 1023 123
993 1004 105
1019 1047 277
1046 1077 134
1048 1089 275
1070 1095 154
1089 1136 54
1114 1123 25
1119 1127 79
1133 1174 231
1137 1183 73
1140 1163 96
1148 1153 255
1162 1191 177
1175 1185 36
1195 1228 107
1199 1213 193
1206 1230 219
1234 1270 12
1264 1266 122
1276 1283 179
1298 1309 169
1307 1335 252
1310 1352 298
1313 1332 125
1339 1379 23
1359 1365 10
1359 1368 197
1363 1382 234
1373 1416 120
1398 1429 284
1412 1425 68
1441 1460 29
1466 1498 147
