100
2 51 247
24 64 217
41 90 19
62 75 68
91 127 52
96 125 285
102 142 284
104 107 172
117 137 68
127 159 180
145 148 33
168 217 204
191 221 3
205 223 147
234 269 172
244 249 173
253 286 299
271 309 34
273 295 151
283 296 245
313 350 105
330 345 197
341 361 88
366 411 280
366 379 283
367 381 295
392 399 262
411 422 134
432 481 135
457 478 216
463 490 202
468 502 222
491 494 150
503 506 47
525 556 151
550 551 278
553 601 185
571 614 127
589 604 90
594 640 20
619 662 210
649 657 27
650 657 233
676 716 240
691 740 82
706 707 10
718 768 69
736 771 33
748 777 6
757 777 15
763 802 62
780 807 7
792 821 166
810 832 60
838 863 246
861 864 228
888 919 151
914 929 269
940 984 245
970 983 71
995 1023 192
1005 1025 65
1027 1045 101
1049 1066 69
1073 1106 300
1098 1129 142
1108 1111 235
1121 1138 81
1129 1173 6
1155 1189 186
1163 1208 105
1168 1203 151
1181 1214 189
1195 1235 229
1219 1233 75
1239 1252 217
1260 1295 230
1273 1286 284
1291 1303 19
1300 1305 274
1325 1372 93
1340 1362 104
1349 1362 100
1378 1426 24
1395 1410 205
1404 1439 282
1428 1457 188
1431 1447 272
1449 1452 193
1465 1501 279
1479 1529 101
1495 1518 255
1520 1534 146
1536 1542 220
1545 1588 73
1574 1622 93
1603 1607 262
1613 1648 127
1628 1637 203
1648 1687 192
