100
20 41 106
40 46 187
44 68 176
60 65 100
86 122 224
102 116 174
103 136 256
121 136 266
147 170 38
153 192 286
177 206 233
179 189 94
202 213 260
232 254 100
259 260 288
272 317 145
286 328 250
316 330 245
327 337 255
339 350 234
346 392 116
372 387 123
373 375 296
398 407 104
415 451 20
436 460 133
444 452 293
448 471 205
474 480 258
489 490 18
507 523 82
533 577 65
547 554 11
553 592 138
570 599 131
592 629 47
602 640 22
617 650 187
626 669 212
656 677 213
659 707 268
684 722 13
684 695 15
684 708 282
710 734 233
740 789 35
766 810 162
776 801 225
786 796 293
800 817 246
830 878 202
844 851 111
864 872 119
868 881 136
881 896 220
899 934 150
901 922 277
929 932 86
945 968 173
950 976 172
975 992 207
1001 1016 73
1002 1024 186
1024 1047 1
1043 1065 236
1072 1111 104
1085 1120 243
1092 1122 8
1098 1104 291
1123 1130 94
1142 1157 32
1152 1185 145
1158 1183 22
1159 1207 74
1178 1216 38
1179 1186 193
1180 1214 234
1201 1208 92
1231 1236 254
1257 1283 227
1278 1310 143
1279 1296 274
1282 1300 85
1309 1340 31
1323 1346 92
1334 1358 173
1356 1369 238
1356 1363 103
1364 1391 120
1390 1396 13
1400 1436 139
1430 1464 246
1442 1444 276
1468 1518 197
1497 1504 159
1503 1517 256
1510 1549 145
1515 1532 248
1516 1554 148
1540 1547 34
