100
6 38 230
19 26 5
46 88 223
54 95 85
72 107 208
79 106 146
85 131 110
111 139 130
111 139 262
133 178 206
157 198 18
174 215 231
182 212 2
206 216 4
234 256 159
235 246 109
265 307 15
277 297 87
295 341 211
314 364 25
340 370 132
362 365 194
370 397 106
389 428 53
396 420 296
399 425 249
408 452 244
412 457 85
422 450 71
446 458 102
472 498 222
476 506 12
482 488 117
493 534 120
493 543 273
506 512 284
516 536 159
533 575 266
557 590 200
582 632 44
584 610 83
611 636 209
615 649 259
635 654 46
647 678 90
655 702 80
658 693 114
660 704 29
663 664 134
666 674 10
671 700 128
695 742 82
709 755 291
730 733 21
747 758 18
764 765 300
776 791 115
804 849 217
825 847 184
848 871 42
870 880 29
886 888 140
889 898 95
893 916 6
903 937 190
918 965 204
936 942 84
938 946 11
963 1001 45
969 990 61
978 1006 116
983 1026 210
987 1016 181
1008 1038 169
1021 1064 193
1047 1070 92
1058 1086 242
1079 1110 225
1101 1111 7
1120 1135 270
1120 1145 226
1127 1155 163
1152 1178 206
1159 1189 39
1176 1189 207
1194 1237 95
1202 1209 154
1204 1245 32
1211 1259 3
1219 1262 256
1243 1270 283
1245 1253 289
1267 1301 241
1296 1345 238
1312 1315 49
1324 1346 215
1332 1336 123
1353 1366 164
1368 1414 144
1387 1392 138
