100
28 67 199
46 69 48
46 66 114
72 75 255
73 81 66
90 104 182
117 118 109
120 156 223
133 154 115
136 179 108
154 186 50
182 222 162
200 222 264
205 250 176
216 232 229
234 284 106
257 265 115
268 316 258
273 311 242
284 314 266
288 327 232
291 332 144
319 366 31
338 351 107
350 368 255
371 398 118
386 411 117
404 426 291
417 463 37
419 426 109
424 446 91
432 466 102
452 499 13
468 486 175
498 538 62
508 527 217
538 573 148
552 595 74
574 600 266
598 629 15
623 630 251
632 672 241
647 657 160
655 689 175
670 694 159
691 719 233
718 725 170
738 775 42
754 760 106
778 810 176
783 795 82
807 820 267
811 858 299
813 861 146
826 834 207
831 841 230
838 843 288
849 850 61
854 863 146
870 874 61
895 907 110
915 958 270
945 975 99
945 971 81
960 961 3
968 982 23
968 982 23
974 993 254
988 1020 138
1001 1022 244
1025 1035 76
1047 1085 13
1047 1088 237
1048 1078 271
1074 1084 10
1090 1115 271
1103 1125 214
1118 1150 141
1134 1168 253
1155 1188 160
1182 1213 53
1182 1230 188
1192 1241 37
1208 1239 117
1232 1267 281
1239 1284 103
1266 1301 299
1267 1293 123
1271 1296 180
1283 1317 221
1296 1323 234
1319 1320 34
1328 1355 18
1339 1368 210
1369 1386 293
1381 1390 286
1399 1410 252
1410 1443 261
1439 1477 140
1468 1476 261
