100
10 60 295
28 75 157
44 92 75
44 91 165
54 103 92
58 106 112
82 95 29
82 96 45
82 123 95
102 147 93
109 117 85
115 153 108
126 169 126
131 146 43
158 168 176
158 182 83
182 230 168
184 234 263
191 234 5
209 213 292
238 255 148
248 284 72
269 272 293
274 303 59
275 317 270
275 295 13
285 310 130
299 328 222
303 323 173
321 349 285
327 365 152
337 348 33
340 350 258
349 372 159
372 389 62
400 401 77
400 428 105
402 452 58
412 455 265
436 468 134
446 458 237
448 492 251
448 477 252
461 488 211
478 503 285
484 519 196
491 504 296
513 534 75
531 564 185
557 594 186
558 584 247
561 610 73
569 609 281
578 598 30
582 622 201
594 627 2
618 652 130
623 673 163
632 644 72
662 704 57
680 730 188
709 710 238
722 738 283
735 739 168
747 795 86
777 782 141
800 846 288
828 846 148
832 872 118
856 858 254
870 874 190
877 882 254
897 928 107
900 933 159
919 923 195
942 957 272
955 988 299
971 1001 231
974 977 257
997 1040 79
1003 1030 206
1019 1062 246
1020 1056 85
1044 1092 154
1045 1048 137
1045 1048 87
1073 1076 82
1086 1135 101
1104 1114 160
1109 1146 141
1124 1158 136
1145 1171 85
1152 1171 144
1154 1173 249
1177 1184 132
1199 1249 46
1228 1231 290
1249 1294 217
1266 1305 20
1286 1290 89
