100
15 30 293
37 51 15
57 65 3
85 103 53
115 130 189
127 135 49
130 164 187
153 195 23
156 175 8
156 199 210
164 194 24
187 202 246
199 202 297
204 212 167
233 244 107
240 268 148
262 280 26
263 290 49
269 319 243
295 341 114
325 345 167
343 380 1
346 358 169
362 408 180
371 418 184
395 426 213
406 438 185
417 460 137
424 461 278
449 479 270
455 466 102
471 498 177
471 520 50
499 512 130
523 534 21
539 547 228
551 552 113
552 596 72
562 591 136
564 575 120
579 628 296
599 632 292
617 636 216
636 639 237
661 662 268
670 708 300
696 716 77
724 749 273
753 778 25
761 775 86
786 832 118
792 817 300
821 869 60
847 880 173
855 898 97
874 890 171
876 914 237
906 952 203
913 941 134
913 923 18
927 965 135
928 973 215
950 977 231
978 1002 57
1000 1044 176
1009 1027 280
1021 1062 140
1040 1041 206
1055 1059 292
1060 1104 80
1078 1098 254
1093 1115 291
1118 1142 161
1134 1140 25
1147 1168 42
1164 1174 292
1174 1194 285
1184 1187 200
1192 1200 194
1207 1216 17
1210 1213 9
1235 1257 178
1247 1285 181
1270 1306 286
1297 1325 210
1297 1302 271
1300 1343 100
1320 1359 66
1331 1343 54
1342 1354 23
1355 1376 46
1374 1411 87
1401 1450 223
1424 1449 252
1436 1471 51
1462 1498 171
1489 1496 110
1517 1522 161
1531 1546 214
1537 1543 258
