100
26 36 142
55 85 30
65 74 299
89 125 176
108 145 243
138 184 231
164 187 31
172 196 43
178 207 107
196 229 224
215 264 260
216 254 129
241 274 107
243 264 172
265 298 92
277 303 47
288 324 196
295 332 269
320 323 183
340 367 219
364 385 113
387 416 30
387 418 227
404 422 24
432 470 150
442 469 261
470 482 230
483 492 289
483 501 91
499 522 94
508 525 270
531 564 300
549 599 226
571 606 278
575 607 221
581 599 262
609 634 290
614 636 234
640 684 66
644 675 175
653 664 229
673 709 159
696 722 90
709 750 135
720 721 176
744 754 283
745 793 14
773 781 134
786 788 271
802 833 154
823 854 24
840 880 291
859 886 284
880 908 89
883 888 229
903 947 118
911 955 64
933 954 245
938 979 24
946 964 47
952 975 116
957 990 234
962 993 225
966 984 3
972 1011 276
989 1024 63
1011 1056 155
1034 1050 173
1046 1060 99
1063 1106 287
1091 1117 248
1097 1147 169
1117 1133 25
1134 1164 46
1153 1179 249
1181 1222 228
1206 1218 77
1224 1255 237
1230 1269 194
1254 1262 5
1271 1310 235
1274 1277 60
1289 1321 282
1310 1335 204
1310 1343 169
1310 1355 251
1331 1351 114
1348 1356 109
1367 1404 274
1382 1402 37
1396 1432 45
1398 1408 65
1402 1451 145
1425 1426 73
1445 1489 258
1456 1487 213
1469 1502 243
1485 1506 80
1508 1521 182
1517 1518 144
