100
20 65 209
25 60 172
50 55 18
73 120 2
102 132 270
107 116 111
108 148 297
129 153 49
139 155 213
158 173 49
179 209 137
190 222 69
196 205 281
208 233 270
208 258 123
218 253 232
245 291 205
250 290 149
250 255 91
276 321 225
279 319 208
286 294 60
305 340 107
312 350 242
325 347 174
327 332 271
337 350 296
366 409 34
369 403 99
371 374 101
372 389 128
388 418 105
401 429 72
413 461 257
438 439 266
466 481 260
471 474 42
485 504 114
513 547 45
537 567 300
554 588 195
573 607 138
603 617 254
628 648 141
638 678 272
645 694 37
666 669 138
684 714 141
687 705 300
691 715 202
712 735 135
739 767 234
747 754 160
775 798 233
798 817 285
808 831 277
823 839 104
850 865 12
867 907 230
872 882 55
886 903 196
910 952 98
920 930 243
943 963 157
948 997 257
978 1016 221
991 1009 253
994 1033 188
997 1023 222
1000 1040 241
1020 1022 47
1026 1057 288
1036 1065 83
1052 1081 151
1056 1088 256
1073 1090 281
1098 1124 245
1108 1157 22
1113 1125 281
1135 1177 237
1165 1199 181
1177 1202 9
1185 1231 200
1194 1222 77
1196 1208 1
1210 1213 292
1240 1288 80
1251 1253 73
1257 1269 76
1274 1309 94
1284 1334 260
1294 1343 224
1312 1361 30
1337 1351 109
1362 1399 273
1364 1408 117
1364 1383 150
1385 1418 206
1396 1439 7
1414 1434 97
