100
25 44 122
46 59 206
67 71 106
86 91 289
90 92 12
99 113 275
115 120 195
132 167 129
160 205 274
189 220 74
193 214 91
223 271 63
236 239 24
260 299 248
280 286 109
297 338 106
302 313 239
316 341 299
326 352 17
340 377 234
365 366 53
376 406 37
393 411 260
423 425 228
430 452 60
438 461 225
452 489 173
480 521 147
488 509 85
491 493 96
497 507 31
500 516 27
529 542 79
529 553 297
555 602 287
555 598 258
581 589 76
588 590 81
604 645 80
604 622 105
605 625 207
621 622 249
649 691 38
671 701 103
686 697 165
700 733 71
718 728 163
747 788 276
774 793 294
791 827 126
818 840 94
841 874 62
869 882 102
894 902 125
921 956 12
923 964 231
951 978 245
974 1005 257
989 1033 253
991 1027 35
1013 1058 263
1040 1062 1
1061 1089 227
1091 1110 213
1120 1130 208
1127 1145 124
1141 1175 269
1148 1171 24
1177 1180 7
1200 1242 276
1230 1267 14
1257 1278 267
1279 1302 221
1298 1348 264
1302 1332 106
1326 1353 268
1326 1365 24
1339 1345 103
1355 1388 155
1383 1425 127
1399 1408 111
1412 1438 46
1436 1469 108
1448 1489 154
1450 1454 214
1458 1473 197
1459 1493 101
1460 1461 259
1469 1491 39
1476 1480 61
1502 1525 24
1512 1554 194
1528 1556 28
1544 1575 198
1561 1593 171
1590 1594 221
1599 1649 136
1623 1650 299
1630 1667 146
1647 1648 136
