100
8 44 247
27 71 268
27 60 17
47 54 226
62 109 243
86 113 85
102 103 183
116 124 31
116 145 282
136 172 179
152 196 94
158 192 89
179 193 239
182 228 216
209 225 225
210 244 246
226 227 236
250 261 245
270 280 104
295 297 122
305 344 144
328 371 85
343 356 113
350 374 300
354 381 83
368 397 44
381 431 87
405 418 187
426 438 219
435 459 241
461 501 171
469 486 153
492 518 204
522 559 288
541 581 120
545 593 190
548 591 257
564 576 288
592 608 56
604 627 150
632 676 84
635 639 71
654 688 289
662 698 254
689 725 191
719 761 286
737 745 19
744 786 31
770 792 233
792 841 152
819 825 70
825 868 47
836 846 189
837 866 25
845 883 219
864 890 183
871 917 190
884 907 6
889 919 128
903 917 62
922 932 208
933 945 186
949 954 48
977 1007 44
989 1004 165
990 1020 22
1011 1033 149
1034 1057 91
1041 1042 140
1044 1093 173
1053 1078 49
1057 1071 16
1087 1115 241
1094 1111 66
1124 1165 206
1131 1159 219
1155 1195 5
1160 1163 45
1177 1181 185
1177 1195 262
1180 1213 137
1187 1214 44
1210 1214 26
1240 1261 100
1243 1251 54
1249 1252 42
1258 1274 130
1277 1324 61
1277 1316 88
1305 1335 285
1325 1364 37
1333 1351 128
1359 1398 201
1381 1399 143
1405 1407 23
1426 1433 169
1437 1481 245
1443 1462 259
1452 1469 102
1456 1466 281
