100
26 46 274
41 90 294
49 88 245
77 117 262
85 116 118
103 148 21
129 135 19
150 154 135
170 189 3
170 218 201
180 197 46
191 208 100
220 222 185
222 261 6
233 271 73
249 272 165
264 267 63
270 271 41
292 337 205
313 332 255
319 345 209
344 377 143
364 403 158
370 380 98
400 427 125
416 466 132
432 464 46
444 465 217
462 471 157
480 513 53
492 493 285
492 519 144
515 559 299
534 575 140
564 580 43
588 590 31
591 603 135
601 626 262
603 624 264
625 672 7
630 674 299
647 665 168
663 670 90
688 716 144
711 740 19
736 765 160
757 794 183
768 790 224
782 822 151
795 805 41
811 852 222
813 838 233
826 852 164
836 856 154
855 882 105
868 871 261
896 902 250
922 948 189
925 965 236
945 975 94
972 1021 240
976 984 296
992 1008 114
998 1030 182
1025 1042 111
1029 1056 213
1039 1073 264
1063 1108 188
1093 1113 62
1103 1143 10
1127 1130 3
1143 1165 235
1165 1188 12
1189 1199 148
1216 1233 164
1226 1235 7
1229 1262 127
1252 1258 251
1253 1285 211
1256 1270 192
1282 1298 117
1289 1293 244
1292 1323 62
1302 1344 204
1308 1342 97
1329 1349 258
1336 1369 192
1357 1358 237
1357 1394 20
1364 1410 264
1373 1379 198
1387 1418 290
1405 1455 242
1426 1458 299
1439 1441 3
1440 1480 258
1457 1469 172
1483 1513 183
1497 1537 150
1504 1509 128
