100
18 46 189
43 46 2
45 74 297
59 101 45
72 97 119
94 113 187
123 140 276
126 167 166
126 146 29
135 174 225
140 162 255
151 162 263
170 196 60
185 205 206
209 254 127
225 264 106
231 266 195
256 276 236
282 315 69
308 335 45
337 360 149
363 403 224
382 429 195
389 435 16
413 426 186
435 441 210
464 486 268
494 538 233
524 572 127
550 560 219
568 615 169
577 588 220
596 624 238
602 643 96
614 632 39
635 645 217
650 661 64
653 674 250
657 677 115
670 696 101
675 693 270
680 686 135
684 725 78
711 740 197
721 765 239
742 771 226
761 786 207
779 821 5
806 812 118
815 823 261
815 863 133
825 854 118
841 885 123
859 890 144
866 916 91
874 906 244
881 900 257
889 895 138
901 906 110
903 916 118
913 946 243
940 960 228
944 972 71
956 983 33
974 1002 159
993 1032 67
1019 1053 222
1030 1032 13
1047 1070 120
1069 1116 292
1078 1109 11
1108 1140 115
1125 1170 253
1150 1193 202
1152 1158 248
1167 1194 287
1180 1224 154
1199 1223 185
1205 1207 175
1212 1219 63
1228 1268 4
1231 1263 261
1231 1261 50
1257 1266 193
1279 1288 239
1281 1297 7
1301 1322 212
1315 1347 208
1334 1351 136
1356 1379 151
1379 1427 134
1399 1428 142
1401 1403 47
1412 1449 40
1425 1438 180
1438 1445 207
1461 1505 264
1480 1521 205
1486 1487 163
1512 1553 299
