100
26 38 106
44 69 276
63 112 65
78 90 42
100 122 11
125 151 194
133 158 204
148 159 247
175 209 79
185 192 106
209 259 72
216 247 253
224 246 225
227 234 127
248 268 131
278 316 58
297 345 74
301 332 132
303 308 264
327 373 156
335 341 60
341 364 31
366 405 98
387 400 117
409 420 251
415 441 261
443 485 86
460 486 35
470 496 167
487 533 214
505 550 201
506 529 260
519 525 177
529 569 213
555 566 143
562 566 296
566 578 96
585 591 106
587 589 127
590 614 6
616 620 169
616 651 248
624 667 24
638 651 178
654 701 226
674 693 35
699 733 266
706 710 193
712 751 250
731 770 123
740 742 45
769 815 241
772 781 68
773 806 168
792 821 98
814 837 276
840 857 227
865 871 162
886 912 163
906 954 212
909 918 164
914 942 210
928 952 288
953 971 157
961 988 17
967 989 198
976 1010 139
1006 1048 44
1035 1064 21
1056 1096 127
1081 1102 122
1107 1122 25
1107 1121 133
1120 1139 8
1139 1187 97
1163 1209 79
1172 1203 98
1186 1229 147
1187 1237 164
1195 1227 90
1210 1226 272
1239 1261 110
1255 1280 36
1269 1310 165
1272 1273 125
1273 1298 239
1275 1297 154
1300 1323 69
1318 1367 275
1333 1351 265
1336 1372 119
1361 1377 128
1390 1427 207
1409 1414 215
1420 1449 18
1442 1481 157
1455 1467 72
1467 1507 132
1486 1514 140
1499 1530 30
