100
30 68 195
39 54 29
57 63 16
59 85 254
67 78 241
79 100 180
95 109 57
120 135 186
137 165 266
162 193 22
170 191 55
175 192 228
181 188 49
204 207 143
227 270 217
238 280 221
259 300 44
259 307 210
262 312 247
264 309 64
294 299 108
303 343 157
305 341 253
326 341 47
341 368 273
368 390 296
369 415 96
387 392 111
411 457 10
432 457 123
448 467 278
452 472 93
463 473 31
472 509 106
482 517 255
486 490 113
499 521 169
529 573 43
552 574 176
582 610 215
589 620 83
602 610 15
607 608 20
617 628 155
632 681 142
652 699 274
669 707 300
681 700 98
689 734 270
714 761 25
743 754 247
772 791 168
778 792 11
797 806 286
803 805 96
820 870 44
825 857 292
842 886 46
849 895 227
850 864 196
866 892 248
871 872 88
885 928 177
907 923 290
934 983 146
960 974 23
976 1002 163
991 1023 137
1016 1034 57
1020 1045 93
1043 1072 76
1054 1059 172
1083 1085 178
1097 1121 261
1125 1138 69
1133 1181 69
1143 1192 232
1152 1202 131
1165 1173 226
1195 1214 298
1209 1252 173
1209 1221 274
1232 1239 155
1257 1301 262
1282 1318 296
1306 1337 89
1309 1339 113
1324 1339 41
1338 1384 75
1367 1415 104
1392 1427 42
1398 1447 35
1417 1430 46
1421 1455 113
1430 1459 289
1447 1467 102
1476 1481 105
1505 1552 271
1524 1573 150
1529 1541 263
