100
10 50 264
25 42 96
37 73 161
51 78 25
81 103 188
89 109 60
91 133 271
92 96 199
116 165 291
135 164 104
147 154 257
169 184 267
175 206 5
197 203 39
214 248 107
221 243 108
247 265 16
267 296 204
296 316 154
317 356 19
346 359 198
359 379 54
378 410 218
389 424 165
416 437 267
424 453 110
450 475 82
451 457 273
461 488 173
465 495 22
474 503 196
495 511 145
497 513 226
522 552 252
544 581 292
548 584 102
549 574 83
559 574 299
580 591 200
588 619 54
599 609 300
611 653 179
635 664 40
659 699 221
677 706 292
703 730 247
703 750 89
713 729 249
740 786 222
754 782 22
771 797 139
775 823 48
778 789 167
787 802 197
816 860 119
830 842 238
855 863 72
877 908 133
880 887 230
910 954 31
938 947 81
959 1006 55
982 1007 202
1002 1044 203
1013 1029 88
1017 1033 204
1022 1042 81
1036 1060 195
1047 1079 206
1064 1091 236
1080 1122 147
1083 1118 181
1111 1145 130
1112 1161 246
1123 1140 168
1144 1191 3
1155 1190 266
1170 1216 67
1174 1212 253
1203 1248 143
1218 1268 46
1248 1268 16
1256 1275 202
1256 1306 35
1284 1295 229
1302 1351 135
1331 1340 295
1359 1370 55
1374 1390 127
1384 1418 179
1391 1405 53
1408 1418 119
1410 1441 188
1435 1464 90
1464 1480 135
1475 1510 72
1490 1528 17
1516 1561 219
1516 1539 210
1544 1584 234
