100
11 51 67
35 57 47
52 90 56
79 80 299
88 114 218
97 125 196
115 139 110
120 145 19
140 160 112
142 170 178
172 182 25
182 224 49
202 239 72
208 235 134
228 271 7
254 298 179
259 292 219
272 291 81
277 319 215
278 288 78
284 307 109
309 310 206
337 386 292
366 368 227
396 414 256
401 420 167
420 468 232
421 430 13
446 482 222
469 501 130
480 491 169
483 497 204
500 548 178
512 523 187
529 557 103
529 532 244
553 596 282
563 571 6
593 643 24
619 635 133
619 623 186
635 659 78
635 656 269
649 655 220
670 686 293
696 729 284
705 717 204
707 723 102
731 762 33
741 765 270
751 792 96
771 799 190
772 801 105
801 837 29
831 832 8
847 894 295
860 891 183
876 903 118
888 934 40
901 905 201
926 964 85
945 987 113
951 976 160
959 975 117
977 1016 32
986 1001 225
1015 1032 228
1025 1040 233
1040 1075 262
1057 1085 196
1059 1070 240
1065 1083 90
1070 1082 188
1078 1116 97
1100 1106 231
1117 1138 198
1128 1135 42
1151 1182 299
1178 1198 59
1181 1231 111
1184 1185 187
1186 1216 23
1206 1254 3
1214 1243 276
1234 1281 53
1250 1260 19
1258 1265 63
1270 1298 188
1274 1280 253
1278 1301 193
1285 1288 126
1299 1333 261
1319 1327 75
1341 1364 175
1368 1374 69
1375 1422 66
1380 1398 2
1390 1403 107
1403 1446 113
1424 1440 234
