100
2 5 122
21 59 196
23 71 103
24 59 273
42 59 67
50 77 264
50 87 47
67 94 126
68 117 271
93 97 157
110 128 189
115 161 18
128 168 229
128 159 62
130 154 128
135 156 81
150 162 201
171 180 159
191 199 50
204 226 265
229 263 45
242 272 143
271 301 159
284 307 202
289 312 221
291 303 77
318 353 263
334 372 119
358 391 248
359 390 78
373 408 22
403 427 182
407 434 170
437 442 236
457 480 24
485 515 261
492 520 25
518 555 270
525 574 256
529 543 78
547 587 299
563 574 269
572 617 110
593 635 271
603 621 281
605 648 40
622 629 222
648 675 200
648 679 41
665 669 116
687 712 128
713 731 199
738 762 25
739 775 18
767 782 20
784 812 199
804 822 153
808 839 13
816 846 75
825 830 292
838 859 238
852 877 152
855 885 199
869 905 31
869 908 6
884 887 56
888 924 104
905 955 239
923 928 178
941 973 8
965 1009 256
966 997 42
992 997 250
994 1004 200
1003 1006 276
1006 1014 283
1022 1070 113
1043 1044 288
1050 1061 95
1075 1112 140
1098 1116 88
1127 1146 44
1139 1158 189
1163 1166 257
1168 1213 222
1196 1228 56
1210 1254 93
1233 1243 77
1257 1284 242
1272 1289 233
1281 1295 241
1307 1356 45
1312 1352 159
1340 1352 235
1356 1370 111
1383 1388 169
1391 1393 115
1404 1426 141
1421 1460 37
1441 1491 141
