100
24 43 259
47 58 152
60 83 190
77 93 211
99 112 51
124 149 284
136 150 116
165 204 151
179 221 57
181 201 128
201 242 26
205 220 54
228 255 235
236 284 229
256 301 25
283 299 300
289 290 120
303 341 166
325 338 188
328 353 298
333 352 106
355 400 3
359 370 232
381 387 140
384 396 94
396 408 175
411 444 95
436 439 190
444 469 188
464 514 132
485 526 233
504 527 45
519 553 18
519 538 292
528 556 4
557 558 271
573 590 27
582 612 272
594 603 184
623 642 134
637 678 159
662 664 244
676 701 180
699 704 101
714 731 166
725 735 127
726 745 91
754 776 156
774 788 157
801 810 275
806 827 240
820 841 252
850 879 41
879 922 11
900 909 32
900 943 31
901 919 186
929 944 246
952 985 113
953 957 147
967 1006 239
987 1024 133
1009 1014 254
1024 1049 275
1033 1063 287
1051 1092 231
1078 1124 262
1089 1125 149
1112 1115 39
1124 1165 22
1140 1152 253
1168 1193 244
1184 1187 221
1212 1244 35
1226 1243 134
1254 1298 37
1265 1307 103
1279 1304 58
1301 1342 173
1311 1348 45
1335 1380 159
1348 1378 81
1353 1387 276
1377 1390 221
1383 1400 35
1401 1402 237
1421 1454 28
1446 1495 207
1457 1460 229
1460 1479 87
1465 1494 268
1468 1513 109
1492 1527 149
1505 1512 185
1532 1562 222
1538 1569 50
1557 1593 106
1576 1578 92
1589 1598 267
1614 1616 177
