100
9 28 289
30 38 261
54 86 218
59 102 100
81 102 88
84 121 170
113 121 81
135 141 84
160 210 68
163 177 298
183 193 232
185 228 251
194 223 240
224 230 105
247 295 94
247 259 198
247 279 3
249 290 268
265 310 152
289 338 220
295 299 195
305 343 256
330 333 23
335 373 128
359 406 261
384 391 2
408 418 52
410 411 219
418 423 264
437 449 192
439 459 69
456 499 18
473 484 94
502 538 18
516 561 77
544 592 276
554 590 280
577 615 283
593 640 182
604 649 19
629 635 136
632 642 109
660 688 131
663 697 270
693 736 245
699 725 132
712 759 10
725 754 24
748 751 228
760 788 116
762 790 281
762 811 197
772 794 108
787 795 128
802 807 24
803 831 107
805 841 215
817 843 52
836 876 47
859 863 124
868 911 23
869 902 9
874 895 174
879 908 35
895 896 225
898 900 89
906 909 67
933 973 173
944 972 276
955 983 182
980 1008 268
1005 1048 207
1015 1031 218
1036 1051 259
1058 1096 296
1071 1078 289
1082 1132 16
1109 1154 280
1128 1165 170
1131 1172 238
1151 1155 285
1172 1220 258
1192 1221 171
1212 1227 39
1229 1259 241
1238 1247 292
1245 1273 211
1258 1279 248
1283 1291 291
1312 1338 77
1316 1351 218
1340 1374 84
1369 1411 127
1379 1390 60
1405 1421 286
1422 1462 74
1436 1478 298
1457 1458 276
1466 1478 273
1479 1526 218
