100
29 63 208
42 60 176
47 50 5
73 91 127
95 138 151
103 138 247
126 165 67
145 184 253
163 199 96
178 213 162
188 192 213
218 221 233
227 270 186
239 270 2
246 279 145
252 291 200
254 257 9
279 307 255
287 314 107
310 353 285
322 368 72
342 379 297
352 382 116
359 374 234
386 428 95
401 432 129
417 450 192
439 486 227
441 457 292
468 515 50
469 503 145
483 485 180
512 541 27
513 552 157
529 572 259
541 556 166
570 572 247
584 626 275
606 634 138
606 609 171
623 629 152
641 688 293
653 695 190
677 687 112
684 717 184
708 721 169
734 737 270
740 750 154
762 803 124
784 832 239
793 798 146
804 826 135
813 860 103
837 880 76
866 904 230
882 911 296
907 921 183
930 964 73
956 963 89
981 1028 293
987 1024 271
995 999 6
1010 1033 126
1016 1044 184
1034 1046 15
1054 1080 193
1066 1116 172
1094 1137 218
1124 1143 293
1128 1146 40
1156 1176 23
1170 1208 291
1182 1189 123
1206 1255 86
1235 1245 127
1242 1292 230
1255 1299 133
1268 1300 296
1278 1300 49
1302 1325 229
1328 1344 121
1340 1376 115
1347 1381 26
1376 1403 22
1395 1426 45
1422 1443 89
1425 1442 56
1447 1465 132
1469 1509 14
1498 1526 171
1506 1518 214
1529 1545 3
1551 1552 278
1575 1614 11
1605 1645 263
1610 1618 159
1625 1636 250
1644 1653 247
1659 1661 75
1674 1696 127
