100
8 26 125
9 32 167
25 61 145
34 77 68
34 51 205
53 91 66
66 115 173
85 113 58
90 100 74
97 108 221
112 129 230
128 142 278
144 180 129
165 199 280
182 209 130
209 239 154
226 231 52
251 279 11
265 269 219
284 327 230
295 302 49
323 328 222
331 381 261
344 359 24
367 386 153
376 392 100
383 401 22
384 414 105
403 432 157
430 477 100
442 483 240
460 481 187
475 506 17
493 519 107
514 530 14
515 526 174
527 557 170
529 551 94
553 567 20
556 598 99
584 634 128
601 637 68
618 647 70
618 646 57
629 656 81
656 686 127
671 700 233
674 724 29
683 719 52
697 711 159
715 748 145
729 749 105
733 752 97
735 738 209
743 750 22
766 814 282
778 812 36
807 848 228
828 840 266
828 862 95
838 886 200
856 886 196
865 897 283
866 912 98
870 916 3
882 897 169
910 932 69
936 959 208
957 966 105
981 1022 152
1004 1033 217
1028 1046 52
1042 1082 62
1070 1078 235
1082 1083 175
1087 1112 106
1106 1108 68
1113 1138 279
1138 1149 232
1151 1191 67
1177 1178 44
1205 1232 99
1232 1257 270
1238 1248 294
1255 1268 297
1266 1298 18
1272 1322 289
1298 1304 14
1328 1344 32
1343 1375 212
1353 1395 55
1380 1417 89
1381 1417 97
1409 1424 227
1412 1413 277
1420 1425 203
1444 1483 23
1452 1488 221
1463 1485 14
1484 1487 223
