100
6 36 183
10 32 269
13 53 202
33 57 98
36 66 246
59 86 110
74 114 236
79 107 175
90 112 152
119 144 114
139 162 97
139 166 113
142 144 299
172 181 148
178 190 59
195 216 186
216 228 298
228 277 246
238 248 158
261 263 191
266 285 174
283 304 109
299 346 92
309 346 156
324 332 167
349 396 146
378 388 110
399 439 84
404 418 294
427 469 34
442 464 222
446 486 124
468 502 295
481 503 147
496 513 291
511 547 155
528 538 26
551 570 183
553 576 133
559 608 76
587 626 197
592 603 83
621 636 101
639 659 92
668 684 223
673 699 237
688 738 79
691 728 120
698 717 284
711 754 72
711 730 61
728 767 107
733 760 60
752 787 73
767 769 170
770 777 233
796 813 276
810 835 183
820 849 166
833 873 79
847 868 131
870 893 161
893 915 119
911 955 96
919 958 49
936 977 134
962 967 255
986 1001 246
986 1025 28
1002 1021 111
1002 1023 250
1002 1031 151
1026 1061 93
1045 1065 10
1049 1056 162
1074 1077 297
1094 1125 173
1116 1143 202
1138 1179 245
1150 1185 140
1163 1210 115
1181 1190 144
1182 1189 76
1183 1186 49
1192 1239 8
1213 1241 41
1227 1274 215
1227 1264 150
1229 1236 1
1245 1281 163
1272 1308 191
1272 1304 197
1281 1286 163
1290 1304 146
1291 1325 68
1310 1340 117
1317 1355 175
1319 1366 190
1319 1335 62
1328 1361 152
