100
1 12 142
12 55 110
13 56 233
31 38 161
48 88 14
56 85 83
82 124 175
87 113 182
102 116 53
116 161 163
129 144 27
145 191 273
172 216 130
186 213 196
202 226 2
202 247 259
219 249 56
221 245 129
229 233 10
232 266 142
240 263 94
240 265 60
251 268 178
267 281 60
274 281 44
283 293 52
313 360 98
319 362 296
331 339 41
354 374 45
355 375 158
383 384 275
400 445 11
417 462 142
420 443 83
447 468 178
475 488 131
502 538 37
505 514 152
525 575 129
536 555 244
545 587 59
556 582 262
563 587 170
591 597 275
591 603 90
616 639 126
631 672 288
644 659 199
653 694 255
674 710 21
687 700 30
709 756 73
709 713 198
718 761 99
745 784 206
750 770 289
763 771 32
785 818 86
809 848 163
822 868 5
824 847 197
836 879 273
855 892 38
869 919 204
895 929 3
905 930 79
929 940 14
942 968 142
947 976 99
956 970 22
980 993 145
980 982 52
983 992 118
985 995 288
1000 1002 287
1028 1042 68
1041 1063 78
1054 1104 137
1077 1117 246
1103 1137 268
1119 1121 138
1137 1148 127
1153 1157 142
1154 1193 183
1160 1192 107
1167 1185 67
1185 1219 119
1193 1214 268
1222 1234 265
1242 1244 187
1250 1290 8
1269 1286 150
1276 1277 195
1293 1333 92
1315 1327 41
1321 1346 212
1328 1330 70
1333 1334 199
1359 1369 150
