100
6 22 228
35 80 232
52 55 65
52 76 190
57 76 178
57 66 50
80 109 285
98 132 86
127 145 217
131 172 187
134 160 85
160 177 238
170 196 79
192 239 170
206 241 253
228 240 300
236 286 161
264 298 29
274 307 98
280 320 153
297 310 271
323 369 225
346 355 215
350 373 27
357 385 92
359 367 104
368 403 59
391 403 18
404 413 254
424 456 60
429 455 242
438 467 165
452 482 166
466 468 7
473 487 185
498 533 289
503 515 180
515 539 168
523 534 47
538 558 117
550 551 189
556 584 120
582 587 246
610 612 260
611 650 214
616 656 237
623 637 197
635 648 110
663 711 89
666 705 271
672 722 14
702 712 134
730 739 34
739 769 138
752 785 272
781 825 8
788 816 182
816 857 188
823 824 131
847 879 8
859 881 82
859 880 279
881 901 160
883 900 220
893 929 155
923 947 219
928 944 112
928 978 3
937 966 15
947 968 237
957 966 64
976 988 109
989 1012 125
1008 1056 111
1037 1086 40
1056 1090 45
1083 1100 23
1098 1131 230
1114 1133 83
1137 1168 170
1154 1160 135
1162 1181 43
1167 1206 98
1168 1200 189
1168 1187 11
1170 1196 24
1177 1209 57
1178 1186 265
1202 1245 125
1220 1230 257
1244 1285 73
1262 1308 33
1278 1289 51
1299 1339 142
1317 1326 138
1330 1337 248
1338 1384 82
1351 1375 201
1367 1414 42
1390 1406 108
