100
18 54 123
24 67 5
31 72 63
55 98 12
80 122 167
100 110 229
118 156 148
136 140 21
151 157 273
181 207 189
204 205 67
224 228 64
237 264 131
243 253 150
253 261 49
267 294 140
293 334 6
305 341 94
334 362 299
353 366 101
356 379 105
384 413 161
398 433 78
404 435 291
415 446 195
423 428 11
442 464 14
458 472 165
468 480 6
493 524 98
517 525 234
522 569 59
532 547 70
540 543 260
542 570 21
544 578 146
564 599 169
589 629 172
608 658 97
617 626 80
630 671 143
660 671 280
685 697 10
694 742 248
723 732 82
749 755 191
757 771 132
783 788 62
792 815 149
820 838 106
849 880 46
863 889 65
868 869 175
884 886 158
897 934 254
914 961 169
929 977 270
955 1004 24
959 1008 191
959 970 130
981 1007 62
1007 1050 9
1023 1043 162
1033 1051 140
1035 1056 130
1041 1066 161
1060 1085 230
1071 1076 130
1087 1122 10
1105 1140 237
1109 1140 227
1127 1147 57
1131 1172 189
1158 1166 115
1177 1198 298
1200 1201 33
1215 1264 171
1225 1272 45
1228 1256 210
1236 1273 155
1264 1268 120
1281 1305 246
1292 1339 95
1306 1336 224
1316 1338 147
1338 1355 52
1350 1395 271
1380 1409 93
1383 1427 300
1384 1431 133
1395 1408 38
1421 1454 271
1422 1458 48
1434 1465 20
1456 1491 143
1480 1498 114
1509 1534 216
1535 1584 26
1542 1578 153
1572 1580 142
