100
27 77 198
41 56 220
53 76 108
71 114 54
88 129 28
113 153 98
133 148 74
134 177 228
137 157 17
143 182 149
151 161 257
175 203 293
183 202 235
209 213 101
233 235 83
262 278 200
266 268 154
274 293 195
276 326 241
276 289 65
287 322 173
309 314 202
319 356 88
342 354 235
346 375 119
376 409 159
402 452 33
428 449 237
435 450 29
454 499 262
473 487 187
500 525 2
512 526 237
521 531 286
533 573 194
559 597 236
586 598 33
597 622 200
608 617 135
611 614 1
627 644 252
638 661 279
657 701 75
671 681 155
687 722 189
692 704 262
713 730 164
719 723 178
734 756 165
760 802 163
786 808 77
813 834 64
838 887 223
842 876 225
846 876 247
874 903 154
874 918 255
876 887 293
901 923 267
924 958 270
937 959 289
946 994 31
951 977 147
967 1016 27
994 1020 38
1010 1019 201
1016 1053 208
1044 1081 39
1046 1081 17
1072 1096 48
1095 1141 109
1104 1135 168
1104 1123 36
1107 1122 147
1107 1119 92
1125 1134 146
1146 1183 180
1150 1192 204
1162 1192 183
1176 1191 230
1191 1204 13
1204 1206 172
1226 1258 96
1237 1275 166
1259 1308 215
1272 1315 81
1297 1336 51
1313 1363 244
1315 1344 24
1329 1364 213
1345 1375 293
1354 1403 149
1380 1396 24
1386 1423 185
1411 1420 192
1421 1465 97
1436 1448 171
1442 1473 269
1454 1503 127
1478 1488 43
