100
13 59 15
38 43 47
38 49 157
51 78 245
61 101 225
72 106 16
101 141 202
130 169 279
135 164 91
164 183 61
182 190 37
211 256 35
235 260 207
245 256 120
257 277 249
280 293 21
282 288 172
309 339 134
324 345 91
346 350 162
346 356 28
375 421 61
403 418 278
416 429 87
444 466 64
465 485 214
483 504 121
483 500 23
512 539 35
536 584 67
545 556 238
566 594 260
590 619 11
596 612 178
617 649 213
625 663 285
630 664 3
632 665 227
644 670 247
656 675 231
668 678 262
681 715 282
703 742 17
709 755 258
718 723 261
723 739 203
735 785 185
743 782 131
759 763 83
762 765 185
764 805 252
793 815 288
796 800 95
825 843 64
833 841 26
851 854 146
859 907 57
889 930 138
893 940 244
898 926 31
922 962 236
949 993 19
950 964 247
961 990 213
982 995 103
994 1019 85
999 1003 138
1012 1018 223
1026 1063 25
1035 1046 154
1037 1078 249
1059 1083 113
1086 1100 266
1098 1133 155
1111 1146 178
1113 1161 48
1127 1166 125
1157 1169 83
1184 1212 129
1202 1237 268
1202 1214 239
1221 1267 158
1245 1249 3
1255 1301 16
1275 1316 42
1283 1300 244
1302 1337 259
1303 1326 129
1311 1343 226
1313 1347 35
1320 1350 193
1338 1367 43
1339 1343 281
1360 1368 190
1373 1380 6
1383 1388 167
1392 1406 69
1420 1467 60
1443 1461 213
1456 1487 284
