100
9 46 82
12 28 173
32 35 104
43 63 204
68 81 176
74 76 8
98 99 165
108 143 245
128 165 26
151 153 14
157 163 185
182 183 116
183 218 114
202 219 76
207 231 196
228 229 36
240 258 53
245 290 44
269 293 7
291 302 29
303 305 81
307 354 46
307 345 167
312 360 80
338 377 107
365 399 82
377 379 170
399 410 194
409 452 115
423 445 95
430 462 45
432 436 63
436 449 202
456 480 229
486 509 156
507 543 284
532 573 54
534 579 147
561 572 201
563 585 81
572 582 90
597 634 37
614 647 292
617 619 132
629 642 193
640 684 259
647 691 155
666 715 176
696 745 157
697 740 169
715 717 239
731 761 137
745 761 164
764 810 112
771 794 123
800 840 7
802 819 122
825 863 66
831 834 43
852 862 97
853 878 165
859 901 181
871 876 71
873 905 59
889 890 31
911 940 113
941 963 82
961 983 60
971 988 211
992 999 167
1019 1039 168
1026 1075 228
1032 1038 218
1041 1055 166
1062 1094 255
1086 1112 92
1102 1111 246
1104 1141 93
1117 1138 247
1138 1187 235
1143 1156 95
1155 1187 28
1160 1210 176
1169 1189 27
1192 1199 117
1210 1234 49
1236 1268 36
1251 1274 284
1258 1294 142
1274 1287 260
1301 1307 36
1331 1343 72
1346 1352 290
1348 1368 224
1375 1416 145
1405 1420 170
1410 1445 275
1419 1435 16
1444 1459 213
1461 1481 19
