100
5 53 48
16 25 10
40 60 96
46 85 61
68 117 189
97 109 170
113 153 164
120 123 237
120 148 41
142 160 139
148 192 96
165 175 17
188 190 120
213 218 39
239 265 180
248 249 250
262 307 40
280 293 244
288 295 116
297 303 277
298 337 34
327 328 60
333 352 186
347 360 58
357 406 28
377 387 15
379 384 49
404 427 85
422 469 128
423 436 17
424 429 53
426 471 142
429 460 38
443 479 223
448 488 23
458 497 68
486 488 144
492 541 163
522 531 216
545 574 77
552 570 284
565 605 108
595 621 37
596 602 263
614 664 191
640 659 162
662 698 41
680 724 140
695 729 121
725 768 4
744 764 185
754 773 54
780 801 249
791 798 52
811 847 29
831 867 138
858 892 243
874 883 71
899 901 195
921 960 239
926 948 82
932 962 82
944 982 111
970 984 45
994 1038 131
1003 1015 44
1019 1047 140
1026 1051 51
1029 1048 262
1056 1060 296
1074 1107 206
1080 1082 60
1110 1133 209
1110 1120 79
1123 1149 117
1149 1159 165
1157 1207 59
1170 1216 87
1189 1211 9
1192 1225 88
1207 1241 260
1207 1245 9
1210 1243 183
1221 1237 255
1239 1258 25
1242 1287 210
1262 1300 222
1278 1298 155
1307 1318 14
1328 1329 118
1358 1377 187
1385 1406 121
1392 1414 127
1402 1423 82
1421 1449 9
1435 1461 179
1436 1458 130
1446 1450 203
1447 1496 101
1447 1489 261
