100
29 61 39
29 68 226
59 76 44
73 90 201
78 117 266
94 109 261
100 116 30
120 129 47
141 143 168
171 202 148
189 209 135
197 224 44
225 234 46
234 249 253
246 285 198
254 260 106
272 300 37
302 318 118
302 312 32
330 331 161
340 373 144
345 376 241
355 359 125
355 397 142
380 383 253
381 418 113
387 428 247
392 398 106
410 451 288
428 464 175
439 464 113
466 471 238
479 526 289
509 520 49
524 527 146
538 576 298
567 592 68
581 597 82
600 627 103
612 646 53
631 642 175
652 670 10
660 675 87
687 695 25
709 732 150
715 744 7
715 723 35
723 743 287
744 785 219
770 780 162
783 791 244
796 811 185
814 846 259
827 856 140
831 852 221
853 880 70
871 883 240
874 879 14
897 931 233
906 936 230
917 958 182
929 962 213
959 978 141
980 995 184
988 1023 116
1013 1042 87
1035 1061 208
1051 1094 26
1057 1060 190
1085 1099 239
1110 1140 172
1136 1176 161
1164 1178 127
1172 1189 263
1190 1205 104
1193 1242 260
1200 1228 216
1229 1260 241
1241 1257 175
1250 1269 33
1257 1281 194
1276 1291 87
1294 1302 63
1311 1358 89
1341 1367 294
1344 1391 250
1372 1373 213
1386 1411 76
1414 1428 271
1416 1459 283
1444 1493 239
1470 1519 1
1499 1536 127
1528 1539 4
1552 1591 25
1560 1600 124
1585 1610 90
1613 1657 21
1642 1691 139
1646 1664 83
