100
2 41 250
9 57 235
36 77 177
46 59 216
68 74 42
71 118 214
83 103 225
101 148 198
110 123 100
126 140 281
139 158 6
143 167 231
166 175 285
185 187 125
204 225 95
234 282 109
262 305 114
289 301 228
302 327 199
311 352 198
326 327 51
352 371 264
361 376 69
377 410 118
388 419 31
407 437 209
425 470 255
454 460 241
469 514 219
472 506 91
481 486 286
495 543 269
495 509 215
507 516 150
533 574 113
555 586 205
562 577 127
571 572 134
596 645 82
613 649 92
625 632 270
653 666 271
656 683 223
665 682 270
680 690 133
690 729 157
718 741 105
747 755 241
752 770 105
757 758 95
774 803 216
803 853 187
824 853 299
848 869 86
872 913 5
887 904 261
911 916 56
937 977 223
967 1010 256
968 1010 103
971 988 9
999 1012 64
1000 1035 287
1010 1027 188
1028 1029 44
1035 1036 185
1041 1045 208
1059 1109 86
1074 1114 292
1085 1092 115
1100 1137 169
1110 1157 179
1139 1151 287
1157 1172 68
1162 1190 52
1184 1216 202
1184 1187 14
1194 1213 225
1197 1219 164
1224 1250 193
1226 1246 159
1247 1266 98
1261 1303 201
1261 1294 90
1281 1326 146
1293 1325 128
1294 1322 130
1311 1315 22
1311 1352 201
1315 1348 260
1325 1342 156
1336 1375 209
1342 1359 149
1346 1377 120
1349 1385 57
1365 1397 95
1390 1413 83
1419 1430 32
1445 1483 115
1466 1490 221
