100
24 56 46
50 73 296
70 83 37
94 116 90
124 148 290
153 171 137
176 224 23
179 191 300
200 236 120
223 271 34
231 269 229
248 262 296
269 289 50
292 341 246
315 333 35
343 389 290
370 374 35
400 441 126
402 448 76
409 423 244
430 467 108
453 463 78
469 471 9
491 499 256
514 561 217
544 575 270
561 585 105
587 605 261
615 635 263
637 655 235
650 684 245
668 670 160
672 690 278
702 730 147
705 717 139
725 728 58
729 777 25
737 768 235
754 793 243
764 765 109
781 831 91
791 821 130
801 851 67
820 861 274
849 890 281
857 874 232
862 899 228
867 890 204
897 916 6
927 975 294
933 982 106
955 997 27
977 1001 75
997 999 122
1022 1052 67
1035 1050 106
1045 1088 273
1063 1083 91
1073 1083 197
1102 1143 126
1109 1119 223
1134 1153 43
1152 1194 49
1178 1206 121
1188 1203 155
1201 1210 77
1213 1258 24
1237 1283 59
1260 1293 195
1288 1301 247
1317 1318 37
1336 1361 201
1344 1362 193
1352 1366 229
1352 1388 292
1358 1360 257
1365 1412 70
1392 1414 137
1420 1439 133
1426 1450 242
1445 1473 59
1462 1477 73
1469 1496 254
1483 1495 254
1511 1526 65
1528 1561 138
1530 1568 157
1560 1598 175
1578 1615 57
1587 1608 187
1607 1639 298
1637 1682 197
1638 1666 291
1651 1686 213
1658 1679 115
1688 1706 141
1717 1725 183
1728 1735 33
1733 1740 210
1735 1773 57
