100
22 39 53
39 63 256
66 89 57
95 107 268
95 127 63
123 125 265
126 160 271
146 173 128
153 194 157
180 182 137
200 227 82
218 243 81
243 255 120
265 295 261
268 305 182
280 287 194
298 342 207
318 344 44
342 352 146
371 389 244
387 405 297
405 447 144
423 438 231
434 460 181
462 500 244
475 520 240
490 514 297
507 541 95
508 558 212
531 575 189
555 556 20
558 603 62
571 585 120
597 619 269
620 668 234
636 675 206
642 665 208
642 653 111
651 699 72
670 683 20
696 716 29
702 710 249
703 712 140
715 731 197
743 787 146
749 793 229
761 780 299
786 802 222
807 812 107
833 857 202
847 883 277
849 863 265
874 895 256
881 907 44
892 914 74
913 962 292
923 972 240
931 972 91
947 986 260
957 958 6
957 982 233
967 997 193
975 984 4
992 1023 281
1014 1038 166
1039 1042 182
1047 1053 8
1048 1054 63
1065 1098 77
1066 1087 75
1093 1123 293
1109 1114 93
1132 1160 55
1137 1180 149
1143 1170 151
1144 1162 54
1152 1179 80
1157 1186 21
1171 1208 103
1179 1205 33
1198 1211 140
1218 1245 10
1225 1243 294
1241 1246 221
1248 1260 276
1273 1320 114
1299 1337 256
1329 1347 71
1339 1370 19
1345 1363 178
1351 1393 286
1352 1379 218
1363 1389 28
1376 1390 235
1406 1429 48
1422 1436 43
1427 1456 32
1433 1460 267
1435 1484 104
1439 1461 15
