100
11 58 257
35 38 1
65 115 216
77 123 245
101 113 105
106 121 245
107 117 66
127 141 248
130 169 120
139 157 198
160 195 185
186 210 194
207 252 33
217 240 194
227 228 118
232 276 2
258 261 11
271 284 287
301 303 188
324 339 115
335 352 196
355 369 295
356 389 66
381 394 119
399 426 26
412 421 101
416 463 24
443 480 297
459 503 270
484 490 105
496 498 51
504 537 50
534 571 74
562 569 250
567 588 30
595 597 289
606 624 137
629 641 241
654 698 82
684 703 191
713 746 236
713 715 57
718 730 179
731 777 76
746 790 256
748 796 164
765 779 65
794 795 215
819 827 114
821 825 230
851 890 167
858 864 246
886 924 155
902 947 129
931 957 227
939 953 81
947 963 204
953 974 159
959 994 19
983 997 19
989 1039 227
992 993 105
1000 1041 274
1029 1042 216
1048 1098 14
1066 1102 85
1085 1087 183
1110 1142 103
1118 1140 169
1142 1154 242
1171 1211 60
1184 1208 280
1198 1215 144
1203 1211 24
1208 1211 8
1215 1237 295
1215 1251 178
1216 1219 66
1246 1254 154
1251 1259 32
1255 1283 283
1279 1328 290
1308 1350 155
1310 1354 238
1325 1331 277
1351 1397 8
1358 1394 44
1372 1376 257
1394 1408 185
1394 1438 274
1413 1423 45
1432 1434 143
1438 1441 34
1446 1483 67
1468 1469 130
1484 1510 119
1505 1518 33
1515 1560 179
1542 1551 96
1564 1566 267
