100
24 56 34
32 43 180
47 65 9
76 118 123
88 109 44
94 128 294
102 121 178
105 119 281
125 165 21
148 176 50
177 201 267
185 193 164
201 208 211
212 242 140
238 280 115
263 274 174
291 299 158
299 336 263
322 348 265
341 381 112
347 395 59
373 399 214
385 432 39
403 442 106
424 437 28
447 463 49
451 475 241
481 507 243
492 531 140
510 521 225
510 549 46
540 578 46
561 569 177
590 627 270
620 669 254
638 676 3
655 669 191
660 707 125
672 691 45
694 728 53
708 739 78
715 722 253
727 750 69
751 752 55
751 797 65
753 777 198
782 826 190
795 797 74
799 842 226
828 836 92
829 860 138
848 890 222
862 904 183
883 901 108
891 930 90
902 922 210
919 929 257
930 946 261
945 950 223
958 982 27
959 965 227
960 970 280
964 969 4
983 1007 284
985 1022 163
1013 1014 68
1024 1050 220
1051 1059 293
1078 1108 232
1103 1133 162
1109 1132 142
1119 1158 72
1149 1184 229
1158 1194 221
1159 1181 297
1175 1185 182
1196 1208 49
1216 1236 189
1225 1227 79
1233 1249 127
1260 1282 78
1287 1299 125
1287 1294 220
1316 1350 292
1332 1376 243
1349 1378 249
1363 1410 57
1392 1403 290
1410 1445 105
1414 1460 25
1441 1472 276
1467 1502 155
1475 1517 3
1492 1524 39
1500 1523 155
1521 1531 138
1530 1542 192
1530 1549 123
1541 1578 102
1566 1593 180
