100
26 43 10
30 60 164
54 85 219
61 80 112
72 78 73
86 101 149
109 132 41
122 137 66
142 174 99
147 155 100
155 169 91
169 216 184
191 238 141
200 237 293
211 233 99
228 269 64
231 268 266
253 279 76
274 276 71
289 330 185
309 333 28
326 356 40
343 349 259
347 380 94
355 403 79
355 378 286
384 399 264
387 389 237
411 451 139
430 452 264
451 494 158
471 487 155
475 514 258
476 479 133
485 529 5
507 537 237
530 557 235
534 536 235
539 569 287
564 576 295
570 601 241
577 590 229
602 631 253
624 673 283
637 679 111
662 710 148
669 706 153
674 720 40
692 694 265
693 695 300
699 702 23
722 733 239
748 765 55
778 788 263
784 829 26
796 805 118
814 827 126
833 839 159
854 901 105
875 913 132
880 905 141
899 923 103
920 969 35
946 979 229
947 963 33
959 1005 178
970 1010 54
990 1022 51
995 1026 38
1010 1012 192
1030 1076 70
1050 1079 41
1053 1103 31
1056 1104 299
1082 1116 76
1093 1128 109
1119 1144 83
1135 1159 135
1141 1182 163
1152 1162 140
1180 1207 126
1196 1233 105
1201 1214 135
1228 1246 113
1247 1250 198
1277 1319 236
1301 1350 181
1311 1328 78
1337 1349 130
1343 1362 120
1357 1398 201
1374 1398 152
1381 1389 7
1397 1419 285
1409 1445 38
1418 1425 192
1440 1474 195
1452 1482 13
1455 1458 295
1458 1489 223
