100
11 51 207
32 57 71
51 78 219
75 105 287
92 113 43
97 123 248
117 129 225
124 125 111
132 139 152
161 183 287
170 195 231
197 228 80
202 249 67
206 220 29
233 239 129
253 267 251
273 274 84
284 304 231
307 352 226
331 380 169
353 371 295
364 386 231
393 404 78
399 422 279
403 421 3
420 470 189
440 462 228
458 467 163
470 492 210
496 519 39
503 511 261
532 580 70
540 578 78
565 585 155
594 640 131
598 619 151
601 647 124
614 623 60
635 655 297
638 671 154
638 665 199
668 701 94
674 711 230
684 716 218
686 724 220
704 748 164
724 730 261
753 786 24
779 828 83
807 809 41
828 866 259
844 861 269
858 877 111
865 904 24
887 937 113
901 902 51
908 921 237
922 953 214
947 950 203
957 980 8
967 1000 3
977 1006 150
1001 1004 71
1002 1008 261
1012 1040 283
1040 1069 179
1043 1065 141
1060 1105 119
1077 1084 182
1104 1150 131
1120 1157 296
1135 1141 140
1152 1163 179
1177 1220 138
1201 1205 123
1206 1246 47
1231 1274 236
1242 1280 110
1257 1261 193
1280 1306 282
1287 1322 116
1305 1327 287
1335 1378 271
1342 1365 160
1345 1376 14
1356 1385 210
1372 1378 29
1379 1409 158
1398 1399 18
1405 1434 7
1414 1459 27
1414 1464 181
1437 1442 14
1464 1483 246
1481 1508 274
1502 1523 54
1514 1536 204
1518 1529 140
1518 1560 292
1531 1563 103
