100
19 50 292
20 55 53
21 69 109
21 27 226
42 85 281
62 69 167
82 127 147
101 147 187
107 136 189
120 150 162
124 138 73
145 163 102
162 195 223
181 184 41
206 238 125
220 241 42
227 228 207
244 269 59
257 286 40
257 290 108
264 280 245
270 300 258
291 320 43
310 321 234
315 348 247
332 362 252
351 352 297
374 381 71
378 413 299
395 417 200
403 451 75
427 473 101
438 462 126
449 484 181
474 479 136
484 517 247
485 514 7
504 540 235
526 563 226
552 592 104
563 577 220
582 594 102
592 622 119
619 658 287
642 689 236
649 695 36
661 677 213
681 684 289
702 749 269
725 767 114
736 777 151
758 805 69
773 799 275
800 828 289
801 814 13
827 857 239
844 884 260
850 882 261
876 915 85
885 923 66
898 906 245
903 937 36
908 948 56
924 957 11
944 958 108
955 982 7
966 996 252
981 991 246
1006 1010 76
1017 1034 241
1021 1048 288
1044 1054 249
1057 1088 261
1075 1090 38
1090 1091 148
1112 1155 152
1142 1171 13
1151 1180 146
1156 1165 79
1184 1219 51
1205 1215 288
1205 1223 199
1229 1241 234
1254 1286 296
1282 1302 123
1310 1356 100
1315 1347 33
1320 1331 91
1349 1357 180
1374 1424 69
1402 1428 39
1432 1462 260
1445 1466 185
1445 1485 64
1459 1480 140
1464 1479 209
1478 1527 73
1482 1507 11
1494 1523 27
1521 1549 81
