100
0 24 253
13 29 211
25 37 209
43 86 1
60 89 125
68 70 275
92 99 167
98 126 219
122 128 117
127 140 175
134 158 298
150 170 85
177 216 10
195 199 68
214 244 207
232 260 252
252 302 125
280 322 162
304 307 69
329 377 244
338 379 276
338 373 144
352 393 279
380 421 166
403 426 183
412 444 111
430 471 15
452 471 214
468 482 63
469 494 71
498 505 227
506 509 99
517 542 143
532 539 17
561 604 1
566 580 190
577 619 225
598 614 236
613 647 81
635 673 19
649 694 105
668 681 262
683 710 142
692 705 222
693 721 46
718 719 63
726 738 136
753 760 255
765 798 157
795 808 99
823 850 66
850 870 210
862 870 86
879 886 289
903 941 283
904 949 173
928 941 67
952 974 200
973 980 131
985 1009 263
1009 1044 126
1036 1058 169
1048 1055 143
1060 1064 94
1064 1105 142
1066 1115 40
1079 1122 29
1098 1106 284
1101 1143 205
1130 1153 222
1150 1190 268
1174 1177 213
1182 1213 105
1182 1223 4
1208 1214 129
1215 1217 131
1222 1265 187
1224 1260 25
1226 1248 45
1226 1244 156
1251 1273 189
1254 1294 52
1256 1294 10
1272 1322 161
1280 1309 162
1283 1331 212
1299 1325 105
1328 1370 229
1342 1392 269
1357 1374 174
1380 1423 292
1399 1400 277
1402 1441 106
1426 1456 284
1452 1481 271
1454 1455 182
1461 1467 262
1487 1491 250
1496 1513 125
1505 1555 109
