100
8 56 228
10 23 162
21 29 10
41 82 113
53 91 291
73 117 270
98 148 265
108 142 256
125 141 203
144 152 145
169 174 245
177 181 111
195 216 273
196 228 140
212 213 87
222 259 232
228 239 274
251 284 73
276 291 16
306 320 8
322 347 72
348 384 240
363 369 239
386 416 197
391 418 299
411 457 253
441 477 133
451 453 100
451 452 22
451 474 234
480 507 30
504 544 283
530 540 199
556 601 71
580 583 34
602 648 120
605 643 99
629 649 154
649 693 104
662 690 280
664 670 15
688 732 240
706 726 17
724 746 164
727 757 11
747 781 134
754 760 244
776 812 293
800 849 49
816 858 283
838 855 96
863 883 110
891 911 132
915 925 106
943 968 216
949 990 56
956 997 206
968 988 180
983 1023 23
1006 1054 151
1033 1074 84
1041 1051 114
1059 1089 88
1084 1103 245
1105 1141 57
1108 1147 258
1112 1160 177
1115 1148 1
1119 1130 91
1133 1153 277
1137 1161 109
1155 1174 282
1167 1188 30
1179 1219 193
1180 1191 225
1208 1219 146
1220 1263 127
1225 1274 177
1253 1293 33
1262 1285 281
1280 1316 187
1296 1301 75
1316 1325 221
1335 1373 127
1357 1370 4
1377 1407 227
1405 1416 206
1435 1471 145
1451 1484 29
1471 1501 78
1485 1490 78
1492 1512 295
1520 1530 92
1540 1548 20
1553 1571 87
1566 1582 169
1587 1621 278
1596 1645 292
1599 1632 289
1603 1648 124
