100
0 23 100
9 15 111
12 42 103
33 71 111
35 39 258
60 85 92
87 89 235
108 111 69
111 140 149
127 142 19
132 162 16
140 165 88
160 163 157
160 208 62
177 193 46
178 213 288
197 218 90
220 249 19
229 271 293
236 261 90
263 268 298
272 283 108
276 301 115
304 332 138
321 348 147
334 373 265
348 369 243
352 376 89
358 366 280
363 383 162
387 427 132
409 450 219
423 458 275
443 448 42
459 484 107
485 523 269
503 521 232
518 541 61
532 577 50
535 540 103
561 579 256
566 574 2
586 603 56
589 611 240
592 619 5
605 611 72
613 638 185
629 636 231
639 673 229
654 657 244
684 728 117
690 718 78
696 706 32
710 725 172
732 765 231
737 755 63
748 771 36
760 770 178
778 825 184
796 846 141
800 837 141
815 835 233
818 840 81
823 846 28
852 895 170
877 895 280
890 936 136
891 918 274
907 923 5
922 935 175
927 947 104
944 953 144
959 960 53
973 983 259
983 999 103
996 997 14
1016 1033 29
1042 1051 114
1043 1054 24
1070 1071 192
1092 1103 129
1111 1158 164
1112 1137 62
1142 1183 270
1170 1191 299
1171 1197 270
1198 1203 21
1218 1251 298
1220 1242 64
1229 1273 211
1240 1261 124
1260 1303 48
1265 1314 259
1287 1288 175
1316 1358 64
1332 1336 249
1360 1364 43
1360 1375 222
1372 1386 88
1391 1416 123
