100
6 20 145
14 64 111
17 42 228
36 44 250
37 68 262
58 104 64
61 105 282
72 94 245
99 145 267
129 154 250
155 162 140
155 194 266
162 174 126
167 173 242
180 206 5
182 187 245
186 219 100
187 232 250
212 239 71
238 277 142
252 262 275
256 285 48
274 313 212
302 335 105
325 329 261
351 394 139
364 365 134
374 400 74
375 405 140
384 401 194
405 446 202
435 440 274
462 504 36
469 497 128
493 519 24
507 557 43
534 556 34
534 549 290
553 566 221
576 617 181
593 606 281
598 638 277
626 643 8
641 690 40
671 679 249
672 673 172
685 710 26
686 735 109
688 712 47
699 740 210
705 715 293
727 736 284
737 764 179
740 779 190
770 790 170
796 831 270
826 833 9
842 850 286
865 872 256
877 901 96
905 940 117
932 971 185
939 951 115
954 971 54
978 991 69
982 1022 26
989 1002 159
1019 1065 273
1031 1043 189
1059 1099 272
1082 1097 136
1108 1119 125
1116 1149 185
1119 1140 296
1145 1157 297
1149 1199 37
1164 1175 33
1178 1221 3
1199 1229 23
1226 1230 88
1251 1294 12
1262 1303 40
1279 1304 175
1280 1307 83
1281 1284 124
1306 1310 202
1320 1360 122
1329 1344 242
1344 1348 163
1367 1400 22
1382 1405 69
1403 1405 165
1429 1456 44
1440 1456 55
1462 1501 295
1466 1467 297
1485 1496 261
1501 1508 136
1527 1528 248
1553 1590 107
