100
12 35 79
27 28 250
33 73 113
36 82 102
58 62 43
79 91 115
81 100 141
90 111 67
117 128 18
136 186 207
149 166 254
167 207 180
193 234 101
222 264 229
239 267 201
242 268 264
269 317 267
275 276 11
283 325 79
285 317 272
293 306 156
323 324 122
337 341 36
367 393 80
371 398 34
388 429 4
407 444 115
428 477 184
448 456 253
463 490 148
469 502 283
492 522 173
514 522 147
543 591 130
543 547 115
573 619 91
578 584 64
588 595 132
613 652 66
621 638 189
646 675 253
657 658 194
681 713 252
689 737 8
704 740 18
727 768 189
738 739 21
755 798 90
761 787 32
784 787 271
794 836 44
802 807 172
813 831 130
831 880 197
851 892 220
859 881 177
881 901 259
884 934 47
906 954 70
916 936 75
924 925 280
933 942 240
959 1002 160
976 1013 241
976 1013 57
1005 1026 93
1013 1043 109
1035 1066 208
1044 1046 254
1062 1108 53
1080 1101 169
1093 1118 6
1094 1113 155
1121 1128 272
1146 1160 87
1168 1195 218
1192 1202 45
1209 1213 17
1209 1234 88
1231 1247 271
1236 1239 294
1258 1260 224
1261 1287 248
1275 1298 104
1286 1335 254
1290 1306 263
1294 1316 225
1300 1316 187
1301 1336 169
1327 1372 61
1340 1382 182
1343 1371 193
1345 1390 37
1373 1412 126
1397 1420 255
1399 1439 226
1411 1436 210
1441 1473 258
1446 1458 59
1457 1470 267
