100
15 16 276
26 63 191
41 45 265
58 94 6
87 93 56
95 122 146
104 141 196
114 144 206
129 156 298
145 165 168
146 178 261
176 210 79
182 208 147
203 236 287
226 239 85
243 264 36
271 275 192
279 322 178
295 323 13
312 321 105
326 358 181
332 360 16
362 399 31
392 413 61
399 411 258
426 438 89
445 446 221
451 477 70
477 485 5
480 522 50
505 551 119
535 570 129
550 599 218
553 577 198
562 589 97
586 603 242
586 627 216
607 616 116
610 632 299
611 661 68
621 657 20
643 684 297
645 657 283
664 668 221
680 681 269
686 711 197
704 748 259
708 734 12
708 739 46
717 761 263
738 748 21
739 752 103
744 784 293
745 764 72
765 797 84
777 824 293
802 827 29
808 812 261
836 849 156
857 883 274
860 887 227
867 878 77
875 909 76
890 939 38
919 955 99
939 971 151
950 957 75
972 999 154
1001 1006 165
1013 1021 293
1028 1070 142
1029 1050 84
1048 1058 108
1065 1090 295
1083 1092 105
1105 1112 25
1109 1138 77
1118 1149 38
1131 1133 295
1140 1152 28
1158 1178 208
1177 1180 89
1183 1207 235
1211 1227 260
1218 1252 89
1240 1279 198
1258 1262 12
1278 1319 255
1290 1311 242
1290 1311 127
1318 1324 38
1329 1333 66
1359 1391 68
1360 1399 210
1383 1386 47
1386 1420 100
1395 1421 58
1408 1453 152
1425 1442 21
1441 1474 3
