100
30 74 235
51 61 210
52 76 171
71 77 38
74 105 242
78 79 283
92 100 191
108 123 1
121 157 232
132 176 113
145 174 99
174 216 151
186 224 76
197 241 118
198 201 122
222 239 227
222 267 259
236 279 72
256 291 203
274 296 274
290 338 131
299 332 144
315 332 262
321 359 182
342 362 146
346 377 181
374 376 229
380 394 20
391 429 283
404 444 245
406 431 233
413 434 217
422 445 106
422 454 177
432 436 180
445 448 132
457 504 206
462 503 19
491 494 179
513 554 225
525 568 183
546 581 220
550 551 296
579 582 299
601 628 138
622 647 58
651 687 261
680 683 297
683 705 39
685 722 60
689 714 127
703 713 129
731 742 125
736 775 32
747 783 297
748 777 194
766 768 125
773 790 237
795 837 298
795 830 135
821 862 82
827 868 236
837 864 92
846 864 259
866 908 122
867 881 253
889 924 177
900 941 61
920 955 24
942 981 108
960 962 203
975 982 131
1001 1018 133
1001 1031 16
1011 1054 277
1018 1034 142
1039 1061 25
1068 1111 245
1091 1118 113
1097 1115 176
1122 1129 168
1134 1176 35
1141 1145 217
1161 1205 266
1175 1183 50
1188 1235 204
1216 1258 20
1229 1252 120
1251 1280 164
1272 1274 48
1299 1332 94
1320 1359 90
1325 1368 268
1328 1354 163
1341 1352 170
1343 1351 238
1350 1400 246
1368 1371 249
1373 1413 94
1382 1430 198
