100
10 20 31
19 38 124
43 48 98
57 90 9
71 99 220
95 108 253
111 126 9
133 177 262
146 168 15
171 199 265
188 199 275
194 217 63
203 237 146
212 240 25
235 237 33
265 310 237
266 295 291
292 321 82
313 340 81
325 340 124
332 340 148
345 376 188
347 353 18
360 371 243
375 391 142
378 403 213
379 409 219
379 421 2
384 405 237
384 413 4
407 452 81
421 451 47
437 481 17
446 459 269
455 495 86
461 506 97
483 508 24
494 542 22
517 543 266
537 551 56
550 580 140
574 622 19
576 608 243
585 592 253
610 611 229
612 622 13
638 662 20
641 668 244
644 646 80
645 684 20
647 665 19
674 694 177
693 720 261
705 744 120
721 764 42
728 741 154
745 772 33
749 753 152
773 779 277
783 784 242
805 839 289
832 872 84
842 850 293
868 905 119
879 926 67
886 898 262
907 956 221
926 965 207
929 963 72
956 990 66
984 1008 238
998 1031 221
1002 1036 98
1029 1040 231
1057 1058 234
1065 1088 216
1076 1085 132
1100 1110 85
1130 1167 153
1142 1173 134
1170 1183 192
1182 1201 238
1201 1247 168
1215 1253 255
1223 1253 297
1233 1277 236
1241 1247 162
1264 1308 198
1275 1315 48
1295 1338 134
1301 1349 177
1317 1330 121
1345 1388 26
1371 1390 135
1399 1419 276
1410 1460 253
1430 1478 5
1456 1457 97
1465 1510 262
1478 1500 24
