100
6 44 164
9 17 146
10 26 2
29 63 238
34 68 277
34 61 215
44 69 140
70 98 274
93 137 103
118 161 152
148 156 269
177 211 89
186 187 152
187 205 2
196 198 51
211 232 205
227 230 139
240 245 194
249 250 189
276 315 161
290 331 112
292 295 171
316 330 298
337 342 172
352 359 49
359 397 123
387 410 213
416 458 45
430 442 281
440 446 254
466 498 164
475 478 251
501 548 165
505 535 56
520 524 91
525 534 203
546 586 136
547 579 159
557 578 51
557 588 137
564 597 101
577 613 181
606 643 236
610 621 15
623 650 267
651 680 65
666 712 119
696 720 179
712 762 141
735 769 293
759 783 148
781 824 21
793 807 146
795 838 163
825 841 131
830 877 259
854 863 137
868 869 146
881 909 57
901 925 284
924 927 139
930 950 236
942 975 55
962 995 14
992 1010 178
1008 1055 168
1033 1049 280
1051 1088 65
1057 1103 244
1069 1073 6
1078 1126 266
1078 1079 213
1092 1110 40
1100 1134 293
1112 1142 11
1130 1168 163
1151 1160 159
1164 1212 47
1175 1206 150
1183 1233 124
1200 1243 238
1209 1223 2
1226 1230 158
1228 1234 149
1237 1271 68
1243 1292 186
1271 1273 154
1297 1335 264
1298 1329 196
1324 1374 115
1343 1383 173
1370 1384 275
1388 1420 11
1408 1443 144
1425 1453 103
1436 1461 211
1438 1459 140
1438 1480 43
1447 1450 137
1458 1483 204
