100
10 16 2
30 32 184
36 73 235
40 45 177
64 92 149
79 129 43
109 135 210
125 126 190
150 155 227
165 196 226
182 220 267
203 247 204
224 240 134
231 258 115
252 256 138
256 278 285
272 288 39
273 275 234
280 282 36
297 325 25
298 302 24
299 323 53
329 376 147
339 347 20
341 374 213
359 407 107
381 404 89
388 406 52
402 416 182
408 437 71
425 451 229
428 474 201
436 438 124
437 449 171
467 502 264
483 525 11
497 502 41
498 523 202
509 510 12
538 543 10
557 583 61
582 603 123
589 618 278
618 633 106
632 649 19
656 659 277
665 712 96
672 713 231
683 726 67
698 705 76
713 725 214
716 718 110
743 765 117
753 803 46
753 797 51
770 781 122
796 823 274
812 862 96
829 862 218
845 847 198
873 895 179
896 928 56
903 931 282
928 965 81
939 956 123
952 984 39
970 988 287
992 1025 29
992 1018 34
1021 1037 110
1046 1077 141
1051 1082 215
1080 1098 155
1107 1135 21
1113 1131 243
1131 1174 300
1145 1158 153
1147 1192 117
1174 1194 178
1195 1242 4
1211 1218 30
1218 1229 106
1224 1273 37
1224 1247 228
1230 1268 251
1236 1244 86
1265 1271 244
1279 1287 200
1309 1334 222
1309 1339 254
1327 1362 198
1341 1355 42
1346 1358 104
1359 1363 169
1366 1370 11
1393 1395 130
1420 1452 222
1440 1472 60
1469 1478 54
1492 1496 136
