100
16 55 41
19 58 1
38 43 9
47 78 266
54 73 113
61 79 281
67 110 206
72 104 218
80 88 224
82 100 111
108 140 235
119 157 76
134 135 19
153 193 65
162 185 54
168 217 109
196 229 258
207 218 43
221 246 113
243 244 13
271 286 153
273 315 32
298 346 222
318 341 90
326 362 65
331 337 96
351 352 207
380 411 177
397 415 6
402 438 190
427 475 46
432 446 143
439 463 176
463 477 245
490 531 265
508 555 202
512 527 218
533 567 223
534 571 70
544 585 38
545 577 244
566 574 23
587 589 103
611 618 208
634 645 37
653 671 85
671 707 2
695 706 58
714 755 225
726 773 296
752 760 270
764 779 284
780 817 96
800 825 150
805 839 181
809 835 246
839 880 100
861 896 283
863 868 56
891 934 98
903 915 158
914 961 128
915 956 182
937 939 19
952 998 42
969 994 11
989 1032 250
999 1041 72
1021 1070 123
1049 1075 41
1075 1094 69
1103 1109 289
1130 1171 137
1155 1184 22
1180 1202 156
1194 1231 161
1217 1234 265
1228 1237 212
1250 1285 24
1266 1276 113
1280 1304 142
1283 1328 126
1311 1328 76
1325 1330 157
1345 1363 196
1366 1396 283
1377 1416 201
1400 1439 80
1427 1476 192
1447 1489 234
1448 1485 71
1457 1504 272
1459 1472 164
1480 1527 291
1502 1527 260
1530 1553 175
1545 1550 25
1557 1593 198
1566 1604 28
1592 1621 116
