100
27 70 21
35 50 136
48 65 248
71 83 11
79 99 198
87 120 95
117 120 66
133 143 266
149 197 28
153 195 248
163 201 254
190 238 220
199 218 225
207 211 107
228 247 27
248 270 38
278 289 228
278 281 268
281 287 103
296 340 53
308 338 271
310 345 209
326 361 152
334 358 271
354 402 25
371 397 159
391 439 248
398 438 236
401 441 140
408 453 196
417 428 194
438 480 75
468 495 246
485 534 4
509 558 130
519 551 259
542 556 7
545 572 121
551 587 212
577 602 45
578 599 28
603 644 216
630 669 289
631 653 241
633 664 222
646 658 171
649 650 24
676 703 100
687 693 8
695 720 216
710 724 275
730 754 162
736 740 29
749 765 271
775 813 18
794 817 191
802 828 272
832 867 43
856 866 46
875 908 202
895 922 165
925 926 80
950 962 95
950 963 91
975 983 208
980 1024 58
989 1036 64
1015 1052 68
1043 1085 156
1046 1093 198
1054 1078 25
1072 1099 168
1085 1107 66
1103 1118 169
1127 1144 219
1131 1152 240
1137 1153 175
1143 1181 59
1145 1174 36
1151 1178 152
1178 1192 142
1179 1207 255
1198 1199 113
1199 1239 150
1215 1239 298
1220 1243 162
1248 1280 194
1267 1287 90
1287 1325 245
1287 1327 152
1294 1300 249
1301 1321 35
1323 1361 7
1350 1379 135
1359 1395 167
1362 1382 300
1377 1392 142
1401 1431 269
1428 1446 119
1442 1452 278
