100
29 59 26
55 86 236
78 105 121
103 138 265
108 153 234
121 136 112
128 133 249
131 134 235
144 147 206
147 182 296
176 177 111
202 243 44
222 227 291
233 279 11
253 264 113
254 280 243
254 291 129
282 322 243
292 316 244
318 327 294
340 379 158
357 399 228
371 390 275
371 398 175
387 417 129
388 420 226
405 443 244
423 468 29
435 485 27
447 457 70
447 474 49
471 491 3
493 494 269
507 528 295
525 536 142
542 549 233
563 607 205
593 612 114
607 634 1
636 661 279
647 659 173
668 686 3
668 718 84
684 706 171
690 737 85
702 744 103
709 718 32
723 762 204
724 759 104
753 782 237
754 773 49
761 781 248
767 801 144
792 803 300
805 848 20
808 850 118
834 862 106
848 854 144
853 879 126
872 919 235
874 876 288
894 940 205
895 922 144
896 945 164
915 945 200
936 958 274
956 995 28
981 1021 62
981 985 4
991 1016 39
1001 1012 5
1017 1055 195
1023 1032 69
1046 1074 51
1071 1107 153
1077 1094 88
1097 1130 94
1107 1143 187
1111 1145 4
1115 1121 188
1123 1171 110
1148 1186 276
1164 1184 232
1183 1218 252
1202 1228 270
1231 1241 14
1236 1249 52
1258 1263 69
1287 1306 24
1299 1345 249
1325 1344 174
1344 1352 110
1369 1411 273
1396 1416 256
1413 1432 252
1430 1465 77
1435 1460 220
1454 1496 148
1473 1512 41
1474 1497 255
