100
28 48 199
49 62 209
62 73 7
92 94 139
119 130 49
121 131 77
133 141 172
152 171 59
181 215 285
189 215 56
214 246 185
225 240 188
242 255 46
262 285 111
289 338 182
309 319 291
320 336 132
339 359 240
350 380 252
361 393 1
368 410 126
384 414 13
394 431 4
401 449 194
418 425 33
425 426 85
432 464 223
460 476 73
467 474 179
484 522 166
484 492 268
484 486 236
488 497 197
493 495 94
499 531 101
526 576 178
544 574 166
562 565 258
589 607 208
596 634 208
618 642 127
623 626 280
641 656 15
666 709 145
691 739 73
704 712 73
727 754 202
743 763 256
760 766 96
784 831 241
808 809 108
832 835 156
833 857 228
836 864 198
854 896 175
870 918 187
899 934 68
928 969 107
947 987 61
965 976 74
990 1007 228
1013 1050 175
1038 1072 132
1054 1062 250
1055 1088 263
1082 1116 152
1101 1138 145
1116 1144 177
1132 1134 175
1139 1172 271
1165 1193 291
1180 1213 258
1208 1237 238
1238 1253 147
1242 1271 135
1243 1249 156
1272 1316 263
1297 1315 120
1302 1335 273
1329 1359 110
1351 1357 273
1370 1390 264
1390 1395 72
1398 1422 287
1416 1438 223
1426 1472 131
1450 1456 122
1470 1503 112
1499 1510 293
1529 1574 174
1552 1569 178
1559 1571 132
1586 1617 223
1601 1647 49
1617 1651 39
1626 1640 297
1631 1670 207
1646 1685 210
1662 1663 116
1669 1713 197
