100
23 73 163
35 62 17
47 94 217
56 61 79
57 74 169
74 86 60
102 145 70
116 162 270
117 134 37
117 146 9
118 123 157
135 169 18
143 180 224
160 161 98
175 213 247
179 205 157
185 233 84
201 203 132
230 239 245
247 261 132
276 318 238
277 305 158
302 338 53
306 349 237
336 385 200
352 354 62
359 381 147
384 391 156
399 444 91
412 455 30
425 440 240
431 448 168
460 501 289
471 516 295
481 530 22
485 500 182
485 487 109
509 549 268
518 557 157
542 576 217
548 549 204
569 578 82
594 638 287
594 637 148
615 629 23
623 672 174
643 673 79
665 711 97
671 693 112
691 692 258
705 732 248
705 752 113
731 765 60
753 799 143
770 799 75
773 774 262
786 834 63
791 810 99
818 853 285
819 861 141
821 849 149
831 844 125
859 888 165
880 885 90
906 942 71
920 924 87
923 968 86
928 967 277
949 975 213
964 988 18
985 1032 248
1004 1038 28
1017 1044 104
1031 1034 1
1031 1035 37
1041 1055 4
1062 1091 194
1078 1104 292
1097 1134 203
1098 1103 285
1107 1157 199
1120 1145 216
1122 1158 40
1129 1165 162
1138 1170 289
1154 1174 6
1158 1200 197
1186 1208 91
1209 1249 291
1226 1271 296
1243 1248 276
1259 1272 246
1272 1313 193
1290 1325 208
1309 1337 130
1313 1360 84
1336 1341 266
1363 1389 265
1385 1420 218
1413 1426 227
