100
15 26 147
42 52 43
43 47 175
59 107 96
71 104 182
92 122 15
119 120 142
120 121 174
146 174 58
149 184 263
149 162 145
151 162 182
170 191 189
172 204 227
177 207 200
177 191 105
197 211 283
199 229 188
203 236 106
206 256 278
206 224 210
230 235 137
231 250 62
257 302 13
275 307 113
302 313 198
310 332 191
311 317 61
323 362 179
343 378 89
353 368 288
372 386 39
392 402 190
397 419 178
420 456 104
438 448 173
444 472 228
466 487 229
490 530 172
519 543 249
549 599 291
561 593 98
588 632 106
608 635 39
615 618 139
633 655 19
660 675 12
664 700 44
692 728 176
704 751 86
731 735 19
733 778 5
746 790 279
763 806 270
784 806 74
791 818 208
793 831 246
820 835 256
828 872 235
840 860 34
852 858 96
860 864 278
880 903 193
897 917 31
919 947 245
937 942 21
963 972 25
978 1009 220
983 1002 108
996 1029 6
1011 1056 191
1019 1068 150
1029 1055 215
1047 1087 5
1051 1055 138
1055 1066 126
1073 1084 131
1083 1106 274
1084 1092 57
1100 1109 3
1120 1153 239
1143 1153 67
1151 1196 212
1166 1167 114
1170 1208 225
1175 1211 212
1190 1229 191
1194 1229 263
1221 1225 96
1232 1250 181
1238 1242 244
1241 1248 33
1271 1310 103
1281 1284 55
1283 1315 138
1299 1324 103
1323 1324 144
1349 1390 88
1375 1396 188
1398 1440 57
