100
23 25 299
52 83 123
76 116 8
88 96 106
106 152 188
111 160 88
123 161 46
147 183 180
159 209 31
170 203 192
175 225 189
199 207 191
229 267 237
233 243 119
262 272 223
281 305 30
285 323 280
298 332 237
305 309 35
330 353 213
358 401 29
375 417 208
378 422 211
400 432 47
409 444 126
432 435 124
447 453 40
476 482 299
491 515 169
509 520 230
539 551 160
542 547 102
563 590 143
563 592 123
593 598 99
597 628 177
615 642 78
643 671 155
649 692 20
673 722 270
687 721 235
709 750 166
716 736 10
732 772 172
738 764 224
740 783 242
763 779 101
765 807 192
787 796 201
814 831 63
816 856 147
827 871 267
849 868 112
859 897 84
880 915 77
906 953 114
934 962 284
962 963 168
986 990 80
1010 1016 144
1015 1056 222
1028 1056 8
1054 1069 25
1067 1098 249
1081 1112 91
1084 1123 72
1089 1101 281
1090 1138 112
1092 1102 22
1102 1134 244
1105 1149 106
1106 1111 269
1115 1144 121
1142 1167 230
1143 1178 37
1159 1194 140
1168 1218 59
1186 1201 147
1204 1248 150
1217 1257 298
1236 1239 87
1251 1294 106
1278 1314 165
1296 1328 132
1325 1333 35
1337 1353 288
1352 1388 62
1356 1396 277
1370 1372 140
1371 1398 84
1393 1436 154
1405 1447 156
1421 1452 133
1427 1434 190
1432 1469 128
1439 1469 33
1469 1504 69
1486 1515 150
1491 1509 75
1493 1512 78
