100
18 43 53
27 74 177
50 78 117
76 89 115
87 136 290
108 128 181
133 166 257
137 149 9
148 150 223
150 178 61
153 197 138
171 204 73
172 212 273
183 192 111
183 186 141
193 222 97
217 234 246
244 281 53
253 273 57
281 303 7
299 304 62
301 323 112
309 346 96
332 373 232
343 346 232
364 392 86
376 400 6
391 397 127
394 420 293
398 408 252
410 450 259
418 466 85
431 439 61
461 506 191
463 498 129
467 511 207
480 483 271
483 499 189
509 525 65
511 522 179
512 527 156
534 583 28
564 606 217
566 576 257
586 600 277
603 630 274
627 643 237
646 663 245
660 697 31
684 691 57
705 748 205
721 741 79
730 774 139
748 794 2
749 785 194
769 797 242
780 820 107
794 832 59
803 827 286
810 817 271
837 857 172
842 846 28
869 910 294
872 913 285
885 911 293
905 911 64
927 954 242
957 969 283
967 974 208
967 980 73
969 1016 122
988 1031 288
1013 1053 110
1018 1050 277
1020 1058 189
1026 1055 33
1034 1043 217
1050 1058 79
1053 1102 112
1072 1077 172
1092 1113 202
1111 1152 89
1136 1176 24
1157 1206 64
1185 1201 270
1204 1243 238
1208 1231 167
1216 1244 240
1235 1256 94
1248 1291 51
1257 1282 288
1286 1309 70
1309 1348 152
1321 1329 282
1332 1334 299
1354 1359 21
1370 1412 296
1387 1429 46
1407 1449 299
1430 1442 45
