100
23 38 242
34 81 239
34 52 84
51 79 298
64 66 255
75 76 129
77 84 189
93 106 228
121 166 224
133 151 184
141 142 10
146 160 25
163 165 107
179 228 11
203 241 23
225 235 289
248 273 247
248 275 256
268 285 63
297 310 112
321 366 47
341 361 3
362 411 90
369 413 155
372 396 22
381 422 107
386 431 124
392 432 60
402 428 202
419 461 181
446 481 141
461 498 117
466 495 97
480 530 151
505 519 205
532 565 12
535 572 42
540 577 229
565 567 56
587 597 170
617 619 33
640 653 161
649 673 218
652 698 92
662 682 296
677 720 70
707 730 172
718 746 106
738 785 89
749 769 221
767 781 172
794 840 292
809 851 265
830 843 290
853 884 18
854 858 152
864 894 264
891 940 63
914 954 80
917 932 127
926 928 294
931 954 136
937 968 280
948 980 58
956 958 167
982 995 143
985 1008 120
1007 1057 243
1022 1033 9
1027 1056 47
1042 1052 17
1067 1104 237
1083 1115 36
1108 1134 223
1130 1176 158
1158 1179 88
1188 1226 16
1191 1239 150
1205 1248 76
1234 1277 3
1255 1264 82
1271 1297 55
1290 1312 214
1296 1300 30
1306 1347 105
1311 1321 104
1323 1335 174
1334 1383 26
1351 1353 106
1355 1404 33
1379 1420 41
1405 1417 170
1420 1428 299
1441 1480 84
1471 1472 236
1495 1528 137
1520 1550 81
1527 1533 259
1553 1596 281
1582 1599 251
