100
28 32 212
55 96 224
65 107 238
73 92 27
96 108 224
124 171 91
124 157 229
148 171 4
171 212 178
201 237 238
224 269 88
232 262 211
241 273 105
253 292 269
258 275 124
286 320 8
291 304 71
317 340 220
321 365 122
330 371 89
358 361 26
374 392 177
390 397 11
410 423 245
415 438 193
427 477 109
442 490 299
448 471 241
478 523 277
478 525 81
486 519 1
506 517 294
525 541 168
543 577 276
552 588 297
579 615 289
597 640 98
603 620 295
621 657 60
627 672 54
638 673 156
661 672 38
669 691 278
690 721 134
710 713 206
731 766 253
758 784 186
764 784 67
785 789 69
802 833 98
803 805 201
828 873 282
853 903 30
878 925 268
881 882 164
907 923 212
926 946 180
947 956 226
956 965 136
956 964 130
962 996 105
980 1020 57
996 1039 187
1004 1043 119
1025 1072 50
1055 1095 127
1077 1079 93
1100 1104 233
1124 1146 44
1139 1179 4
1154 1163 166
1171 1215 75
1200 1236 282
1201 1221 98
1201 1230 108
1227 1264 82
1243 1261 181
1267 1298 228
1269 1272 31
1296 1335 250
1303 1326 10
1321 1367 271
1347 1352 267
1352 1384 139
1360 1385 75
1374 1379 181
1392 1393 243
1408 1416 218
1428 1432 33
1458 1472 157
1460 1469 166
1469 1498 132
1478 1502 65
1502 1547 279
1516 1556 80
1535 1567 59
1539 1577 26
1541 1557 252
1564 1610 132
1575 1618 244
