100
8 43 12
21 29 56
43 93 100
52 70 237
68 101 286
81 127 50
104 151 256
106 150 289
130 169 93
135 179 25
156 188 229
177 183 175
188 193 240
200 201 20
207 219 160
215 262 64
227 263 124
229 271 226
231 246 297
249 252 136
273 323 163
282 307 291
300 341 131
322 354 227
338 353 133
349 361 111
357 375 210
359 393 90
384 406 80
400 426 217
406 413 245
408 431 118
411 424 76
427 475 221
446 480 222
455 500 190
466 498 141
486 510 96
510 531 174
521 570 104
521 571 154
541 542 28
557 579 202
564 586 288
584 617 261
596 626 47
626 649 187
630 642 180
637 654 256
649 679 180
652 677 107
662 687 63
667 671 46
688 689 80
690 693 99
694 719 203
712 750 60
739 776 2
754 799 157
763 805 260
786 821 82
803 811 168
811 838 216
823 849 62
826 854 105
827 854 3
849 863 26
851 901 217
864 869 293
888 905 128
892 930 287
914 945 152
921 958 296
929 972 125
941 954 156
945 988 217
954 966 178
961 990 234
964 976 55
982 1011 181
1001 1025 294
1012 1022 290
1039 1058 80
1047 1060 89
1073 1115 178
1091 1139 182
1120 1133 56
1124 1159 54
1133 1150 295
1137 1139 174
1138 1168 77
1155 1170 261
1181 1200 19
1183 1223 184
1200 1222 45
1210 1213 212
1228 1278 294
1256 1280 154
1269 1286 85
1289 1295 247
