100
10 34 214
23 36 105
48 82 135
72 104 108
83 129 191
106 136 34
121 157 50
143 174 235
148 183 249
172 209 283
190 215 35
207 244 265
217 266 33
219 228 119
230 247 84
231 279 131
248 286 298
269 305 195
277 310 57
293 331 10
295 302 26
314 334 298
334 342 16
363 371 1
369 376 6
375 384 63
382 408 12
412 416 187
423 445 228
443 468 226
460 487 151
480 510 183
489 495 110
494 507 83
523 525 246
539 568 144
541 553 225
563 566 178
580 581 50
598 619 49
624 654 59
644 660 286
673 723 187
699 718 82
725 753 4
734 740 41
756 777 8
780 803 136
796 843 76
809 826 152
811 826 67
829 841 88
829 875 50
859 887 276
859 867 81
878 899 243
903 945 195
927 937 61
946 962 255
976 1000 70
991 997 7
1016 1050 71
1042 1064 222
1053 1101 161
1057 1094 263
1066 1103 55
1081 1129 297
1097 1118 211
1111 1148 273
1116 1139 23
1141 1176 286
1157 1200 89
1177 1195 157
1189 1203 7
1218 1257 152
1220 1265 156
1243 1282 40
1272 1303 225
1288 1326 153
1304 1324 224
1324 1364 85
1327 1351 196
1356 1399 115
1368 1387 224
1370 1401 261
1380 1408 209
1409 1416 225
1419 1422 231
1438 1463 195
1441 1463 81
1444 1474 180
1464 1473 277
1480 1508 22
1486 1498 86
1514 1555 33
1514 1520 96
1518 1528 154
1548 1569 138
1552 1574 270
1577 1580 299
