100
2 36 113
19 60 181
25 30 9
26 37 37
29 65 14
37 44 230
53 62 191
79 124 282
79 83 281
87 118 46
100 108 74
101 118 163
111 148 295
111 154 272
135 144 54
142 149 101
171 205 29
194 210 20
194 212 120
209 252 211
211 227 167
238 265 253
253 291 231
264 311 97
281 321 257
287 313 192
292 309 69
300 330 75
306 348 159
321 335 244
326 329 257
355 399 42
364 383 274
365 412 102
370 414 79
385 401 125
414 435 138
430 433 197
447 467 257
462 489 141
466 509 110
487 503 271
513 541 257
517 542 291
521 531 167
522 570 119
538 539 64
557 594 73
578 628 89
602 648 175
631 640 240
631 675 240
639 662 203
664 668 262
665 689 138
673 674 8
673 717 9
689 719 222
718 722 254
718 746 120
741 780 230
742 786 256
749 751 189
761 800 82
785 822 65
790 805 284
796 823 121
816 840 237
842 877 280
846 866 111
865 894 31
886 908 226
907 908 69
909 948 107
931 971 144
956 1005 286
983 1014 45
1004 1040 272
1005 1017 178
1010 1017 235
1014 1045 267
1026 1054 74
1042 1062 191
1064 1110 200
1081 1091 142
1084 1091 165
1106 1124 15
1111 1143 95
1116 1156 43
1136 1164 243
1161 1193 276
1187 1195 239
1196 1246 93
1211 1221 183
1213 1243 128
1234 1239 261
1251 1283 161
1258 1272 155
1276 1279 215
1280 1320 225
