100
0 19 256
20 23 67
23 51 87
35 65 226
42 48 2
46 90 74
62 89 221
71 112 132
89 134 82
89 100 6
114 129 174
137 160 64
165 175 27
194 199 139
211 245 146
240 255 246
245 256 96
271 304 283
288 328 64
317 322 150
321 364 88
341 354 71
355 372 9
360 387 255
379 383 259
383 384 136
399 434 132
404 454 194
420 432 32
425 442 185
441 487 267
448 483 25
470 481 251
473 482 182
486 500 184
509 511 41
532 559 20
541 588 286
555 588 292
575 618 172
602 605 190
608 653 273
615 661 240
618 649 9
619 660 38
646 677 230
655 662 78
663 668 34
687 709 196
714 752 122
723 728 32
725 762 273
730 755 166
740 787 84
750 775 130
762 784 268
770 804 270
777 821 296
803 817 189
820 847 207
825 850 284
855 872 157
867 911 71
870 916 218
888 911 192
900 919 258
928 969 198
940 948 104
942 978 236
948 967 273
954 1001 22
968 1000 14
997 1014 283
1027 1034 65
1035 1079 83
1055 1085 90
1060 1100 67
1061 1095 29
1065 1114 185
1073 1114 218
1094 1138 278
1100 1106 258
1112 1117 149
1115 1122 155
1121 1127 177
1129 1143 48
1154 1180 212
1163 1180 216
1183 1210 28
1194 1240 102
1214 1219 97
1220 1268 195
1239 1281 179
1267 1286 54
1285 1304 271
1296 1329 70
1326 1350 132
1343 1377 175
1366 1409 81
1368 1403 282
