100
3 35 24
32 78 241
38 87 72
44 93 75
71 91 297
79 103 21
81 120 106
91 108 198
110 147 278
131 162 3
144 189 185
144 191 56
154 186 118
157 193 66
161 171 281
186 202 236
196 203 214
206 256 264
209 240 290
211 245 38
221 269 178
225 242 179
243 266 106
246 260 236
254 256 1
275 281 122
278 307 228
285 324 36
302 323 171
315 326 152
331 369 263
361 403 139
383 398 103
402 452 116
405 437 251
408 410 277
437 480 16
461 467 236
482 514 96
489 527 124
500 547 287
525 550 68
533 557 137
538 544 55
560 578 109
586 612 75
614 636 159
615 627 198
617 656 270
619 665 2
637 685 269
658 684 150
666 669 297
681 694 178
691 693 215
692 695 282
697 701 196
721 735 97
740 784 272
741 751 150
763 764 70
774 824 227
790 793 97
796 828 200
810 856 293
828 856 226
841 877 29
846 865 6
872 874 13
886 931 7
910 916 291
911 925 15
925 956 18
928 946 80
945 982 277
949 950 56
967 975 285
969 1009 73
980 1015 264
983 1000 238
1008 1041 59
1024 1065 6
1044 1054 107
1055 1099 172
1060 1088 249
1069 1112 142
1089 1131 74
1117 1134 40
1142 1166 242
1157 1170 162
1171 1175 64
1177 1205 193
1189 1214 294
1199 1215 4
1214 1225 297
1235 1241 21
1256 1273 70
1281 1291 4
1285 1286 54
1295 1325 50
