100
2 8 176
10 42 116
34 65 296
44 53 227
73 113 131
74 120 214
88 109 254
104 154 279
114 115 176
139 149 164
152 184 75
176 205 54
187 190 3
190 214 27
193 197 247
213 234 229
237 247 5
242 280 84
270 274 67
291 321 24
304 337 181
318 337 79
327 331 51
340 378 18
349 357 291
360 379 282
376 408 121
376 381 228
393 394 31
409 426 27
436 464 272
462 506 91
489 509 53
501 523 41
529 552 218
539 543 290
546 557 265
567 594 271
596 607 73
609 638 22
628 672 113
637 669 256
659 686 124
667 668 231
669 678 64
693 715 40
708 709 155
710 719 245
729 742 70
737 764 91
740 786 73
763 799 197
793 797 252
805 839 45
815 853 194
844 877 277
849 885 247
866 868 50
875 883 84
893 942 255
898 947 262
898 902 131
901 927 103
929 968 151
933 978 209
938 973 136
966 997 73
982 1024 237
982 1004 47
992 1034 111
1021 1051 74
1038 1043 1
1056 1071 212
1080 1110 141
1085 1113 208
1113 1153 247
1131 1178 179
1157 1207 195
1174 1199 217
1204 1232 86
1206 1252 93
1217 1226 106
1245 1256 215
1261 1310 72
1267 1301 296
1271 1278 186
1275 1276 207
1300 1304 23
1324 1367 188
1337 1367 78
1366 1415 114
1386 1413 161
1415 1462 266
1425 1445 61
1426 1444 225
1427 1474 140
1446 1486 266
1469 1473 158
1469 1515 74
1487 1492 30
