100
5 41 97
32 44 71
59 66 33
89 107 262
115 129 103
143 191 216
143 148 143
147 181 103
165 193 116
187 222 93
187 227 195
202 228 153
232 243 133
242 283 76
244 257 84
268 269 226
278 326 212
298 305 86
323 369 268
333 342 263
363 368 236
393 431 38
406 413 250
414 420 182
431 476 246
448 472 14
460 470 23
474 507 101
474 521 145
494 524 147
509 526 215
519 537 225
526 569 24
529 547 85
541 585 235
555 580 70
561 576 160
567 600 290
589 626 197
603 637 157
626 650 275
639 642 295
655 683 109
664 668 69
686 736 28
703 737 286
704 737 168
708 712 198
722 769 42
748 769 41
771 784 49
784 830 130
795 828 68
822 836 76
839 873 207
849 880 30
865 907 221
886 930 220
903 941 246
905 947 172
918 950 257
939 947 198
941 989 137
953 975 250
970 989 62
982 1004 20
988 1037 96
1006 1036 187
1029 1072 185
1056 1088 224
1069 1116 118
1088 1127 118
1116 1157 292
1140 1186 150
1150 1164 128
1162 1187 178
1175 1204 220
1181 1223 61
1185 1211 132
1193 1235 9
1198 1214 216
1223 1232 246
1235 1254 154
1238 1243 137
1247 1278 21
1247 1263 48
1265 1272 284
1293 1342 198
1305 1306 259
1320 1340 166
1331 1342 171
1333 1371 48
1339 1376 227
1349 1358 27
1356 1371 278
1381 1393 111
1400 1416 261
1429 1442 300
1457 1481 11
1475 1496 249
