100
3 18 107
24 40 239
27 69 124
30 57 42
59 95 240
80 114 239
96 121 188
111 138 172
132 171 279
157 185 8
176 182 295
188 238 186
188 206 211
214 255 145
215 220 265
215 220 133
222 231 63
235 257 186
264 293 14
266 314 287
293 309 100
300 339 74
324 359 159
352 381 197
369 382 220
379 388 300
383 392 232
408 456 12
428 441 160
456 479 140
467 513 75
488 513 109
516 532 157
536 586 81
558 567 67
588 623 169
590 611 213
596 618 151
601 633 4
623 651 54
640 661 137
656 672 153
681 708 186
682 709 205
708 732 189
734 750 3
760 785 290
763 770 126
784 803 257
809 852 13
825 874 270
826 854 115
856 891 123
868 899 117
897 932 27
901 944 69
931 942 174
949 964 7
957 979 261
975 990 200
993 995 240
998 1005 298
1025 1038 57
1026 1064 235
1043 1068 236
1066 1111 196
1094 1129 60
1117 1158 94
1127 1136 222
1129 1173 7
1146 1188 68
1159 1203 187
1169 1175 136
1184 1227 149
1197 1234 165
1224 1246 168
1254 1259 126
1268 1280 32
1278 1314 103
1306 1356 146
1312 1322 38
1312 1345 68
1323 1361 212
1323 1371 252
1352 1384 299
1357 1399 268
1386 1434 8
1408 1419 121
1413 1455 298
1440 1445 41
1469 1475 95
1486 1532 238
1494 1540 209
1520 1567 10
1547 1585 284
1557 1598 152
1581 1629 168
1584 1601 227
1604 1646 194
1620 1648 110
