100
27 63 62
27 65 47
46 52 136
73 100 136
87 127 223
97 117 294
103 149 165
119 145 290
120 143 117
141 171 54
167 196 300
186 221 188
194 202 224
207 209 90
230 278 130
234 246 293
240 281 248
241 260 238
251 292 285
274 320 19
300 344 148
303 342 257
305 319 209
329 344 6
330 356 61
330 374 117
349 375 25
373 375 204
375 383 77
384 385 271
414 453 36
432 453 189
445 448 11
463 503 92
486 503 282
499 528 79
500 522 15
502 551 93
529 573 80
554 578 41
560 610 140
571 616 241
590 623 157
602 624 97
609 632 231
627 638 81
642 650 17
657 700 165
663 701 218
675 690 21
686 705 125
716 737 124
718 752 16
740 776 173
746 796 146
750 786 169
752 791 120
753 773 37
770 771 268
792 824 66
801 828 116
828 850 160
849 885 104
876 913 222
876 902 60
905 917 92
908 923 80
937 958 228
943 945 214
971 1003 182
988 1000 224
1016 1061 285
1026 1032 233
1034 1075 21
1060 1069 243
1062 1068 299
1067 1104 73
1086 1103 147
1093 1125 79
1119 1126 24
1144 1154 271
1149 1168 271
1166 1199 187
1179 1200 38
1197 1202 75
1216 1232 160
1235 1246 295
1240 1259 212
1264 1287 268
1279 1323 181
1288 1316 163
1291 1307 256
1315 1344 74
1322 1341 41
1332 1362 167
1358 1369 186
1367 1393 224
1397 1431 151
1419 1453 149
1436 1472 143
