100
3 47 201
23 59 8
33 35 243
59 73 289
77 79 138
89 100 188
119 165 145
119 150 5
125 147 46
141 184 205
162 193 183
180 209 251
182 225 17
194 216 137
222 224 109
223 245 198
244 267 95
256 264 280
274 278 209
274 319 150
294 339 235
315 346 49
342 370 119
347 382 95
347 352 120
348 388 71
370 383 212
377 395 262
391 401 185
391 403 8
406 439 274
424 462 232
430 477 234
451 462 198
472 515 241
492 533 37
512 536 156
522 538 141
543 558 285
561 585 240
563 593 91
577 617 210
592 634 219
592 595 150
614 650 284
635 667 263
642 677 4
665 710 28
677 678 141
694 711 228
719 726 285
731 750 276
754 764 253
763 775 157
771 788 178
791 795 12
817 845 277
840 856 64
858 861 52
865 904 129
878 895 129
885 899 213
913 918 59
913 944 205
920 970 31
945 972 298
964 985 131
983 996 120
996 1029 187
1018 1029 254
1046 1080 290
1056 1104 251
1071 1121 58
1089 1091 205
1103 1124 237
1106 1123 33
1109 1124 76
1136 1161 198
1165 1169 273
1183 1198 68
1205 1244 165
1233 1236 125
1251 1265 125
1280 1283 239
1292 1328 194
1314 1355 295
1314 1325 273
1340 1388 271
1353 1370 243
1353 1373 23
1365 1403 260
1383 1415 73
1390 1440 219
1402 1432 266
1404 1453 234
1416 1458 212
1442 1475 58
1464 1510 209
1485 1500 85
1512 1539 180
