100
30 71 86
49 85 23
70 113 123
78 90 143
94 133 61
95 131 94
119 130 175
122 163 260
145 174 4
147 156 269
154 186 277
155 191 86
158 183 60
165 166 297
186 196 261
194 202 137
197 218 289
227 268 46
249 277 65
270 302 177
275 291 9
278 287 7
288 333 276
317 337 97
345 366 161
366 367 140
376 395 174
376 398 274
385 423 200
410 430 263
421 463 3
444 451 26
465 478 108
477 498 253
498 526 142
499 532 115
503 510 212
522 534 260
537 563 9
551 574 29
563 575 248
575 581 39
592 632 44
612 650 129
632 667 150
650 654 223
650 693 131
678 693 126
684 702 198
710 741 61
732 743 104
762 778 254
790 821 163
813 824 85
827 876 177
856 865 34
867 884 104
883 925 202
884 930 109
905 937 139
919 928 57
934 970 32
958 977 46
979 1009 198
1004 1032 289
1015 1050 137
1033 1050 261
1046 1086 13
1057 1095 38
1081 1094 80
1087 1119 297
1112 1158 155
1118 1156 52
1120 1134 10
1138 1160 220
1162 1171 116
1182 1229 156
1210 1239 239
1229 1253 241
1256 1285 57
1274 1294 246
1288 1330 206
1317 1329 156
1327 1334 141
1333 1382 83
1334 1347 20
1362 1385 157
1386 1411 167
1387 1433 117
1405 1429 1
1409 1455 166
1415 1451 133
1436 1464 159
1446 1475 115
1474 1514 41
1479 1484 88
1485 1519 215
1491 1526 60
1502 1539 135
1515 1528 126
