100
17 18 55
30 63 57
55 83 297
70 92 49
85 96 102
88 94 60
97 139 12
127 167 29
129 142 135
146 175 225
166 178 196
172 196 40
192 216 230
207 216 178
234 274 228
262 306 292
279 299 96
303 342 278
303 343 125
322 346 212
333 337 115
336 344 258
360 366 267
367 386 249
372 391 267
392 410 82
415 456 60
445 481 218
465 483 52
468 471 243
497 540 272
498 514 148
520 559 247
549 566 216
560 575 23
590 607 63
603 629 116
626 671 247
629 679 65
656 693 156
664 692 218
694 735 2
720 766 138
733 772 95
742 786 166
745 791 152
774 817 62
779 827 287
796 801 27
820 831 54
849 873 241
879 921 209
894 895 150
916 965 205
937 938 139
938 984 275
951 979 70
959 960 87
961 985 8
978 994 80
995 1004 222
1012 1061 95
1037 1039 184
1050 1057 99
1063 1094 233
1075 1121 50
1099 1109 2
1110 1147 33
1116 1135 271
1142 1167 23
1149 1172 265
1165 1189 92
1182 1183 275
1191 1240 48
1218 1265 159
1242 1274 99
1247 1277 133
1259 1297 188
1272 1285 128
1273 1319 83
1281 1317 161
1283 1293 62
1284 1285 67
1291 1333 42
1318 1331 277
1324 1371 205
1345 1368 157
1349 1376 253
1354 1369 131
1384 1399 14
1398 1421 41
1418 1459 11
1442 1468 158
1455 1476 53
1482 1511 146
1502 1513 151
1510 1556 299
1526 1576 244
1531 1555 223
1559 1599 26
