1000
13 45 113
17 59 62
26 66 237
35 81 67
55 56 99
63 86 201
91 132 193
93 103 97
105 130 282
122 127 18
128 167 71
133 147 264
158 203 255
185 208 219
190 238 163
206 248 114
224 253 40
227 268 155
234 243 88
262 282 207
264 297 300
278 293 266
300 307 204
329 357 230
351 371 75
370 408 23
395 404 271
399 415 47
412 450 147
425 452 53
433 472 124
435 476 90
438 447 192
442 475 231
450 497 110
474 506 292
495 519 190
496 522 276
519 550 158
535 539 39
554 590 52
566 593 127
576 586 125
592 615 273
616 631 206
620 650 169
626 637 141
652 698 137
664 704 197
681 704 79
682 684 118
687 689 94
694 742 101
716 717 78
746 784 139
763 770 151
785 821 12
794 818 93
817 863 152
840 886 112
840 853 65
842 866 140
853 897 292
875 899 273
897 945 31
926 976 221
932 961 171
934 982 68
957 978 58
987 992 175
995 1018 26
1009 1027 22
1021 1027 297
1028 1069 4
1056 1105 90
1066 1080 287
1077 1080 59
1091 1112 257
1109 1132 153
1133 1156 199
1143 1173 177
1146 1195 206
1167 1199 83
1187 1198 10
1190 1214 273
1208 1212 177
1229 1230 222
1239 1240 18
1263 1290 278
1272 1282 73
1276 1322 121
1287 1315 278
1306 1341 48
1315 1346 187
1345 1348 31
1370 1381 34
1389 1391 88
1389 1401 252
1389 1409 80
1415 1429 80
1427 1452 119
1454 1478 241
1473 1510 118
1499 1516 153
1510 1512 200
1517 1562 231
1528 1563 91
1540 1576 277
1556 1588 33
1569 1583 63
1587 1607 115
1608 1616 140
1623 1673 64
1650 1655 109
1665 1700 116
1670 1720 117
1675 1723 177
1688 1734 59
1694 1701 290
1722 1725 255
1722 1744 160
1737 1773 225
1763 1802 19
1763 1775 105
1787 1820 245
1808 1825 173
1830 1842 253
1834 1863 93
1860 1893 275
1870 1871 220
1876 1892 62
1901 1949 154
1915 1952 286
1945 1978 163
1960 2001 251
1978 1989 193
1995 1996 130
2013 2058 69
2040 2043 187
2043 2083 223
2050 2061 242
2066 2083 14
2083 2100 211
2091 2114 159
2094 2119 228
2119 2164 94
2140 2190 277
2169 2175 258
2194 2221 23
2211 2227 142
2235 2265 201
2237 2257 294
2243 2247 155
2256 2275 89
2274 2283 119
2286 2336 54
2292 2320 232
2306 2335 41
2331 2338 104
2349 2374 295
2358 2404 205
2387 2400 127
2404 2428 210
2434 2469 191
2459 2491 280
2465 2501 78
2466 2474 246
2477 2513 16
2505 2544 132
2525 2568 71
2540 2545 200
2542 2591 271
2552 2600 46
2572 2605 239
2585 2605 105
2606 2631 10
2612 2644 214
2617 2620 228
2621 2648 222
2626 2658 226
2635 2675 220
2645 2667 210
2655 2679 153
2666 2697 233
2693 2738 244
2704 2754 91
2720 2723 148
2748 2787 3
2758 2782 231
2765 2778 34
2771 2772 233
2795 2819 151
2805 2826 220
2828 2871 6
2845 2879 260
2859 2860 205
2872 2882 30
2873 2890 196
2875 2920 159
2887 2935 34
2913 2960 238
2924 2945 212
2953 2963 51
2954 2976 48
2984 2994 33
2992 3011 54
2997 3023 155
3023 3045 197
3040 3083 241
3040 3042 62
3042 3045 164
3052 3085 260
3068 3092 215
3069 3082 131
3093 3124 7
3117 3148 266
3137 3152 175
3142 3170 173
3163 3205 83
3181 3196 189
3209 3247 126
3230 3231 100
3249 3263 1
3253 3291 134
3273 3291 181
3303 3333 130
3319 3352 84
3322 3323 69
3330 3362 18
3354 3360 221
3380 3420 16
3410 3423 180
3425 3452 211
3446 3473 81
3465 3508 121
3478 3507 32
3486 3523 72
3504 3551 46
3510 3513 282
3522 3539 85
3541 3551 242
3541 3554 10
3566 3592 82
3587 3628 291
3594 3603 155
3603 3637 221
3630 3657 58
3642 3691 57
3664 3680 100
3682 3683 209
3711 3729 12
3719 3756 139
3730 3744 40
3739 3754 288
3741 3778 56
3749 3796 208
3776 3778 203
3783 3815 36
3797 3813 159
3808 3816 186
3838 3876 282
3844 3850 264
3865 3898 92
3883 3918 88
3892 3898 142
3918 3930 167
3922 3926 193
3943 3974 195
3971 4014 211
3989 4019 165
4011 4015 120
4023 4073 219
4030 4057 273
4032 4047 236
4062 4097 216
4068 4090 32
4070 4112 115
4075 4091 168
4081 4108 163
4096 4104 88
4106 4142 252
4117 4126 148
4143 4175 1
4148 4158 221
4155 4203 113
4168 4197 279
4176 4205 58
4200 4219 57
4219 4225 81
4234 4264 244
4249 4272 224
4255 4293 271
4270 4303 5
4297 4303 69
4297 4334 256
4319 4320 167
4327 4372 65
4333 4342 233
4336 4339 128
4337 4349 238
4366 4382 5
4382 4395 38
4408 4450 1
4423 4459 261
4426 4452 274
4449 4463 54
4460 4478 271
4460 4481 276
4469 4516 31
4473 4523 19
4476 4502 198
4501 4547 93
4506 4527 121
4519 4561 78
4523 4542 235
4529 4545 250
4540 4572 163
4554 4569 143
4558 4588 227
4559 4582 218
4588 4601 286
4607 4631 253
4633 4669 85
4643 4672 232
4667 4714 44
4688 4701 272
4706 4723 245
4728 4747 179
4749 4763 182
4761 4765 71
4784 4799 174
4788 4813 60
4808 4849 171
4809 4812 125
4818 4825 240
4834 4866 97
4834 4859 152
4840 4856 28
4863 4891 55
4876 4919 50
4899 4923 84
4904 4951 71
4911 4932 205
4923 4948 158
4940 4960 159
4955 4960 69
4985 5014 299
4993 5035 2
5010 5042 5
5013 5035 88
5038 5040 201
5039 5076 153
5068 5102 196
5081 5112 27
5084 5131 262
5097 5139 109
5110 5125 28
5133 5151 38
5135 5171 270
5142 5179 187
5155 5185 81
5162 5212 219
5190 5207 264
5200 5242 95
5228 5253 106
5256 5288 273
5275 5322 50
5277 5294 297
5289 5295 192
5307 5355 162
5335 5371 4
5340 5375 123
5367 5382 289
5394 5428 209
5411 5431 6
5440 5472 152
5458 5506 235
5482 5515 161
5512 5555 39
5516 5542 47
5530 5551 102
5557 5601 291
5571 5619 219
5574 5584 46
5602 5608 16
5603 5626 43
5603 5618 163
5604 5645 254
5625 5645 88
5643 5650 187
5649 5694 223
5662 5667 272
5669 5719 208
5679 5718 95
5702 5723 72
5711 5756 263
5718 5751 63
5718 5734 114
5724 5773 228
5751 5781 77
5772 5796 36
5782 5812 49
5782 5797 108
5807 5819 212
5824 5867 10
5830 5837 91
5847 5878 81
5858 5892 94
5877 5918 72
5896 5930 143
5913 5932 172
5914 5939 222
5940 5988 170
5960 5968 129
5962 5985 29
5988 6018 282
6012 6036 242
6031 6076 86
6034 6044 226
6062 6079 64
6066 6069 198
6075 6087 161
6085 6111 101
6100 6124 114
6103 6153 107
6130 6135 187
6157 6199 57
6169 6170 216
6175 6208 248
6202 6235 285
6203 6253 20
6227 6255 133
6239 6256 285
6267 6317 253
6290 6296 95
6304 6349 180
6313 6321 33
6340 6370 69
6345 6353 44
6371 6399 68
6398 6402 294
6400 6401 68
6430 6472 297
6454 6462 76
6477 6515 273
6495 6543 77
6500 6535 170
6502 6531 130
6506 6544 32
6515 6545 144
6527 6541 37
6546 6585 25
6555 6570 25
6584 6629 90
6600 6628 28
6606 6633 203
6634 6635 233
6635 6649 114
6645 6648 79
6650 6685 159
6657 6685 214
6662 6681 144
6665 6677 9
6665 6684 242
6684 6705 247
6702 6710 53
6708 6713 155
6712 6760 16
6717 6724 47
6743 6773 253
6766 6787 253
6787 6805 232
6808 6828 48
6838 6882 98
6846 6863 247
6874 6880 284
6896 6934 81
6902 6926 60
6917 6931 152
6943 6990 216
6945 6985 226
6947 6968 113
6961 6972 130
6983 7007 267
7006 7029 300
7025 7044 240
7035 7039 292
7060 7084 68
7067 7078 155
7096 7110 221
7120 7142 44
7132 7150 87
7157 7193 282
7168 7183 220
7179 7182 232
7205 7223 127
7218 7226 42
7235 7280 168
7242 7289 253
7246 7271 57
7253 7303 210
7266 7276 129
7295 7329 256
7319 7363 161
7332 7338 216
7332 7340 265
7355 7359 68
7359 7392 16
7380 7424 9
7409 7429 62
7437 7483 251
7459 7475 215
7489 7521 91
7497 7542 267
7511 7536 168
7511 7513 299
7538 7563 34
7562 7607 248
7564 7588 212
7582 7594 153
7609 7610 245
7621 7662 59
7625 7631 209
7647 7692 99
7666 7708 128
7689 7690 48
7716 7739 299
7736 7779 14
7737 7787 120
7748 7757 243
7759 7804 67
7784 7795 8
7796 7804 113
7802 7834 19
7821 7871 45
7829 7830 257
7832 7869 77
7839 7842 217
7848 7867 232
7867 7884 37
7876 7881 182
7885 7900 285
7903 7940 17
7924 7944 226
7938 7943 221
7959 7998 113
7969 8004 162
7978 8016 246
7984 8031 25
8012 8037 245
8029 8033 166
8050 8068 300
8073 8082 88
8079 8114 120
8080 8092 273
8104 8117 93
8121 8152 202
8142 8161 225
8158 8159 20
8171 8172 277
8192 8229 258
8213 8262 64
8224 8246 241
8244 8264 97
8274 8288 18
8288 8333 125
8296 8344 267
8325 8369 227
8335 8345 147
8343 8369 52
8367 8405 8
8368 8375 237
8388 8419 185
8417 8434 15
8429 8478 112
8449 8454 111
8454 8486 88
8455 8503 164
8482 8489 276
8511 8545 256
8525 8531 164
8542 8591 27
8567 8575 185
8580 8617 28
8607 8618 240
8617 8641 243
8622 8658 257
8641 8686 101
8643 8690 84
8664 8708 298
8680 8691 233
8684 8697 94
8696 8707 208
8720 8756 191
8721 8765 69
8740 8773 97
8746 8753 271
8768 8785 292
8788 8825 230
8801 8845 173
8825 8841 268
8835 8848 264
8849 8892 173
8871 8878 61
8896 8935 236
8914 8955 259
8916 8923 98
8939 8975 249
8950 8953 21
8960 9001 86
8986 9012 19
9007 9027 24
9032 9048 164
9055 9097 211
9075 9095 181
9077 9100 49
9102 9146 52
9106 9152 86
9119 9131 300
9124 9173 148
9134 9153 157
9161 9190 28
9166 9207 221
9167 9201 226
9186 9230 135
9201 9205 285
9220 9228 87
9249 9292 269
9273 9313 3
9301 9339 23
9331 9361 67
9351 9384 290
9379 9398 84
9401 9430 58
9417 9421 106
9439 9448 221
9462 9490 244
9484 9523 262
9487 9512 61
9493 9524 201
9497 9511 26
9526 9549 286
9531 9570 122
9543 9585 48
9560 9584 235
9573 9589 275
9603 9610 10
9619 9658 46
9647 9685 19
9674 9723 21
9683 9693 148
9710 9734 90
9732 9758 181
9753 9799 84
9759 9800 54
9770 9779 167
9784 9833 58
9787 9808 209
9788 9826 116
9808 9844 155
9830 9864 74
9846 9879 118
9867 9882 24
9868 9904 259
9868 9918 131
9869 9874 277
9883 9885 223
9913 9923 251
9914 9938 248
9932 9973 183
9959 9978 179
9982 10007 51
9998 10025 236
10014 10045 261
10044 10082 299
10069 10070 197
10083 10096 157
10108 10111 92
10114 10134 247
10129 10151 249
10139 10161 296
10160 10182 182
10185 10186 169
10214 10234 216
10229 10278 291
10237 10245 236
10265 10284 102
10295 10339 94
10305 10347 2
10322 10352 242
10326 10329 2
10333 10355 125
10348 10381 198
10351 10393 275
10373 10405 142
10385 10414 100
10399 10401 227
10417 10422 219
10425 10474 46
10440 10449 131
10450 10489 82
10476 10498 165
10493 10535 16
10511 10552 264
10519 10569 41
10532 10560 257
10533 10555 260
10555 10559 96
10568 10592 268
10573 10619 65
10581 10610 226
10590 10609 176
10598 10602 22
10614 10617 217
10624 10672 148
10644 10673 237
10649 10689 104
10656 10665 246
10686 10721 70
10701 10705 252
10702 10742 33
10704 10742 66
10729 10746 100
10737 10744 70
10748 10776 39
10773 10780 275
10797 10825 36
10818 10836 250
10824 10868 151
10831 10838 20
10846 10893 144
10861 10880 124
10880 10909 1
10898 10940 54
10902 10927 242
10905 10909 119
10913 10915 161
10914 10945 184
10918 10965 240
10930 10952 16
10959 11000 248
10984 11014 19
10986 10993 125
11001 11007 89
11018 11033 85
11045 11066 199
11047 11097 142
11074 11083 240
11100 11108 197
11100 11115 109
11127 11168 222
11154 11198 137
11158 11181 267
11163 11208 1
11182 11207 79
11195 11239 39
11217 11246 240
11221 11227 99
11242 11273 222
11266 11284 227
11266 11302 106
11270 11277 140
11285 11287 149
11289 11339 250
11311 11314 208
11312 11317 86
11323 11353 128
11333 11340 153
11363 11382 232
11393 11416 254
11409 11429 186
11424 11461 31
11424 11430 233
11433 11483 205
11451 11485 246
11451 11481 178
11471 11508 296
11490 11496 64
11502 11506 288
11505 11515 203
11519 11520 64
11547 11589 286
11576 11626 78
11576 11610 258
11596 11598 296
11606 11607 265
11624 11634 16
11637 11645 169
11665 11704 86
11666 11710 183
11686 11696 64
11700 11706 46
11722 11723 98
11736 11744 123
11742 11767 151
11744 11785 275
11753 11764 285
11767 11797 56
11776 11792 2
11805 11825 124
11829 11856 152
11856 11891 193
11883 11912 102
11888 11899 221
11903 11919 168
11910 11952 219
11924 11946 18
11948 11988 82
11969 11973 92
11996 12028 185
12022 12038 100
12047 12070 226
12074 12090 108
12085 12093 296
12111 12153 70
12120 12156 243
12137 12183 224
12144 12147 287
12159 12169 103
12173 12217 134
12181 12207 1
12210 12243 234
12216 12232 179
12246 12255 84
12272 12307 8
12283 12291 36
12296 12334 101
12324 12350 95
12331 12361 77
12361 12385 22
12390 12420 297
12407 12425 170
12409 12437 212
12439 12480 19
12467 12504 289
12467 12505 54
12485 12524 263
12504 12537 103
12505 12544 125
12518 12562 9
12526 12570 62
12552 12558 146
12566 12609 204
12577 12591 95
12602 12645 91
12609 12634 161
12621 12637 147
12635 12664 79
12659 12699 106
12669 12687 85
12677 12712 5
12691 12716 126
12692 12729 135
12703 12717 255
12729 12733 28
12759 12760 29
12778 12813 187
12790 12799 251
12796 12814 188
12816 12850 300
12841 12853 106
12857 12878 178
12859 12906 62
12863 12908 90
12883 12915 261
12910 12939 162
12915 12928 10
12932 12952 202
12942 12964 16
12951 12961 204
12972 12975 92
12975 12996 95
12984 12988 167
13005 13026 18
13018 13064 9
13022 13049 266
13040 13041 226
13048 13093 177
13069 13112 64
13070 13099 72
13094 13142 43
13110 13159 223
13132 13151 243
13133 13151 207
13162 13188 283
13167 13170 75
13191 13225 235
13210 13218 9
13233 13248 151
13247 13280 200
13277 13297 34
13292 13317 29
13316 13331 197
13320 13349 284
13340 13346 257
13362 13389 71
13365 13390 34
13371 13386 250
13394 13418 62
13420 13424 150
13446 13492 257
13460 13473 209
13467 13470 130
13484 13509 48
13505 13548 96
13511 13524 61
13521 13559 20
13544 13560 225
13546 13558 98
13567 13596 156
13571 13595 49
13591 13638 141
13613 13658 188
13634 13651 224
13639 13656 242
13667 13680 26
13674 13687 136
13687 13704 148
13710 13760 265
13726 13755 161
13727 13777 30
13738 13750 34
13741 13742 73
13746 13795 282
13748 13756 40
13767 13797 285
13769 13810 209
13797 13838 141
13811 13838 108
13820 13848 23
13849 13895 106
13874 13879 180
13877 13894 184
13900 13916 30
13929 13969 156
13935 13969 157
13943 13965 296
13953 13971 253
13983 14024 254
13995 14005 177
14014 14017 108
14023 14026 150
14043 14057 126
14057 14094 11
14079 14087 204
14091 14108 140
14102 14108 212
14119 14151 282
14124 14129 107
14149 14193 126
14168 14172 175
14196 14240 173
14203 14223 252
14217 14238 39
14240 14290 119
14248 14272 6
14272 14283 87
14274 14317 244
14282 14318 207
14293 14337 188
14318 14350 111
14328 14332 168
14355 14371 152
14365 14405 22
14382 14410 32
14384 14434 97
14388 14417 252
14403 14412 165
14433 14434 110
14450 14465 97
14461 14486 163
14471 14493 9
14492 14523 214
14507 14538 163
14534 14569 157
14559 14575 266
14570 14588 291
14577 14622 112
14600 14610 135
14605 14641 242
14605 14620 283
14606 14646 266
14631 14640 9
14656 14664 66
14673 14712 1
14699 14721 169
14712 14717 119
14735 14737 275
14756 14797 77
14771 14792 283
14800 14808 240
14816 14841 174
14833 14875 142
14836 14840 46
14843 14874 114
14862 14897 278
14890 14898 218
14919 14927 35
14924 14958 4
14949 14965 286
