100
21 22 109
29 45 237
44 89 27
59 82 258
72 113 70
80 122 152
105 134 174
109 145 139
121 155 98
135 169 278
148 151 63
158 169 59
173 208 203
186 195 259
215 253 216
236 267 105
257 259 101
276 312 167
280 307 107
299 302 88
317 356 211
330 376 37
339 374 112
369 405 11
396 401 203
423 464 122
429 449 146
430 432 8
453 465 10
464 465 135
474 520 158
478 506 292
499 501 13
500 535 21
525 560 264
551 586 115
568 612 141
593 615 252
617 647 120
630 653 8
643 665 181
650 686 282
659 662 103
678 724 6
703 747 269
705 730 172
734 775 278
761 806 185
789 806 154
799 842 9
817 862 78
819 841 179
833 879 108
842 858 29
854 861 297
882 885 46
902 925 248
908 936 226
924 939 295
936 972 145
959 972 89
986 1025 180
1001 1022 155
1024 1054 186
1035 1059 294
1040 1053 34
1066 1067 142
1081 1106 275
1095 1136 232
1100 1114 134
1101 1109 247
1101 1120 120
1113 1159 177
1115 1146 97
1130 1176 17
1156 1161 237
1176 1196 55
1186 1200 275
1200 1215 74
1223 1271 192
1243 1270 173
1273 1277 70
1281 1319 242
1303 1307 250
1305 1355 299
1328 1365 27
1344 1376 11
1347 1357 154
1367 1394 38
1374 1411 63
1388 1400 241
1405 1415 206
1417 1426 82
1431 1453 102
1445 1463 281
1475 1523 230
1500 1517 70
1511 1517 300
1521 1543 47
1550 1579 157
