100
19 32 32
37 65 147
56 60 263
59 86 182
69 119 223
98 113 205
98 131 101
127 158 121
131 156 277
142 185 172
161 186 137
167 209 130
190 200 150
190 196 45
203 253 141
226 252 282
253 258 187
279 287 262
309 322 139
318 349 297
334 365 14
354 385 40
362 377 272
380 427 28
390 395 14
396 415 209
421 443 286
437 463 211
463 484 20
478 521 129
506 513 299
535 582 232
556 591 252
570 610 265
598 632 141
620 634 259
620 625 174
642 651 221
645 690 212
666 677 188
680 716 218
701 751 54
702 738 146
724 746 9
747 790 14
749 799 212
757 758 265
770 782 268
800 802 45
830 841 137
841 855 285
868 896 92
881 887 169
895 931 253
902 918 142
922 957 38
939 973 72
965 998 179
992 1028 151
1009 1017 73
1029 1065 265
1032 1037 135
1032 1071 149
1036 1041 200
1037 1041 213
1052 1078 189
1070 1077 46
1100 1150 167
1123 1124 224
1148 1171 89
1153 1184 58
1169 1170 145
1181 1197 275
1189 1208 161
1189 1210 184
1219 1230 113
1230 1270 150
1242 1288 165
1267 1307 50
1294 1338 172
1300 1328 294
1309 1322 90
1328 1360 224
1354 1355 54
1368 1382 270
1392 1396 244
1403 1404 39
1419 1461 120
1441 1481 224
1470 1509 273
1493 1511 147
1504 1540 65
1518 1538 292
1532 1578 83
1538 1570 166
1566 1582 83
1566 1595 280
1579 1628 129
1586 1634 246
1594 1625 186
