100
17 63 294
24 48 12
42 81 243
48 52 58
67 117 242
88 115 128
118 165 43
143 159 136
146 147 266
157 162 249
187 225 242
188 230 270
204 243 161
234 255 200
245 291 16
256 303 128
268 270 224
288 294 136
312 321 141
333 379 158
363 404 116
382 411 266
398 421 95
409 449 269
410 448 111
419 448 219
442 479 65
464 470 253
468 509 284
474 503 224
483 508 216
504 524 141
512 521 257
536 585 225
562 586 157
579 600 24
601 610 236
629 647 106
653 694 62
669 718 132
676 713 168
692 722 221
696 715 32
703 739 142
712 736 176
728 734 100
749 799 278
769 777 266
788 792 124
805 851 222
806 813 59
829 843 143
847 874 134
857 877 4
865 888 30
884 914 227
907 929 130
910 949 232
917 933 271
919 940 24
948 980 226
964 983 41
970 988 257
970 973 124
987 1007 246
988 1015 292
1000 1013 257
1004 1010 196
1019 1053 134
1041 1045 38
1070 1081 45
1073 1076 266
1098 1109 256
1111 1134 226
1141 1173 279
1160 1174 181
1173 1200 49
1180 1214 76
1196 1204 141
1202 1227 201
1205 1244 269
1224 1228 158
1237 1256 181
1248 1249 213
1253 1284 139
1276 1301 252
1290 1308 300
1294 1332 16
1321 1341 52
1344 1352 80
1353 1399 219
1353 1376 297
1378 1411 160
1387 1431 194
1405 1412 53
1405 1438 98
1418 1428 238
1419 1441 23
1430 1456 155
1432 1474 77
