100
10 18 201
28 31 18
33 55 10
47 58 160
54 61 104
61 86 180
90 138 42
114 135 226
139 158 260
158 176 215
166 195 147
181 186 96
189 217 64
201 221 105
202 234 64
210 230 258
237 279 234
259 282 195
264 278 259
273 310 63
286 306 82
295 324 235
324 364 273
329 363 228
347 361 61
354 368 71
382 413 197
412 462 82
418 437 114
441 461 292
456 500 42
459 462 27
476 522 106
502 543 15
504 527 12
527 535 5
528 557 254
530 554 103
550 582 287
580 629 292
602 616 123
615 636 255
626 635 203
653 654 252
656 686 120
658 677 224
665 703 63
688 713 252
705 741 227
725 775 13
744 788 263
745 787 126
764 784 291
776 786 254
776 798 56
798 813 36
813 856 137
828 875 213
853 868 26
859 893 110
883 931 212
891 933 23
898 919 86
924 936 106
954 997 200
977 1018 68
980 1029 26
993 1029 111
1002 1035 229
1021 1036 30
1024 1056 101
1027 1045 284
1030 1071 114
1055 1094 193
1071 1079 71
1076 1096 154
1091 1096 261
1116 1155 123
1142 1185 177
1153 1190 87
1167 1192 226
1172 1175 226
1175 1179 109
1200 1206 79
1205 1221 21
1234 1282 282
1241 1288 114
1266 1282 205
1292 1304 271
1318 1340 192
1341 1378 159
1360 1361 134
1370 1376 36
1382 1386 261
1390 1399 37
1403 1423 173
1411 1457 215
1427 1474 277
1438 1450 207
1458 1470 27
