100
20 58 203
34 39 127
58 67 71
75 82 85
103 108 130
103 150 277
105 134 281
119 140 288
119 120 158
133 171 200
147 187 203
159 179 241
160 190 19
189 223 217
200 246 131
223 271 277
229 263 255
234 259 209
246 293 96
267 294 36
284 293 62
290 320 171
319 365 249
339 354 82
360 409 107
387 428 119
407 448 26
422 468 127
433 446 274
460 503 90
463 486 103
466 499 203
476 519 40
494 541 257
495 506 15
501 507 189
531 556 163
542 550 63
545 553 60
553 590 275
578 613 118
597 603 222
627 654 124
650 666 278
671 718 65
685 691 200
712 744 138
736 751 41
752 755 39
767 792 237
767 815 32
789 805 223
813 830 96
834 873 140
863 877 127
877 890 104
881 907 95
893 898 125
907 950 175
924 953 118
938 964 254
950 960 226
952 957 81
971 991 114
990 1001 133
1014 1048 15
1028 1046 152
1040 1056 87
1043 1091 31
1067 1076 224
1092 1105 187
1112 1148 267
1123 1141 286
1133 1145 270
1162 1212 120
1186 1233 185
1192 1205 115
1217 1257 218
1229 1248 209
1247 1268 252
1265 1286 298
1288 1338 287
1296 1324 68
1325 1366 122
1341 1379 244
1351 1390 32
1361 1399 65
1382 1398 33
1391 1406 102
1400 1417 290
1407 1456 251
1426 1441 175
1451 1491 272
1467 1506 262
1491 1534 214
1515 1526 124
1527 1541 234
1540 1577 178
1547 1595 97
1575 1611 168
