100
6 20 32
29 53 271
34 70 35
58 100 242
83 87 276
85 110 268
112 125 36
124 174 13
124 137 81
134 148 180
147 155 10
172 209 268
173 195 285
196 217 235
200 234 174
210 256 200
216 261 217
237 250 225
262 284 4
267 302 20
288 330 163
304 349 80
313 357 128
327 360 251
337 357 82
360 372 100
377 409 80
378 412 144
391 395 45
419 469 240
444 491 111
462 493 270
467 487 204
485 498 86
500 523 168
509 539 217
514 522 107
522 549 257
529 566 215
534 551 2
551 593 143
555 565 269
570 589 26
581 589 15
589 639 23
619 662 300
631 658 228
642 671 23
649 695 127
657 673 133
683 717 147
687 717 255
706 735 119
716 751 17
717 725 201
725 744 127
751 757 196
756 761 9
763 784 55
784 816 257
787 814 86
811 812 230
835 864 254
841 881 172
867 904 10
878 923 106
888 934 56
895 931 174
917 940 161
918 924 265
919 957 104
946 948 139
956 974 112
956 992 251
976 1007 166
998 1022 183
1022 1027 26
1030 1046 221
1032 1069 73
1034 1081 276
1053 1073 139
1054 1060 290
1062 1100 81
1087 1090 56
1106 1149 259
1129 1150 251
1158 1186 136
1164 1213 87
1190 1231 146
1208 1238 60
1210 1253 238
1233 1268 121
1252 1267 59
1252 1280 190
1272 1312 189
1286 1322 83
1304 1342 198
1331 1364 142
1347 1382 165
1351 1392 224
