100
26 30 33
27 70 283
56 57 62
59 91 234
70 115 265
82 127 107
85 128 44
113 146 197
140 168 98
167 173 109
183 197 163
202 247 214
228 248 196
253 295 135
274 293 60
285 301 36
289 296 194
309 345 116
315 327 248
320 348 215
331 354 79
346 384 63
357 368 79
369 372 135
392 433 156
417 462 264
446 458 266
471 511 130
489 533 258
505 529 278
524 574 296
546 553 281
564 589 213
593 632 253
618 654 247
633 682 63
663 690 46
680 708 140
693 694 166
715 756 263
741 770 289
756 779 263
776 798 225
803 837 291
803 819 269
812 839 274
816 864 141
834 854 229
848 882 7
858 896 215
888 919 280
907 921 98
924 952 255
937 965 276
959 984 148
968 980 169
976 988 26
985 1003 277
995 1036 162
1011 1052 93
1030 1074 67
1046 1067 265
1050 1096 254
1078 1122 298
1107 1110 72
1113 1131 49
1129 1153 211
1147 1158 122
1155 1192 264
1174 1175 160
1176 1177 54
1196 1215 46
1207 1228 149
1228 1275 282
1256 1296 101
1272 1306 34
1286 1322 155
1296 1331 160
1304 1325 55
1309 1356 145
1324 1349 3
1332 1334 202
1359 1395 43
1383 1385 58
1408 1456 45
1433 1467 87
1435 1455 179
1454 1481 53
1479 1483 120
1503 1507 281
1512 1560 20
1527 1558 20
1539 1564 59
1549 1556 252
1566 1575 156
1584 1589 134
1604 1641 236
1625 1639 20
1626 1656 127
1649 1697 196
