100
17 19 149
46 54 22
63 88 92
82 100 197
111 135 184
111 114 279
121 161 113
127 163 223
131 176 198
151 186 199
176 191 23
191 208 116
193 236 165
201 210 70
223 247 231
226 245 45
240 246 245
245 259 108
267 273 91
293 322 147
319 322 88
320 344 193
335 357 91
353 365 174
382 426 241
406 435 286
426 462 20
430 471 151
434 471 117
439 477 210
469 495 111
472 507 152
494 506 75
506 517 117
523 569 18
538 551 88
538 557 86
554 584 293
556 566 255
558 592 191
559 600 210
585 622 280
598 607 253
610 654 104
616 623 139
633 646 11
640 647 97
648 684 226
654 673 225
678 721 187
692 705 271
710 713 111
722 731 2
749 785 269
764 805 35
779 828 148
808 843 154
814 846 132
823 829 8
851 901 246
873 880 287
881 911 123
896 946 97
909 924 105
934 938 69
943 950 45
962 1011 171
967 991 94
982 998 156
993 1038 219
994 1026 195
1021 1029 173
1034 1067 200
1041 1081 38
1059 1104 140
1072 1081 159
1091 1127 285
1120 1143 264
1143 1145 222
1165 1188 84
1171 1173 271
1174 1215 245
1175 1185 260
1199 1240 233
1210 1257 155
1219 1227 168
1225 1241 57
1235 1250 298
1258 1292 177
1288 1304 5
1310 1347 163
1334 1378 110
1361 1401 126
1380 1408 246
1404 1423 189
1409 1450 83
1436 1485 172
1443 1460 94
1468 1472 299
1484 1515 134
