100
3 37 81
27 44 190
42 82 274
70 111 272
83 107 172
106 137 61
131 146 273
155 202 135
181 197 225
204 250 216
213 223 228
243 245 21
254 262 276
273 313 113
303 349 99
312 359 183
313 321 167
324 344 295
328 350 110
329 335 198
349 395 177
371 374 238
382 426 204
399 417 2
428 448 48
450 452 232
461 484 208
476 482 136
481 522 274
509 540 123
516 527 225
541 560 200
559 599 40
577 578 110
578 620 41
599 646 34
609 610 280
632 662 105
638 665 145
648 652 37
668 710 64
669 676 170
681 724 173
693 742 66
697 702 121
722 734 41
732 758 128
742 782 26
752 774 91
753 764 14
757 783 90
786 819 279
811 838 18
834 859 29
845 858 18
870 893 141
893 931 192
914 936 129
939 979 209
946 954 242
957 978 31
962 1004 94
964 992 103
974 997 191
1000 1017 131
1030 1065 229
1042 1063 46
1044 1063 141
1069 1077 97
1078 1092 60
1095 1145 250
1096 1143 235
1097 1108 240
1103 1133 198
1103 1108 257
1105 1127 133
1133 1140 47
1135 1183 268
1155 1173 72
1172 1190 102
1189 1222 70
1205 1253 80
1230 1250 184
1252 1265 45
1273 1307 88
1290 1297 95
1291 1306 68
1302 1343 138
1315 1319 42
1322 1337 131
1344 1357 15
1347 1372 28
1349 1365 162
1361 1407 230
1363 1384 214
1366 1403 219
1378 1419 279
1378 1401 143
1392 1433 119
1406 1435 77
