100
1 38 233
12 19 89
12 54 65
19 55 219
26 47 195
36 68 92
37 85 156
39 88 259
64 106 254
71 101 37
94 120 252
117 167 126
121 129 63
123 166 22
141 166 66
155 194 214
162 193 215
175 191 230
184 197 295
203 240 177
225 250 227
245 287 103
262 290 104
283 332 177
307 321 247
326 345 51
356 406 104
382 388 226
386 407 207
391 410 71
417 418 100
433 479 232
438 472 284
450 481 300
477 512 127
492 535 156
517 557 128
546 572 19
575 612 111
587 612 29
596 618 229
612 626 136
628 650 2
640 648 176
647 661 141
661 701 203
676 678 218
696 731 53
710 751 23
736 749 275
743 750 86
755 795 46
782 791 58
800 834 138
812 854 259
830 835 168
831 838 234
833 838 111
845 853 85
858 882 29
888 899 40
893 929 195
918 937 70
932 971 128
943 952 73
943 967 285
967 984 142
997 1000 22
997 1043 37
1026 1029 258
1034 1036 265
1058 1102 127
1088 1111 174
1118 1129 92
1118 1157 120
1141 1190 248
1169 1212 203
1192 1201 78
1202 1205 21
1231 1252 16
1247 1260 20
1263 1311 67
1268 1277 178
1287 1308 286
1306 1323 143
1313 1317 142
1313 1333 108
1335 1379 31
1365 1394 70
1370 1388 297
1377 1423 76
1399 1419 123
1407 1456 253
1434 1469 186
1437 1438 269
1446 1455 243
1460 1491 228
1487 1521 279
1501 1537 210
1505 1552 183
