100
6 39 17
21 68 44
28 61 155
42 82 267
67 112 260
75 124 39
77 103 41
83 94 218
98 147 175
108 112 63
113 120 230
134 178 94
162 175 237
186 202 36
192 226 37
197 216 153
224 244 134
231 281 234
247 256 162
251 285 99
261 303 116
263 279 54
266 284 26
277 301 221
279 324 137
290 304 187
295 345 214
303 335 144
312 337 150
324 345 275
353 365 215
370 383 144
386 421 67
415 456 299
420 454 89
439 467 299
468 505 188
475 493 276
505 555 137
508 539 72
509 559 196
528 575 119
547 554 134
561 565 125
586 587 70
606 629 238
633 662 156
642 670 141
656 671 197
685 716 112
706 740 284
712 719 49
716 757 121
742 761 244
765 813 78
793 795 65
800 801 105
830 855 252
836 847 197
847 897 218
855 873 166
879 895 130
887 892 19
906 909 164
916 947 273
918 929 95
939 959 7
940 970 143
941 963 112
955 969 198
955 968 234
980 993 44
1010 1011 40
1013 1063 65
1026 1036 116
1039 1060 284
1042 1051 195
1050 1063 152
1051 1087 43
1076 1106 278
1091 1093 196
1121 1164 65
1124 1145 56
1154 1198 128
1163 1196 12
1174 1201 21
1202 1221 274
1223 1252 29
1237 1238 28
1259 1264 96
1277 1298 290
1290 1309 16
1307 1340 151
1333 1353 167
1360 1368 10
1378 1393 239
1408 1430 63
1411 1413 260
1414 1451 193
1426 1454 293
