100
11 13 201
28 37 239
41 79 244
71 82 293
98 126 29
108 124 145
137 167 87
166 178 29
190 233 141
195 211 264
224 262 176
229 233 64
234 265 136
248 254 58
263 290 202
278 280 278
284 310 236
304 323 188
318 356 143
344 370 103
363 377 274
392 399 182
408 418 255
433 478 176
443 464 179
469 508 249
476 509 217
477 504 79
480 526 222
495 518 145
515 537 218
522 538 207
533 535 166
550 595 241
565 581 296
594 604 68
607 613 123
635 641 72
640 674 94
664 709 88
670 682 177
671 683 283
696 735 35
717 753 163
744 794 242
759 771 101
761 801 224
790 807 3
812 848 271
817 818 13
830 880 137
835 860 194
865 894 181
886 929 227
907 931 10
924 944 146
952 969 130
975 1000 217
982 1027 261
1008 1018 298
1014 1049 33
1034 1059 278
1043 1061 17
1070 1101 44
1086 1136 274
1096 1102 114
1107 1127 199
1136 1168 77
1137 1138 158
1138 1150 96
1144 1189 209
1157 1197 130
1157 1202 270
1165 1179 32
1190 1226 161
1190 1204 276
1202 1215 172
1223 1232 220
1248 1270 159
1251 1261 222
1279 1305 223
1287 1322 237
1316 1320 169
1323 1345 88
1346 1373 224
1360 1386 241
1388 1426 158
1414 1439 212
1434 1446 243
1435 1465 90
1451 1498 244
1480 1507 1
1490 1521 206
1511 1545 286
1527 1539 161
1535 1560 230
1549 1583 72
1578 1601 6
1580 1614 208
1589 1595 253
