100
21 58 25
28 34 68
56 72 116
73 119 262
83 102 23
83 102 15
90 107 191
91 137 108
93 111 209
102 118 110
104 133 6
110 137 9
119 125 191
141 177 216
158 166 28
187 234 6
192 195 153
216 255 18
240 290 192
247 266 133
263 265 62
277 309 5
289 333 257
319 358 129
320 367 115
331 352 86
331 375 297
341 379 28
353 374 124
374 376 44
396 421 198
416 439 92
430 433 240
437 438 192
467 469 179
497 519 163
508 536 235
521 570 11
531 558 146
556 597 7
557 567 225
561 598 29
564 570 76
588 592 108
593 604 99
606 617 108
622 661 241
648 651 124
648 658 171
657 684 237
661 699 14
663 686 205
679 687 206
704 721 173
724 745 191
741 758 102
745 784 78
757 775 106
782 808 154
799 849 151
816 819 105
840 890 203
855 879 114
885 912 89
908 938 261
919 949 168
948 950 291
950 964 35
973 995 229
1002 1046 144
1014 1035 87
1040 1079 232
1058 1099 168
1058 1093 45
1075 1123 137
1083 1087 71
1092 1128 8
1107 1148 174
1124 1150 147
1151 1182 295
1169 1175 248
1197 1247 120
1221 1252 21
1236 1242 62
1245 1269 300
1247 1254 257
1262 1286 169
1268 1296 115
1274 1305 88
1285 1288 273
1310 1335 139
1312 1335 229
1339 1347 274
1360 1391 266
1361 1374 59
1378 1423 212
1391 1408 196
1421 1445 250
1431 1458 53
1453 1478 195
