100
3 21 84
9 46 232
37 70 31
46 48 58
60 95 42
69 104 60
94 100 263
111 138 194
117 132 221
136 186 120
159 180 47
184 194 183
205 227 119
221 233 104
232 257 3
249 278 59
266 312 171
270 299 74
270 280 294
274 289 289
302 322 40
307 344 241
328 347 297
342 368 28
345 363 142
352 354 102
373 381 283
386 419 122
409 416 7
432 467 47
450 455 300
460 495 80
490 517 106
517 525 37
542 567 256
570 614 224
576 622 220
595 606 151
598 606 25
613 618 48
623 660 268
647 683 209
663 681 250
689 693 43
717 744 260
735 772 96
756 757 197
776 810 156
790 797 191
799 835 273
828 837 298
845 846 52
859 903 42
888 891 27
896 921 298
898 909 99
899 937 207
925 975 118
949 952 188
967 1004 33
978 988 122
1008 1036 37
1019 1048 156
1039 1073 286
1053 1087 195
1057 1102 102
1061 1074 57
1079 1108 83
1109 1154 245
1135 1160 72
1142 1144 57
1147 1169 104
1154 1204 135
1164 1201 251
1166 1192 79
1189 1197 38
1215 1216 133
1229 1273 135
1252 1265 212
1275 1277 128
1287 1320 286
1304 1326 41
1317 1324 133
1319 1324 135
1320 1365 220
1327 1368 289
1331 1351 61
1338 1379 274
1365 1396 299
1379 1424 268
1398 1432 140
1401 1434 91
1429 1457 190
1445 1493 51
1445 1480 11
1468 1498 182
1494 1506 64
1497 1499 114
1498 1523 74
1503 1525 193
