100
1 17 279
6 37 264
23 24 290
32 38 85
61 68 284
69 107 28
91 133 92
112 113 184
129 137 189
149 175 283
174 207 16
197 212 33
220 255 265
221 258 178
249 295 128
274 297 50
279 316 103
279 282 166
293 331 170
315 352 221
329 373 91
348 383 279
367 383 176
392 418 281
420 432 112
431 476 68
441 473 222
466 505 114
492 514 156
496 500 55
520 567 124
541 575 206
543 557 204
549 581 125
566 614 155
569 576 81
587 619 211
591 605 37
598 617 57
614 620 259
644 658 247
649 685 109
663 672 197
678 704 106
703 748 300
720 739 191
747 756 9
762 808 281
781 803 50
795 802 234
797 843 72
820 870 245
850 858 32
856 884 99
876 898 254
887 896 159
891 939 136
899 901 91
905 938 23
914 923 255
938 947 107
954 955 19
978 1000 127
986 1014 219
1011 1047 19
1030 1056 214
1031 1069 25
1032 1063 137
1037 1060 164
1040 1061 28
1062 1075 44
1081 1089 14
1090 1112 13
1118 1134 229
1144 1193 37
1144 1175 268
1165 1200 24
1193 1209 108
1199 1200 196
1216 1243 25
1224 1234 78
1237 1260 189
1256 1276 18
1276 1291 52
1277 1319 295
1294 1302 145
1319 1368 151
1349 1350 160
1358 1384 32
1378 1420 21
1402 1436 212
1421 1455 71
1431 1437 83
1444 1491 252
1470 1473 161
1470 1512 242
1484 1505 127
1488 1492 282
1511 1519 124
1520 1570 60
