100
24 40 98
40 59 77
66 84 219
89 109 168
114 115 148
130 176 23
146 170 154
171 214 51
197 223 105
219 230 173
241 263 207
245 250 183
256 284 117
275 276 171
286 297 105
301 307 65
331 341 46
345 353 179
358 360 99
377 405 149
385 416 156
395 428 111
423 468 286
438 453 286
464 508 201
465 503 137
489 539 123
490 527 196
511 554 165
512 534 91
519 541 198
536 584 98
548 570 91
565 568 132
570 603 112
578 620 291
596 636 80
619 628 55
628 670 33
632 668 284
636 654 144
644 652 248
662 680 92
667 669 1
683 724 269
702 714 114
730 751 80
751 755 162
773 805 92
786 803 114
789 835 273
803 852 272
826 867 58
830 875 66
847 877 102
853 876 185
873 899 78
893 919 245
897 909 198
901 905 128
921 946 235
927 949 37
934 974 121
935 960 2
935 975 1
945 978 128
951 994 294
973 992 290
983 993 133
991 1025 78
1004 1032 17
1031 1032 209
1035 1040 46
1042 1081 246
1063 1092 230
1085 1116 271
1113 1162 189
1117 1143 24
1118 1119 153
1131 1175 299
1155 1203 293
1168 1209 105
1175 1222 94
1199 1228 39
1227 1237 32
1256 1280 110
1256 1296 254
1264 1288 177
1269 1301 114
1285 1309 21
1310 1360 4
1312 1320 2
1321 1339 110
1329 1364 165
1340 1377 284
1365 1369 7
1377 1380 53
1388 1393 175
1395 1409 144
1418 1465 6
