100
24 73 61
53 78 127
68 79 206
80 84 270
110 133 241
132 138 243
149 163 81
174 205 253
185 192 222
198 206 152
221 258 102
223 257 109
244 247 125
254 296 201
261 279 180
275 310 6
297 343 163
307 339 70
328 339 49
348 380 275
356 394 78
364 367 227
368 390 155
390 420 117
411 429 64
417 433 15
429 438 53
459 464 34
472 481 213
484 500 223
490 509 248
506 532 260
510 544 244
535 563 144
546 567 17
558 590 122
570 577 139
586 618 210
600 608 279
614 619 284
643 676 105
671 685 14
686 732 67
706 736 270
736 750 271
751 779 145
754 769 261
775 793 119
775 796 61
778 812 120
785 798 13
815 861 62
842 873 95
843 861 235
872 896 137
888 919 11
905 947 51
927 942 56
947 988 220
964 1004 290
969 971 237
980 1013 14
988 1016 47
1015 1045 2
1017 1067 294
1024 1056 232
1030 1052 237
1055 1087 32
1077 1122 269
1105 1155 251
1107 1143 253
1115 1140 45
1143 1145 161
1167 1198 185
1169 1198 101
1190 1194 58
1217 1247 19
1244 1265 244
1272 1305 190
1284 1328 255
1301 1326 111
1319 1335 113
1323 1364 32
1337 1358 29
1341 1373 8
1345 1364 258
1360 1376 73
1383 1393 204
1397 1421 24
1421 1434 57
1451 1472 141
1452 1463 290
1480 1526 126
1482 1486 176
1507 1517 153
1515 1557 149
1540 1562 194
1544 1585 178
1569 1580 144
1586 1628 282
