100
8 12 243
11 32 165
26 59 241
27 33 174
41 46 145
64 85 80
65 67 208
85 135 95
88 102 1
100 123 30
126 171 158
140 169 185
158 172 296
158 203 11
185 225 65
185 210 249
190 202 141
195 202 83
210 252 255
221 225 127
222 237 144
232 278 89
234 271 1
237 266 127
266 309 53
291 297 151
319 362 201
341 348 215
343 384 98
363 367 274
363 366 104
392 396 145
400 439 77
430 464 238
445 489 84
466 494 38
481 523 48
488 507 196
512 538 241
520 523 54
524 530 31
542 562 211
545 556 294
551 563 144
555 601 178
557 565 284
580 584 59
593 611 195
609 651 189
634 649 213
659 693 103
675 695 183
678 697 17
678 702 183
679 720 152
707 723 110
715 742 210
723 737 235
753 766 221
770 803 237
789 809 288
805 827 117
834 853 296
853 900 86
877 920 108
907 915 204
917 957 11
920 932 148
938 971 118
952 968 106
954 991 4
958 977 286
958 965 223
978 994 273
987 991 169
1007 1021 32
1035 1080 179
1048 1050 275
1069 1070 21
1077 1097 130
1107 1133 61
1115 1144 251
1124 1172 9
1128 1143 112
1132 1150 158
1141 1187 249
1158 1193 138
1177 1193 236
1188 1212 16
1193 1200 1
1210 1236 75
1229 1247 18
1237 1271 164
1240 1257 14
1262 1290 295
1286 1301 164
1292 1324 160
1313 1354 11
1314 1317 251
1314 1321 98
