100
30 36 232
36 51 217
53 90 220
60 103 242
84 89 76
85 120 34
90 130 257
115 116 29
135 184 50
152 186 108
160 209 47
175 197 286
192 227 4
221 235 255
233 264 284
241 267 20
241 276 126
244 279 70
263 300 277
278 326 191
307 318 44
312 354 162
325 333 263
336 346 273
345 361 155
352 371 298
379 389 108
401 446 223
420 469 34
421 448 251
432 441 32
448 477 296
453 464 224
480 494 154
509 547 180
527 535 173
540 547 208
564 608 152
567 616 188
594 611 200
604 620 208
613 640 73
625 653 170
625 631 236
644 651 273
646 669 60
663 685 165
665 684 163
684 709 89
702 717 23
721 743 147
725 738 135
747 770 190
754 795 134
772 786 10
772 818 247
798 804 143
819 842 207
825 850 43
831 875 238
852 874 180
882 914 84
912 949 275
919 939 87
946 947 262
969 995 45
996 1040 51
1016 1052 199
1020 1042 142
1020 1022 132
1035 1081 260
1036 1079 74
1045 1088 106
1046 1054 128
1062 1102 36
1063 1104 125
1082 1124 236
1099 1122 60
1128 1136 83
1141 1175 175
1166 1191 96
1177 1205 58
1205 1230 210
1231 1269 4
1236 1255 250
1261 1286 272
1266 1298 11
1277 1299 204
1304 1339 63
1305 1351 116
1323 1326 288
1344 1393 60
1358 1406 210
1366 1373 174
1385 1394 139
1390 1402 285
1412 1438 252
1430 1475 16
1440 1459 288
1459 1496 12
