100
29 76 71
33 74 39
51 94 99
78 114 42
89 112 214
107 157 31
135 143 77
161 162 219
164 196 180
175 191 45
176 213 196
199 243 139
203 253 71
224 228 293
249 289 82
253 299 134
272 304 94
291 341 61
291 298 186
302 349 179
303 346 161
333 376 173
341 377 277
357 399 183
366 410 169
377 406 29
399 431 261
416 428 103
421 425 300
443 451 72
458 464 32
460 468 112
467 502 123
493 511 24
511 552 75
532 569 89
539 578 1
563 567 67
566 580 216
572 615 252
590 640 298
607 656 109
620 630 40
622 637 111
633 673 144
644 689 141
672 714 49
695 713 48
696 722 25
708 723 257
728 738 244
732 739 85
758 790 48
786 834 2
797 824 205
824 837 27
832 836 107
842 863 47
842 884 221
865 884 104
892 916 190
920 929 56
923 937 283
947 972 45
972 1000 61
1000 1033 281
1017 1035 237
1038 1056 228
1044 1046 21
1060 1076 290
1066 1091 220
1086 1093 126
1106 1134 146
1130 1149 93
1151 1166 166
1181 1206 37
1195 1223 297
1200 1237 74
1218 1263 125
1231 1248 158
1255 1280 145
1257 1260 147
1271 1318 84
1300 1347 291
1318 1358 12
1319 1353 253
1329 1374 151
1345 1393 230
1370 1377 40
1398 1443 134
1414 1461 255
1417 1439 23
1430 1462 173
1457 1480 224
1459 1493 94
1476 1483 203
1500 1548 251
1503 1540 115
1518 1562 90
1522 1563 48
