200
25 61 267
36 75 107
48 55 189
72 74 274
95 114 207
108 117 275
124 144 157
127 167 121
144 165 105
160 184 1
185 187 167
187 209 213
212 215 239
234 279 240
238 246 295
265 282 300
284 308 293
297 332 85
304 312 242
329 353 58
329 356 35
338 385 151
349 368 60
353 380 57
375 389 237
399 410 132
420 449 258
437 459 252
463 501 257
475 480 99
476 493 90
478 494 15
488 522 59
494 543 138
518 546 126
524 538 91
551 580 194
558 574 120
581 584 277
584 621 17
592 637 242
613 658 279
615 631 205
636 650 222
646 658 134
651 659 250
679 693 289
687 708 139
717 758 254
734 756 279
738 787 198
759 790 190
771 788 19
799 841 5
804 817 50
813 820 186
842 863 5
867 868 64
890 939 227
890 931 293
919 944 25
944 991 105
948 949 20
954 961 165
984 993 165
993 1022 271
997 1039 208
1002 1032 115
1026 1076 188
1055 1060 30
1082 1101 171
1111 1143 221
1138 1168 288
1161 1183 278
1190 1230 288
1209 1213 262
1213 1258 112
1218 1234 252
1238 1239 220
1238 1281 59
1243 1251 52
1266 1297 182
1291 1308 129
1312 1350 35
1315 1353 151
1321 1323 56
1325 1344 217
1353 1389 257
1354 1367 165
1374 1385 276
1387 1395 171
1415 1428 201
1423 1447 114
1430 1449 250
1431 1436 95
1453 1455 216
1464 1469 98
1465 1505 31
1495 1513 216
1495 1544 198
1497 1498 231
1518 1536 18
1520 1570 278
1531 1533 148
1554 1604 215
1583 1588 241
1600 1633 285
1601 1633 248
1629 1637 49
1646 1670 37
1664 1714 52
1692 1726 81
1694 1722 3
1713 1744 121
1720 1768 130
1731 1754 53
1746 1763 30
1762 1797 186
1771 1811 196
1783 1791 6
1790 1793 13
1795 1827 172
1811 1858 281
1828 1876 184
1829 1854 241
1852 1878 284
1874 1890 217
1886 1895 221
1913 1922 219
1917 1960 280
1945 1954 57
1948 1985 129
1975 1998 297
1994 2016 190
2004 2036 82
2022 2044 130
2044 2069 212
2064 2086 168
2064 2075 218
2080 2090 195
2098 2117 158
2123 2139 47
2125 2153 230
2153 2190 145
2167 2191 266
2187 2217 32
2194 2196 34
2220 2259 167
2230 2239 61
2250 2252 45
2272 2274 253
2293 2309 246
2311 2354 245
2312 2328 16
2329 2360 155
2338 2371 26
2339 2354 123
2349 2358 238
2375 2385 212
2393 2438 17
2395 2413 207
2423 2453 183
2436 2444 195
2442 2464 163
2450 2490 248
2472 2475 137
2500 2514 105
2516 2523 262
2533 2565 40
2538 2540 140
2543 2590 244
2560 2577 171
2567 2617 41
2577 2578 17
2605 2617 238
2612 2627 174
2630 2632 261
2645 2686 236
2654 2667 191
2684 2696 134
2712 2751 271
2739 2773 92
2749 2766 26
2758 2790 220
2776 2806 247
2804 2811 246
2821 2851 299
2837 2874 169
2853 2888 119
2875 2924 181
2885 2929 244
2912 2950 284
2937 2968 242
2958 3001 105
2968 2998 167
2982 2986 176
2990 3037 109
2995 3035 162
2996 2998 11
3000 3009 233
