200
5 48 125
9 22 199
32 39 110
53 93 88
82 115 224
93 122 257
97 127 119
100 101 226
107 142 145
128 163 298
157 185 257
163 164 13
175 225 248
198 199 158
198 216 96
207 243 290
214 238 238
223 268 231
247 292 169
256 271 85
285 311 52
308 352 104
328 343 230
333 359 83
335 352 94
360 409 145
387 429 123
415 430 8
418 451 86
435 472 143
442 447 177
444 483 231
465 510 117
476 507 73
492 527 230
511 536 159
516 527 1
517 565 209
527 535 7
535 575 155
562 589 299
579 584 264
583 584 197
585 629 276
586 635 113
607 632 296
626 665 284
654 694 111
659 700 121
672 694 35
687 693 235
689 713 23
712 723 286
725 759 264
745 751 153
760 806 164
773 785 186
784 794 77
796 817 84
809 824 198
814 827 279
824 850 262
846 849 282
870 873 73
883 918 13
888 917 60
909 937 295
928 975 242
937 977 262
955 968 258
969 977 268
973 1000 121
978 1006 50
994 1027 213
1000 1034 199
1016 1064 145
1034 1067 212
1037 1076 262
1061 1091 151
1068 1097 180
1071 1111 33
1079 1119 14
1090 1123 144
1118 1121 244
1132 1142 52
1161 1170 148
1170 1178 123
1175 1206 146
1200 1226 81
1217 1226 53
1220 1249 15
1250 1293 139
1267 1292 10
1297 1303 196
1315 1332 163
1335 1361 266
1347 1370 206
1367 1383 112
1371 1389 267
1388 1428 256
1408 1413 242
1411 1426 36
1411 1429 239
1427 1429 199
1430 1444 183
1451 1486 45
1461 1499 58
1490 1501 227
1510 1560 16
1522 1567 235
1529 1555 243
1532 1548 87
1534 1547 90
1554 1601 144
1566 1598 74
1577 1598 70
1592 1614 57
1608 1618 160
1616 1637 31
1631 1674 41
1632 1638 241
1632 1648 36
1641 1675 287
1648 1671 195
1659 1677 238
1664 1698 56
1670 1690 68
1690 1711 43
1707 1744 252
1724 1738 261
1732 1752 241
1734 1766 37
1764 1772 206
1780 1814 130
1786 1806 230
1792 1839 174
1818 1836 60
1848 1854 132
1873 1884 154
1888 1894 236
1907 1947 214
1907 1945 1
1912 1949 35
1914 1936 120
1940 1951 121
1940 1950 181
1965 1986 49
1983 2011 153
2009 2012 177
2039 2049 257
2062 2076 65
2067 2115 76
2092 2125 175
2109 2139 196
2116 2164 114
2118 2135 28
2124 2155 88
2141 2162 278
2143 2171 83
2158 2183 168
2182 2186 206
2182 2219 94
2185 2225 23
2187 2227 20
2217 2257 142
2236 2279 227
2241 2249 46
2265 2307 217
2267 2279 222
2293 2317 281
2312 2334 78
2326 2376 167
2345 2395 15
2359 2391 285
2378 2399 289
2395 2402 162
2400 2442 287
2421 2433 146
2432 2461 244
2450 2462 193
2453 2497 116
2480 2486 186
2480 2485 129
2480 2530 73
2504 2524 167
2516 2518 251
2537 2540 290
2554 2603 186
2557 2584 256
2567 2605 83
2596 2629 143
2605 2626 240
2623 2632 138
2636 2640 4
2636 2681 1
2661 2706 29
2666 2705 124
2681 2682 36
2697 2709 186
2719 2763 240
