200
21 53 282
27 69 188
51 74 38
52 75 8
52 91 181
65 113 216
69 71 83
93 122 13
120 147 265
124 166 149
153 185 263
169 214 272
182 215 122
192 199 173
216 231 16
240 259 179
240 251 24
245 273 25
270 285 213
288 335 18
289 337 272
312 361 41
313 345 162
339 380 110
340 390 291
362 409 264
367 368 213
393 405 28
416 448 135
422 462 241
445 459 163
471 508 58
488 520 176
508 510 16
516 553 238
532 560 270
550 591 209
550 599 108
565 604 73
592 627 283
600 633 21
612 629 79
617 619 152
633 637 94
647 667 27
653 703 38
667 691 269
672 702 183
685 701 193
687 702 132
696 737 248
716 759 63
745 768 83
757 789 74
771 794 171
793 798 152
810 811 36
825 839 147
839 849 68
867 913 272
875 891 15
897 922 120
921 930 215
949 965 235
958 998 248
961 967 43
974 997 88
995 1018 39
1016 1019 226
1021 1039 232
1041 1053 183
1063 1075 30
1066 1093 157
1072 1102 36
1100 1128 52
1115 1153 19
1141 1166 114
1162 1186 200
1191 1230 60
1205 1235 186
1214 1256 199
1225 1253 252
1228 1251 281
1236 1274 218
1259 1274 95
1261 1274 278
1272 1276 186
1293 1310 103
1305 1348 237
1331 1380 284
1356 1383 93
1358 1377 169
1379 1414 175
1384 1412 151
1389 1438 41
1417 1442 222
1447 1462 217
1470 1497 152
1498 1543 203
1508 1519 274
1535 1576 13
1553 1555 202
1574 1617 117
1597 1600 281
1622 1631 34
1648 1652 23
1660 1665 104
1683 1700 202
1689 1713 163
1700 1747 291
1725 1770 80
1736 1768 222
1750 1794 71
1776 1786 210
1805 1815 259
1832 1844 206
1851 1899 175
1871 1914 194
1886 1918 142
1911 1948 169
1927 1948 165
1928 1945 121
1932 1933 132
1951 1983 128
1972 2022 14
1972 1991 110
1990 2010 145
1995 2005 12
1999 2042 146
2018 2034 130
2022 2058 187
2040 2073 45
2066 2086 193
2092 2102 218
2108 2135 191
2113 2140 161
2134 2175 29
2135 2178 131
2153 2178 269
2169 2205 286
2171 2195 23
2180 2199 36
2204 2219 172
2225 2246 139
2225 2269 236
2239 2250 3
2254 2291 218
2257 2303 244
2263 2278 179
2290 2326 5
2294 2327 10
2308 2332 55
2321 2336 246
2322 2344 180
2351 2354 8
2361 2408 71
2388 2407 12
2418 2433 47
2426 2476 121
2456 2480 180
2478 2498 85
2485 2489 185
2502 2542 50
2517 2560 238
2543 2549 250
2569 2604 20
2569 2578 76
2573 2595 249
2587 2623 55
2604 2623 259
2619 2663 60
2639 2662 273
2643 2662 239
2648 2670 200
2667 2687 60
2676 2695 272
2687 2699 26
2702 2732 50
2732 2778 70
2750 2782 155
2756 2760 92
2758 2775 228
2767 2775 201
2772 2788 135
2776 2811 242
2791 2812 129
2792 2794 295
2800 2843 271
2813 2861 118
2823 2838 85
2848 2886 245
2848 2858 102
2875 2905 64
2905 2906 211
2921 2960 276
2946 2977 165
2955 2998 79
2964 2966 75
2994 3005 186
2998 3019 287
