200
24 72 16
27 51 218
50 56 97
52 78 176
82 84 118
111 121 278
119 132 257
138 144 8
164 198 19
194 200 155
214 241 243
234 280 13
250 272 294
251 284 29
277 289 266
298 337 88
328 350 178
334 373 209
343 393 249
346 384 8
360 385 172
387 420 148
401 429 97
425 474 256
436 448 244
458 480 107
474 521 100
475 482 78
489 513 141
514 551 64
534 537 292
535 542 138
557 604 294
572 580 170
593 631 275
601 632 100
614 646 108
641 656 24
650 679 56
654 666 150
683 730 245
710 730 62
735 754 249
739 753 149
744 759 148
749 780 281
768 814 274
794 841 70
809 817 46
814 829 212
840 877 195
849 885 229
858 894 284
871 902 136
894 920 246
924 929 90
938 964 166
944 984 107
960 966 69
968 988 2
995 1044 89
1018 1042 238
1030 1036 232
1033 1037 68
1045 1051 99
1065 1095 254
1081 1114 106
1101 1141 73
1131 1149 5
1137 1141 233
1139 1154 170
1161 1203 171
1180 1225 184
1210 1250 211
1218 1248 28
1225 1259 145
1250 1274 163
1255 1284 258
1255 1262 253
1277 1299 5
1277 1299 31
1288 1303 298
1299 1310 296
1299 1322 119
1326 1372 244
1354 1375 205
1378 1415 291
1381 1405 105
1398 1401 47
1400 1401 63
1423 1437 78
1451 1488 26
1474 1517 16
1487 1496 300
1498 1529 286
1512 1560 95
1514 1526 180
1534 1583 74
1557 1607 245
1578 1606 213
1584 1599 283
1591 1598 11
1594 1642 122
1608 1624 57
1632 1679 250
1651 1686 211
1665 1672 187
1680 1724 70
1688 1711 213
1718 1742 172
1726 1734 277
1750 1764 40
1774 1784 271
1776 1825 96
1776 1797 109
1777 1794 42
1781 1811 245
1801 1821 109
1804 1806 225
1812 1817 66
1840 1866 7
1867 1887 10
1869 1904 282
1869 1889 169
1871 1889 12
1885 1894 61
1905 1945 215
1912 1913 44
1938 1966 39
1949 1979 290
1958 2008 216
1977 2008 27
1978 2003 247
1987 2011 138
1989 2027 264
2011 2052 78
2027 2065 22
2041 2064 206
2048 2073 142
2066 2092 120
2091 2138 119
2120 2147 295
2133 2168 142
2151 2199 208
2178 2179 48
2201 2249 90
2204 2214 170
2234 2255 78
2242 2288 85
2264 2273 172
2286 2331 78
2302 2321 27
2330 2364 47
2334 2346 211
2343 2383 43
2363 2383 175
2389 2393 183
2416 2425 104
2424 2450 249
2448 2471 298
2452 2460 10
2480 2526 155
2484 2524 155
2486 2506 89
2495 2516 193
2520 2560 53
2535 2555 188
2542 2579 259
2558 2583 289
2563 2565 124
2569 2573 100
2570 2584 20
2594 2643 62
2605 2607 204
2634 2674 130
2660 2706 212
2688 2716 99
2716 2732 272
2718 2751 52
2719 2768 298
2745 2790 75
2757 2785 16
2768 2811 253
2792 2806 14
2801 2813 70
2805 2850 191
2833 2880 217
2857 2892 196
2883 2921 200
2889 2914 237
2893 2911 18
2901 2919 187
2915 2932 83
2936 2967 207
2962 3001 13
2986 3017 240
2997 3031 249
3021 3047 233
3035 3052 279
3053 3076 25
