200
20 36 97
34 50 102
54 74 79
57 67 221
70 111 89
72 79 111
79 129 79
86 118 189
104 146 95
108 131 177
133 174 20
158 176 130
161 199 4
165 209 239
165 185 151
170 179 121
200 229 26
229 262 69
259 297 299
272 292 4
275 322 173
282 319 87
307 335 169
309 328 116
312 354 229
332 356 60
338 353 15
341 372 282
344 388 174
365 387 153
370 388 126
373 387 257
382 431 152
408 444 137
438 456 238
453 456 132
458 461 14
472 483 234
500 502 100
522 561 215
527 546 101
541 585 81
559 562 18
564 594 31
581 622 22
584 629 186
606 646 168
606 652 154
617 661 57
621 661 258
639 682 236
646 658 4
646 696 188
660 671 240
679 687 128
706 732 76
724 746 288
733 735 196
733 752 297
736 750 245
756 760 178
785 814 151
808 824 9
810 857 274
826 846 268
829 858 187
832 880 23
838 857 124
842 845 232
859 894 230
868 884 180
881 908 159
882 916 206
885 914 10
892 938 199
913 956 10
923 958 271
938 942 173
968 982 154
998 1031 237
1009 1045 4
1019 1033 122
1023 1065 201
1028 1047 294
1040 1077 297
1060 1099 46
1086 1088 105
1093 1136 206
1110 1159 99
1131 1158 169
1138 1171 269
1152 1175 103
1174 1195 128
1186 1225 24
1196 1201 185
1213 1243 124
1228 1261 210
1258 1306 97
1276 1296 18
1285 1295 88
1297 1329 115
1308 1323 43
1320 1364 256
1336 1337 157
1364 1379 101
1384 1424 172
1414 1443 105
1415 1446 129
1435 1437 289
1437 1454 198
1452 1476 233
1460 1484 171
1467 1469 103
1480 1497 100
1502 1542 182
1511 1523 277
1530 1539 255
1554 1592 137
1573 1588 105
1586 1605 126
1586 1589 220
1603 1606 198
1612 1637 199
1613 1629 67
1640 1652 282
1670 1671 57
1695 1707 58
1718 1726 224
1737 1763 296
1756 1800 155
1761 1783 26
1767 1801 81
1768 1771 64
1797 1798 240
1821 1865 152
1839 1889 140
1852 1883 150
1857 1884 13
1879 1918 259
1879 1898 119
1892 1893 8
1907 1912 89
1933 1979 89
1959 1972 42
1961 1966 280
1970 1971 113
1972 1996 133
1998 2011 209
2025 2073 109
2046 2049 62
2065 2084 248
2084 2132 132
2112 2160 41
2114 2139 271
2116 2158 65
2129 2178 114
2141 2175 230
2167 2188 189
2168 2179 131
2198 2211 175
2204 2217 256
2216 2238 241
2241 2252 78
2247 2277 74
2249 2265 69
2254 2296 16
2283 2319 187
2289 2326 11
2310 2349 172
2326 2335 259
2337 2377 76
2342 2375 228
2362 2371 277
2368 2384 81
2393 2412 254
2411 2449 282
2421 2446 15
2430 2460 73
2433 2457 180
2441 2483 209
2449 2479 91
2479 2520 292
2493 2529 121
2503 2510 276
2522 2570 13
2541 2562 166
2544 2594 10
2555 2568 157
2584 2622 197
2608 2620 220
2636 2662 300
2647 2672 247
2671 2679 61
2684 2697 107
2699 2703 183
2712 2744 23
2721 2751 26
2731 2740 281
2731 2765 284
2753 2760 217
