200
10 22 274
19 31 258
26 64 258
54 76 183
76 124 241
77 80 107
93 122 188
102 140 288
117 162 33
119 152 247
135 146 80
143 174 241
154 192 125
159 162 280
177 225 42
179 194 255
200 241 284
229 241 136
259 298 39
276 278 188
303 347 150
315 362 110
328 347 145
348 372 124
363 388 66
363 364 247
377 384 173
402 449 1
409 456 261
425 442 221
430 459 54
446 480 6
468 489 208
492 523 108
492 505 265
520 559 271
539 566 78
541 575 168
558 565 79
560 573 262
573 607 206
600 633 103
606 623 58
631 671 66
638 674 28
645 680 143
668 689 40
698 746 297
702 708 121
732 756 250
745 778 71
754 800 276
778 827 208
792 832 158
808 818 57
815 859 103
837 886 87
853 877 150
866 912 237
884 932 212
906 919 288
906 908 177
908 919 100
912 917 123
931 950 99
937 980 274
946 972 21
959 1007 92
982 983 74
1002 1033 152
1018 1050 283
1048 1074 95
1068 1098 251
1091 1125 273
1094 1106 200
1122 1139 45
1128 1149 82
1139 1179 26
1164 1182 210
1175 1180 259
1182 1223 185
1192 1233 55
1193 1216 164
1215 1263 296
1222 1227 36
1246 1247 6
1272 1273 154
1283 1305 164
1295 1327 122
1324 1349 200
1343 1344 38
1346 1378 67
1352 1378 8
1353 1398 103
1379 1391 60
1386 1429 89
1399 1446 98
1426 1457 229
1445 1470 108
1471 1479 157
1487 1488 104
1499 1523 105
1506 1527 122
1518 1519 37
1524 1551 14
1545 1546 62
1556 1577 152
1582 1605 261
1610 1651 188
1630 1638 135
1656 1682 284
1661 1668 203
1673 1692 191
1693 1711 56
1702 1752 70
1729 1731 184
1748 1757 297
1772 1799 211
1778 1827 68
1793 1802 34
1814 1831 138
1815 1820 27
1822 1853 81
1845 1864 176
1852 1879 241
1877 1904 256
1899 1926 285
1923 1927 33
1927 1930 85
1952 1962 219
1960 1999 277
1961 1979 152
1978 2012 6
1982 1990 202
1985 2015 127
2005 2029 132
2024 2056 3
2043 2066 256
2068 2087 61
2072 2110 128
2080 2130 122
2083 2085 201
2107 2144 27
2122 2165 118
2127 2176 37
2133 2173 52
2156 2202 129
2165 2173 237
2192 2224 107
2203 2229 68
2208 2212 155
2215 2246 233
2231 2281 27
2249 2250 93
2269 2288 161
2277 2291 255
2290 2308 135
2297 2310 240
2326 2332 161
2337 2361 2
2366 2415 164
2389 2433 274
2393 2431 290
2420 2462 217
2434 2442 250
2439 2445 156
2444 2447 289
2471 2483 153
2481 2506 259
2491 2513 14
2517 2560 76
2535 2545 215
2558 2574 192
2564 2574 201
2586 2621 36
2594 2609 212
2614 2621 27
2638 2672 254
2658 2685 100
2664 2693 48
2673 2709 44
2677 2707 23
2705 2733 5
2706 2753 99
2725 2759 12
2745 2756 95
2752 2796 9
2752 2784 14
2760 2809 144
2761 2786 160
2766 2784 269
2783 2787 294
2804 2820 251
2811 2861 159
2835 2855 298
2852 2896 81
2882 2895 138
2882 2925 219
2886 2927 39
2900 2913 14
