200
30 69 62
33 79 219
46 56 217
67 80 190
95 110 212
111 135 296
122 162 288
139 183 131
169 184 294
186 226 13
210 238 13
232 264 86
235 258 250
245 278 271
246 265 186
266 273 272
269 305 45
269 294 203
284 322 133
296 302 113
322 331 111
343 391 179
346 352 71
371 421 261
380 399 155
406 409 199
426 443 19
443 482 56
467 505 261
485 508 74
510 559 287
536 565 191
562 564 56
563 575 212
584 629 160
594 641 88
616 656 139
620 666 105
621 655 160
630 637 294
648 694 125
673 721 115
689 702 128
719 722 232
737 772 182
739 762 118
749 785 256
774 813 70
797 843 225
810 812 217
828 830 186
835 868 203
853 885 236
865 899 60
886 921 267
891 908 89
912 938 235
937 982 157
945 970 115
946 978 220
968 1014 164
979 998 34
1006 1025 181
1026 1063 30
1039 1040 119
1057 1078 139
1063 1078 239
1072 1098 100
1072 1115 252
1089 1098 162
1105 1132 174
1107 1123 23
1113 1119 106
1135 1184 93
1157 1183 4
1160 1194 221
1188 1229 240
1194 1230 100
1217 1246 130
1223 1228 72
1240 1275 69
1246 1253 169
1270 1276 216
1275 1297 151
1296 1343 298
1308 1334 179
1324 1367 160
1332 1377 135
1338 1387 217
1360 1397 283
1377 1401 150
1394 1405 114
1421 1451 51
1440 1487 12
1458 1501 132
1473 1482 166
1500 1528 40
1517 1539 159
1532 1557 96
1545 1558 59
1562 1585 137
1569 1570 103
1575 1592 25
1589 1606 261
1594 1625 69
1624 1626 158
1648 1669 290
1657 1692 12
1682 1694 116
1694 1700 170
1702 1743 199
1707 1737 172
1725 1731 91
1741 1750 237
1746 1773 282
1765 1805 215
1779 1813 107
1780 1799 224
1807 1840 23
1811 1825 119
1820 1851 241
1840 1888 141
1855 1876 180
1861 1878 35
1878 1884 221
1901 1942 254
1931 1952 40
1944 1981 281
1954 1988 179
1981 2024 220
1987 2025 244
2014 2053 107
2032 2078 3
2045 2074 284
2060 2100 215
2090 2128 162
2091 2123 215
2111 2136 163
2130 2176 67
2145 2174 250
2151 2179 273
2178 2216 265
2188 2208 239
2195 2233 275
2220 2230 72
2234 2277 142
2262 2263 116
2265 2312 6
2286 2309 71
2313 2358 147
2319 2353 23
2322 2335 14
2331 2333 46
2350 2393 29
2375 2420 295
2378 2404 20
2399 2415 300
2406 2408 271
2428 2457 230
2437 2460 94
2443 2457 166
2465 2501 287
2465 2474 64
2480 2505 170
2494 2509 49
2501 2525 236
2520 2542 77
2525 2545 105
2539 2544 259
2549 2595 110
2579 2596 47
2589 2629 22
2618 2636 84
2632 2658 248
2634 2684 274
2636 2658 193
2641 2655 97
2665 2680 129
2694 2729 298
2700 2706 137
2720 2751 171
2724 2762 236
2727 2751 82
2746 2795 216
2762 2763 169
2771 2798 268
2776 2807 53
2795 2809 217
2798 2806 141
2818 2852 21
2842 2847 75
2863 2873 153
2872 2890 113
2888 2900 100
2915 2929 241
2933 2955 10
2936 2952 171
2962 2968 275
2962 3009 173
2979 3022 9
