200
1 43 56
16 65 170
37 58 6
65 96 282
81 97 118
97 142 5
99 126 88
108 154 26
113 122 202
122 134 117
128 166 187
147 157 95
149 185 99
164 203 235
169 213 209
188 191 284
199 208 126
229 232 200
254 259 211
278 295 201
287 309 87
309 331 48
323 350 153
331 365 134
359 384 127
377 414 144
396 423 92
405 422 226
413 427 196
422 427 297
434 459 33
439 466 210
459 508 243
483 517 58
496 542 110
501 505 237
519 527 100
547 581 169
559 602 277
582 621 280
605 631 270
624 647 194
640 653 88
647 654 195
663 683 12
672 697 4
676 700 214
677 719 125
703 709 22
728 742 289
752 801 147
779 825 34
787 812 294
794 797 135
796 834 166
801 829 163
827 830 171
829 842 140
854 877 32
874 891 64
895 939 135
925 928 278
946 973 260
948 989 21
948 984 26
953 993 217
966 1013 209
994 1032 236
1017 1020 256
1036 1038 170
1040 1044 110
1041 1077 115
1070 1103 148
1092 1130 125
1098 1101 289
1101 1127 102
1129 1163 226
1140 1177 193
1170 1183 152
1181 1215 28
1209 1248 229
1219 1258 5
1242 1270 60
1260 1291 82
1267 1310 246
1284 1324 40
1284 1296 43
1297 1316 81
1316 1322 110
1324 1342 215
1335 1350 293
1343 1367 4
1360 1406 1
1371 1382 281
1385 1387 286
1402 1417 160
1405 1435 172
1422 1436 2
1434 1450 274
1452 1455 160
1482 1485 113
1506 1534 60
1515 1519 97
1531 1552 204
1549 1586 7
1572 1621 155
1581 1584 294
1607 1657 235
1607 1644 17
1611 1644 48
1633 1678 170
1661 1711 199
1666 1708 262
1683 1709 93
1699 1725 254
1702 1724 105
1725 1773 265
1750 1770 91
1768 1801 267
1796 1832 217
1823 1850 194
1836 1878 9
1842 1878 217
1856 1899 284
1885 1893 50
1908 1942 37
1925 1971 106
1945 1987 132
1956 1964 8
1978 2009 146
1990 2026 203
2002 2025 71
2023 2061 138
2030 2051 28
2037 2048 17
2059 2075 151
2078 2084 90
2094 2110 38
2121 2145 88
2131 2146 205
2136 2175 90
2160 2174 234
2176 2199 65
2176 2194 206
2195 2210 64
2215 2221 164
2221 2265 221
2242 2289 89
2260 2268 192
2268 2302 256
2298 2334 255
2313 2355 293
2336 2354 67
2352 2358 125
2364 2398 271
2388 2397 263
2412 2437 235
2438 2442 155
2453 2468 263
2470 2492 147
2484 2487 220
2507 2529 293
2533 2549 51
2562 2594 235
2587 2618 180
2596 2629 86
2598 2643 8
2598 2617 195
2615 2647 280
2633 2637 71
2657 2694 64
2678 2715 261
2698 2740 277
2715 2748 141
2736 2766 210
2764 2788 295
2780 2828 287
2807 2819 246
2827 2835 299
2838 2879 206
2855 2904 123
2855 2871 273
2871 2889 275
2879 2897 135
2883 2895 129
2907 2921 245
2927 2931 34
2944 2980 160
2952 2960 116
2964 2965 117
2982 3009 147
2982 3015 149
2982 2999 108
3008 3026 131
3025 3065 44
3043 3063 52
3045 3060 183
3071 3083 65
3087 3109 77
3107 3131 285
