200
5 34 42
19 67 24
43 76 271
65 110 129
81 83 113
101 110 250
124 142 296
152 153 188
169 180 245
171 201 59
179 182 162
199 206 78
219 231 141
245 276 79
255 268 230
263 286 65
290 300 120
316 328 29
321 325 51
334 372 195
341 390 284
369 375 245
375 406 42
389 412 283
410 416 186
429 461 40
436 445 26
440 442 286
443 476 9
462 512 99
478 493 164
482 513 168
495 542 222
514 555 30
521 568 89
547 558 257
571 611 192
598 634 13
601 651 32
621 633 5
636 641 85
653 658 265
654 677 261
668 687 2
687 705 192
687 733 146
703 737 259
715 758 271
736 765 110
755 767 225
767 812 232
770 787 107
772 793 173
791 803 128
821 870 95
841 876 235
850 900 46
863 894 209
870 890 138
889 914 25
903 910 76
926 947 198
941 969 241
958 991 250
966 993 143
983 1001 229
1009 1013 64
1012 1055 120
1041 1076 165
1059 1087 280
1087 1124 243
1093 1132 200
1098 1104 274
1111 1157 99
1114 1125 165
1134 1141 85
1157 1180 230
1179 1185 164
1179 1212 267
1198 1226 162
1218 1266 98
1230 1270 79
1242 1244 5
1253 1276 80
1259 1265 277
1268 1313 261
1298 1309 141
1326 1355 61
1355 1372 87
1380 1430 141
1388 1430 252
1388 1416 150
1395 1428 26
1405 1452 77
1406 1450 282
1431 1466 90
1432 1443 283
1460 1496 169
1469 1490 35
1479 1491 228
1491 1528 297
1512 1547 232
1516 1544 32
1528 1575 122
1549 1550 32
1568 1595 239
1569 1573 113
1585 1617 281
1591 1618 258
1614 1648 71
1640 1683 174
1666 1687 245
1674 1721 159
1696 1737 33
1703 1710 263
1714 1738 64
1725 1756 78
1749 1778 12
1776 1782 104
1778 1821 237
1784 1825 200
1791 1801 201
1806 1825 195
1836 1859 182
1854 1898 196
1870 1908 86
1885 1907 181
1910 1958 234
1924 1941 12
1939 1957 280
1944 1988 6
1963 1995 52
1963 1976 256
1993 2008 253
2007 2050 138
2033 2082 76
2050 2087 150
2078 2096 295
2087 2133 11
2114 2143 18
2126 2152 67
2140 2174 268
2168 2192 46
2188 2212 39
2213 2236 41
2217 2221 197
2235 2282 258
2245 2285 228
2251 2270 61
2272 2321 157
2302 2342 132
2325 2356 41
2339 2347 140
2356 2399 97
2375 2405 157
2376 2392 276
2377 2415 133
2384 2398 126
2398 2442 76
2416 2421 277
2426 2472 283
2439 2457 194
2448 2474 205
2452 2479 107
2475 2519 182
2504 2507 38
2523 2566 185
2551 2596 18
2562 2595 294
2586 2618 102
2586 2593 131
2608 2649 191
2613 2617 189
2617 2627 282
2647 2688 241
2677 2705 243
2705 2731 50
2732 2758 19
2755 2789 95
2776 2786 109
2796 2843 161
2823 2853 57
2823 2826 271
2828 2849 214
2830 2869 289
2851 2866 206
2866 2897 290
2878 2883 62
2906 2922 151
2914 2952 237
2941 2970 238
2955 2958 188
2982 3004 133
2997 3045 164
3004 3039 160
3034 3070 133
3064 3086 39
3093 3143 297
3110 3140 298
3134 3151 157
