200
27 66 225
57 67 163
62 71 88
68 82 59
70 89 53
89 120 156
92 111 125
96 127 258
120 156 175
122 157 180
124 142 56
147 190 74
161 185 288
170 214 123
180 185 236
195 211 159
211 259 143
221 243 195
234 240 90
260 262 221
290 315 219
315 350 212
323 349 47
325 359 241
355 388 228
374 379 98
403 417 222
408 412 271
432 479 192
435 442 221
437 486 27
447 492 181
449 456 201
452 491 224
472 496 276
499 510 231
524 556 253
530 541 291
554 594 267
580 628 235
585 598 108
588 595 146
594 610 41
609 611 140
630 646 219
658 683 113
688 697 107
691 696 256
708 742 5
713 753 81
734 735 238
763 813 28
779 799 289
796 800 154
798 827 190
805 816 58
825 830 246
825 858 289
849 873 140
869 874 239
872 888 22
885 887 75
888 933 161
902 949 164
907 930 18
922 955 144
938 962 111
947 975 150
977 1001 232
1007 1022 126
1009 1059 56
1016 1022 271
1022 1039 224
1039 1068 265
1046 1056 52
1050 1089 76
1051 1081 217
1078 1100 112
1099 1130 107
1121 1126 228
1132 1139 135
1148 1150 291
1153 1154 180
1183 1226 138
1211 1257 285
1225 1258 20
1247 1269 237
1250 1261 113
1264 1305 61
1278 1307 215
1291 1318 26
1305 1342 211
1329 1334 89
1333 1380 157
1342 1355 193
1348 1379 66
1369 1397 236
1392 1404 257
1397 1424 235
1409 1437 206
1436 1475 151
1452 1498 177
1468 1491 8
1498 1500 33
1518 1530 192
1521 1530 146
1544 1549 151
1547 1555 300
1568 1582 237
1594 1618 95
1598 1629 113
1608 1629 112
1617 1652 13
1637 1655 63
1639 1687 265
1656 1705 85
1666 1705 296
1674 1691 35
1687 1698 119
1699 1732 164
1703 1731 53
1709 1722 251
1739 1783 139
1763 1810 245
1779 1803 169
1801 1845 204
1824 1839 171
1826 1854 249
1846 1860 111
1870 1917 218
1879 1891 275
1892 1921 281
1898 1900 273
1914 1941 242
1943 1945 164
1946 1982 253
1947 1989 101
1954 1963 228
1962 2007 176
1975 1979 77
1975 1978 21
1987 2023 52
1992 2042 272
2003 2016 142
2010 2053 38
2016 2018 272
2039 2068 60
2053 2103 174
2077 2094 294
2104 2116 7
2133 2140 71
2162 2178 116
2183 2232 74
2202 2232 175
2221 2247 257
2222 2246 249
2236 2274 83
2252 2255 279
2278 2325 86
2280 2287 143
2294 2333 22
2298 2299 286
2312 2360 130
2322 2372 259
2338 2366 102
2362 2365 247
2366 2381 57
2384 2402 212
2387 2420 235
2398 2421 54
2401 2443 56
2419 2451 108
2423 2465 223
2444 2449 184
2451 2483 257
2461 2466 56
2488 2511 242
2492 2541 211
2508 2529 261
2530 2573 7
2560 2583 100
2578 2613 273
2601 2614 49
2615 2638 151
2638 2672 290
2663 2709 78
2687 2691 189
2707 2757 149
2730 2753 148
2740 2744 175
2742 2762 122
2746 2794 139
2753 2760 52
2766 2815 73
2790 2822 144
2805 2807 28
2809 2854 30
2834 2873 219
2848 2862 218
2862 2905 245
