200
7 9 290
21 42 158
29 68 212
55 57 110
70 100 95
86 95 262
99 110 125
99 144 152
117 150 188
117 157 170
145 162 40
154 155 16
181 204 37
210 211 215
235 265 151
252 267 219
260 288 264
270 317 71
289 329 135
318 331 210
332 350 61
350 368 139
370 388 81
396 435 265
402 436 228
404 417 168
421 456 261
433 463 99
438 480 11
453 454 180
459 498 131
461 492 69
480 529 37
488 517 27
507 517 191
531 568 115
539 562 44
566 584 141
583 616 22
591 619 209
601 611 182
601 618 247
630 664 165
636 678 281
649 660 120
674 705 165
688 703 133
711 723 197
741 780 48
749 775 201
764 784 207
774 786 295
796 797 77
820 845 232
843 877 8
850 886 21
852 868 81
872 901 244
876 877 57
886 924 188
911 936 15
926 972 203
936 976 145
962 971 206
992 1008 254
992 1030 61
1001 1050 72
1007 1016 108
1027 1042 134
1049 1055 62
1059 1066 250
1084 1089 285
1104 1150 231
1113 1125 182
1124 1162 112
1141 1186 256
1165 1196 216
1169 1188 191
1179 1205 58
1196 1228 244
1203 1228 163
1222 1257 175
1226 1233 230
1232 1260 260
1239 1284 213
1256 1277 204
1269 1299 25
1294 1296 134
1318 1334 260
1339 1382 225
1367 1368 269
1392 1433 77
1416 1429 67
1446 1491 132
1467 1499 275
1485 1514 207
1487 1533 254
1511 1531 293
1516 1557 257
1535 1568 96
1560 1570 163
1563 1594 138
1578 1609 57
1607 1623 248
1607 1623 47
1618 1621 293
1637 1642 281
1638 1660 160
1666 1673 117
1686 1717 165
1700 1724 131
1706 1741 67
1706 1740 5
1721 1741 219
1728 1768 21
1728 1778 224
1732 1772 179
1756 1797 14
1757 1791 88
1769 1778 261
1775 1786 292
1792 1824 266
1819 1847 245
1843 1855 117
1857 1875 153
1879 1911 224
1903 1915 111
1911 1930 96
1920 1944 160
1927 1967 245
1942 1971 227
1966 1979 176
1996 2027 149
2014 2039 294
2034 2069 216
2061 2105 205
2086 2117 145
2109 2146 297
2129 2157 129
2131 2135 23
2145 2149 34
2156 2166 71
2180 2202 272
2185 2188 36
2185 2219 285
2200 2228 71
2229 2277 57
2233 2242 266
2245 2272 162
2272 2313 269
2294 2335 243
2312 2354 249
2336 2356 92
2344 2370 78
2357 2362 217
2357 2380 164
2373 2388 144
2391 2392 92
2392 2393 99
2422 2434 233
2442 2447 122
2458 2463 282
2477 2489 181
2485 2532 9
2503 2540 190
2526 2551 10
2544 2546 43
2563 2602 251
2590 2606 59
2598 2631 98
2620 2670 142
2629 2641 150
2651 2664 296
2662 2690 278
2674 2702 23
2698 2725 49
2722 2734 34
2725 2744 267
2739 2778 209
2751 2766 133
2751 2765 195
2756 2766 245
2775 2810 219
2784 2815 279
2802 2832 257
2803 2831 243
2822 2848 40
2830 2850 52
2832 2836 63
2845 2881 9
2873 2875 284
2899 2928 236
2915 2925 119
2929 2955 246
2946 2982 187
2961 2980 198
2981 3015 253
2993 3018 178
2995 3007 16
3022 3033 190
