200
11 22 111
31 41 170
52 80 243
82 114 33
112 126 6
119 155 62
131 160 266
147 179 25
159 201 95
187 228 171
202 214 249
203 204 175
205 242 297
235 266 238
236 275 53
265 297 166
289 310 152
318 368 2
336 341 215
357 363 79
387 412 77
401 442 57
421 422 133
439 489 240
454 458 50
478 501 7
507 529 161
529 565 210
545 561 145
574 612 264
574 609 217
584 589 179
610 613 238
639 670 77
653 672 224
670 683 285
696 700 77
724 739 185
730 752 270
744 763 264
762 790 68
765 790 285
768 798 5
777 811 140
780 808 120
780 816 81
806 855 42
833 855 17
847 892 171
848 871 139
872 880 53
892 926 6
893 927 282
901 924 125
909 926 124
921 937 90
931 944 249
955 993 219
981 1028 55
1000 1038 281
1029 1072 292
1043 1063 209
1058 1059 48
1079 1114 267
1109 1140 185
1129 1157 125
1137 1156 218
1160 1184 164
1184 1193 100
1188 1229 262
1193 1211 204
1220 1224 246
1234 1262 136
1241 1285 275
1242 1274 167
1256 1262 268
1258 1308 234
1275 1289 33
1298 1340 220
1298 1332 286
1318 1343 18
1320 1367 289
1347 1358 276
1350 1374 163
1370 1403 42
1399 1421 154
1413 1416 183
1420 1449 101
1450 1475 68
1453 1468 136
1457 1459 247
1471 1494 140
1495 1540 51
1502 1515 216
1516 1529 39
1526 1552 144
1544 1571 74
1546 1580 33
1572 1621 60
1579 1592 170
1591 1628 297
1621 1630 64
1646 1693 170
1651 1672 5
1671 1699 1
1686 1734 117
1713 1730 5
1725 1728 165
1727 1735 168
1735 1747 63
1739 1740 11
1745 1781 109
1763 1791 109
1782 1800 63
1799 1836 203
1811 1860 175
1833 1868 117
1844 1891 27
1870 1896 260
1879 1898 125
1879 1914 95
1899 1901 120
1920 1934 246
1926 1931 79
1930 1959 175
1953 1966 203
1954 1981 89
1959 1987 194
1965 1968 226
1972 1994 247
1997 2000 51
2021 2061 260
2022 2069 135
2040 2054 260
2058 2079 179
2071 2080 84
2095 2107 31
2111 2130 252
2120 2160 208
2134 2161 14
2142 2171 179
2158 2168 101
2171 2214 118
2195 2234 111
2201 2235 26
2203 2216 172
2211 2215 124
2239 2243 174
2262 2303 135
2292 2332 32
2292 2338 176
2318 2322 50
2343 2388 149
2353 2397 63
2373 2399 260
2378 2417 294
2401 2402 62
2419 2469 70
2435 2485 46
2461 2484 60
2480 2524 47
2487 2526 130
2492 2510 20
2519 2548 233
2540 2578 44
2552 2564 120
2564 2589 116
2589 2608 128
2607 2622 138
2621 2629 102
2636 2650 240
2662 2687 272
2670 2705 46
2670 2719 272
2699 2749 71
2726 2731 158
2754 2768 91
2772 2793 39
2772 2793 143
2794 2810 186
2824 2850 133
2849 2893 115
2869 2892 95
2893 2912 12
2919 2927 287
2942 2954 294
2967 2991 259
2982 3023 59
3006 3012 36
3022 3025 93
3027 3064 197
3029 3077 161
3049 3087 231
3074 3104 92
3078 3118 14
3080 3110 159
3102 3143 95
3131 3167 244
3161 3203 175
3190 3233 138
