200
3 19 206
4 53 119
25 45 56
50 64 107
76 79 266
100 106 2
115 120 52
124 147 172
140 168 285
148 198 173
160 205 243
183 211 60
185 187 158
214 217 225
244 268 266
260 301 23
282 305 24
289 329 254
306 336 245
306 340 90
318 350 177
344 368 84
355 363 164
382 398 159
406 450 258
435 443 248
454 465 294
470 502 99
474 517 202
503 540 189
523 565 165
531 533 281
535 571 191
554 582 73
577 626 233
588 613 59
607 655 236
616 653 135
630 665 178
633 640 275
635 683 196
649 693 101
649 663 148
664 705 96
670 679 260
678 688 58
684 699 213
689 705 150
714 760 210
733 734 103
753 776 85
769 773 291
782 804 124
796 812 153
808 844 109
820 868 31
848 853 209
857 885 166
877 915 266
881 894 169
911 931 168
939 968 199
953 984 277
964 974 84
981 1000 256
1001 1023 92
1026 1050 295
1039 1060 166
1069 1076 190
1090 1128 70
1112 1126 10
1124 1140 124
1141 1164 241
1171 1173 101
1180 1198 70
1188 1210 234
1199 1248 97
1213 1241 259
1231 1236 283
1235 1240 134
1263 1300 75
1280 1307 122
1295 1328 259
1300 1317 39
1303 1324 235
1325 1363 21
1332 1342 289
1336 1361 285
1352 1380 19
1377 1419 50
1400 1421 289
1404 1408 30
1428 1455 38
1447 1477 183
1452 1486 117
1474 1493 223
1502 1515 254
1519 1542 112
1541 1551 37
1569 1615 44
1584 1605 245
1597 1605 44
1608 1636 196
1633 1659 123
1657 1662 89
1667 1683 197
1677 1681 43
1697 1737 61
1707 1708 69
1718 1739 271
1743 1774 84
1770 1788 181
1772 1819 146
1775 1797 42
1786 1793 134
1795 1821 104
1801 1845 292
1806 1836 60
1834 1853 99
1846 1861 253
1857 1900 129
1877 1919 206
1881 1908 125
1901 1937 256
1922 1955 198
1925 1941 12
1929 1945 163
1954 1990 148
1976 2015 204
1978 1986 57
1990 1999 135
2003 2039 82
2024 2037 266
2030 2038 72
2032 2044 3
2045 2064 255
2046 2085 226
2056 2078 223
2081 2116 100
2092 2093 90
2092 2109 178
2099 2108 87
2126 2163 191
2147 2189 284
2173 2195 274
2185 2235 138
2201 2207 90
2220 2251 48
2249 2251 91
2251 2262 131
2270 2290 204
2277 2326 225
2304 2343 279
2317 2359 151
2327 2355 175
2356 2357 198
2386 2412 163
2415 2437 90
2420 2433 248
2436 2472 89
2448 2455 103
2468 2481 80
2484 2517 161
2512 2551 295
2520 2530 40
2542 2568 241
2560 2575 46
2573 2596 246
2593 2615 138
2616 2644 133
2641 2662 232
2656 2695 60
2659 2673 19
2686 2731 137
2706 2744 88
2721 2743 187
2750 2773 30
2759 2783 62
2773 2796 19
2803 2845 158
2831 2861 257
2853 2874 172
2880 2894 252
2910 2911 176
2929 2953 69
2959 2978 46
2982 2986 201
2994 3024 138
3023 3054 188
3041 3080 272
3068 3114 263
3095 3108 49
3101 3145 258
3125 3168 112
3147 3158 162
3176 3190 19
3197 3224 30
3197 3201 214
3225 3268 137
3225 3240 13
