200
7 34 82
27 55 70
54 72 97
58 61 50
64 74 70
94 97 187
117 135 176
121 128 125
148 198 248
171 176 293
196 208 181
219 223 91
221 249 202
246 262 292
274 322 199
275 317 13
300 348 59
309 332 165
329 333 65
332 374 63
335 344 195
359 406 131
368 386 297
395 409 136
401 439 185
424 469 157
429 478 199
457 485 25
483 486 13
497 543 170
499 528 85
524 551 253
538 553 102
551 597 253
578 615 6
601 616 123
615 641 261
619 640 200
638 640 19
648 662 64
669 693 72
699 749 273
727 732 139
738 776 218
757 786 153
775 792 159
800 837 204
825 864 222
845 855 243
850 900 28
875 900 203
897 918 294
922 972 115
924 960 116
927 939 112
944 958 270
956 989 273
960 972 103
968 982 282
996 1023 50
1021 1035 256
1026 1037 262
1044 1088 105
1052 1100 61
1073 1080 102
1102 1150 119
1125 1158 96
1148 1156 140
1160 1168 151
1184 1223 53
1204 1220 202
1213 1236 53
1227 1273 1
1237 1258 161
1255 1256 25
1268 1306 118
1276 1322 218
1286 1310 181
1315 1357 263
1327 1377 202
1346 1381 214
1355 1400 166
1356 1366 290
1372 1385 127
1401 1404 102
1425 1470 298
1428 1472 270
1457 1506 210
1473 1480 229
1477 1518 95
1491 1503 119
1505 1523 214
1514 1526 40
1542 1581 216
1544 1572 220
1567 1579 54
1575 1615 197
1579 1612 74
1605 1624 108
1619 1641 178
1647 1673 239
1664 1677 16
1664 1701 223
1664 1676 144
1676 1696 162
1688 1693 160
1701 1734 122
1705 1752 76
1718 1743 182
1744 1767 202
1749 1762 129
1760 1803 101
1769 1811 6
1788 1828 238
1805 1852 37
1812 1843 123
1823 1865 168
1826 1860 276
1841 1881 123
1861 1894 141
1865 1895 233
1885 1927 253
1905 1923 298
1935 1980 3
1960 1989 187
1962 1966 210
1989 1998 105
2001 2041 285
2025 2053 6
2045 2085 2
2075 2113 163
2093 2117 293
2096 2146 118
2121 2167 299
2132 2165 212
2159 2194 139
2182 2193 46
2203 2212 297
2221 2259 206
2240 2275 36
2250 2254 140
2279 2281 131
2307 2334 263
2327 2335 107
2355 2360 146
2376 2378 195
2379 2429 206
2379 2413 124
2383 2392 172
2383 2404 56
2412 2440 66
2442 2461 164
2449 2474 252
2469 2482 165
2486 2522 277
2502 2521 148
2523 2556 290
2530 2552 215
2555 2584 291
2555 2568 63
2563 2571 213
2571 2601 284
2589 2620 58
2615 2652 133
2645 2652 247
2671 2682 24
2687 2734 283
2710 2721 184
2720 2761 258
2723 2750 290
2732 2738 191
2755 2757 152
2767 2786 214
2778 2827 76
2791 2828 154
2805 2826 165
2826 2847 61
2826 2857 273
2833 2836 289
2859 2861 48
2883 2912 241
2886 2907 120
2897 2902 92
2920 2935 191
2938 2978 83
2954 2986 221
2966 3016 32
2982 2990 186
3001 3042 150
3020 3029 268
3047 3055 287
3051 3077 107
3073 3110 169
3098 3147 248
3118 3140 136
3125 3157 242
3143 3173 26
3162 3186 289
3183 3222 257
3195 3208 118
