200
30 45 194
34 47 144
48 50 74
75 103 247
101 143 254
131 167 131
148 173 145
154 184 179
184 196 216
188 204 196
209 216 163
209 237 286
226 252 162
235 271 299
246 260 32
251 300 285
275 311 193
278 316 128
286 322 158
300 308 291
319 352 274
324 327 163
351 400 147
373 415 275
385 407 37
414 460 181
422 459 241
430 475 220
460 478 27
482 495 263
505 522 217
523 566 282
528 533 130
536 558 70
558 564 282
574 589 59
589 610 180
615 636 236
626 649 59
638 658 168
652 684 11
674 679 57
700 718 230
714 722 105
737 740 160
756 803 44
778 817 57
798 826 137
803 837 240
816 836 262
827 840 103
829 834 29
851 893 167
880 925 28
889 933 149
914 915 171
923 934 204
932 945 174
950 972 101
969 984 142
970 989 290
995 1024 103
1021 1062 208
1041 1063 81
1044 1055 244
1063 1102 182
1086 1114 239
1113 1153 298
1115 1162 16
1122 1172 18
1146 1163 225
1157 1199 123
1172 1205 30
1183 1218 152
1185 1220 33
1203 1216 244
1231 1271 22
1249 1251 41
1264 1296 242
1288 1336 233
1304 1337 139
1320 1341 173
1328 1363 68
1345 1390 191
1351 1387 288
1362 1370 183
1371 1397 138
1376 1392 194
1383 1414 36
1409 1429 90
1428 1457 32
1432 1482 243
1452 1463 63
1469 1492 120
1488 1511 282
1494 1544 33
1510 1530 26
1526 1551 205
1542 1553 11
1563 1591 219
1590 1638 154
1600 1615 78
1604 1654 208
1627 1638 117
1649 1696 167
1649 1652 35
1668 1675 138
1695 1721 78
1703 1725 254
1713 1758 244
1728 1766 138
1756 1783 46
1770 1798 225
1777 1810 161
1790 1811 110
1807 1841 222
1812 1834 48
1827 1857 31
1853 1855 19
1860 1868 159
1888 1920 18
1910 1954 113
1939 1988 269
1960 1993 126
1967 2010 5
1969 2012 57
1971 2020 152
2001 2037 263
2022 2053 151
2032 2058 65
2057 2066 16
2059 2081 45
2080 2097 4
2096 2134 117
2107 2145 160
2120 2137 227
2135 2176 111
2139 2178 199
2139 2164 227
2142 2178 130
2142 2144 14
2154 2194 95
2157 2184 225
2176 2209 140
2189 2220 240
2215 2216 249
2227 2266 138
2227 2271 205
2238 2262 185
2247 2270 84
2253 2291 42
2262 2302 158
2283 2303 143
2305 2319 109
2323 2334 247
2349 2375 2
2350 2396 107
2373 2379 46
2402 2427 209
2428 2462 48
2439 2485 81
2466 2479 273
2490 2524 127
2498 2540 248
2520 2567 243
2548 2560 111
2567 2585 107
2583 2594 136
2608 2616 121
2624 2664 85
2635 2666 102
2654 2661 215
2664 2706 103
2672 2712 157
2699 2722 211
2722 2754 133
2727 2731 102
2750 2785 289
2752 2801 48
2782 2832 162
2809 2847 26
2821 2861 222
2824 2829 81
2827 2873 128
2842 2852 94
2847 2857 116
2865 2872 218
2878 2889 272
2894 2937 6
2917 2950 18
2932 2956 165
2941 2966 38
2954 2975 43
2983 2989 242
2995 3043 30
3005 3031 167
3018 3035 187
3036 3071 294
3041 3067 60
3052 3062 246
