200
5 48 1
5 28 154
19 41 84
19 67 270
27 42 103
32 75 271
59 83 10
75 116 80
84 105 168
98 119 42
122 131 154
125 154 199
155 173 223
184 209 99
189 236 175
199 244 84
215 241 243
233 281 235
245 289 300
266 285 18
273 311 278
274 317 65
276 301 32
281 309 124
304 336 159
310 345 238
337 380 37
342 375 63
368 378 41
396 416 226
412 458 295
419 442 142
422 441 64
432 476 251
432 451 296
445 478 117
474 478 208
500 501 195
513 550 284
535 578 44
552 582 220
571 586 182
595 645 286
599 627 108
599 630 130
618 639 179
638 661 115
640 676 133
650 669 153
677 699 218
691 702 103
710 759 163
716 744 81
726 735 67
748 780 130
748 773 51
756 795 191
768 792 186
790 818 219
810 850 208
821 841 24
851 899 33
865 870 106
867 870 258
883 919 261
900 920 82
901 925 214
917 931 193
936 952 8
961 1006 47
967 1011 14
984 987 79
994 1038 11
1009 1039 85
1031 1050 146
1050 1075 63
1066 1079 55
1083 1101 75
1101 1136 273
1109 1113 268
1132 1171 250
1149 1182 104
1154 1197 228
1175 1221 97
1186 1233 101
1195 1204 242
1215 1252 206
1238 1267 25
1262 1299 268
1281 1312 194
1287 1288 289
1295 1313 233
1295 1345 134
1304 1341 167
1330 1344 158
1333 1360 105
1335 1357 133
1356 1373 299
1386 1405 37
1398 1427 54
1413 1430 48
1430 1448 115
1456 1477 280
1477 1481 7
1485 1506 135
1488 1505 69
1513 1542 196
1513 1557 73
1542 1574 286
1558 1571 208
1571 1593 220
1572 1581 242
1588 1598 228
1596 1631 178
1610 1612 234
1640 1678 298
1651 1673 281
1665 1711 8
1691 1734 282
1702 1718 62
1729 1774 126
1739 1768 62
1750 1779 65
1776 1788 280
1801 1833 85
1808 1856 5
1817 1828 130
1822 1827 88
1823 1833 127
1841 1860 48
1868 1915 72
1877 1888 31
1890 1891 259
1892 1926 110
1906 1919 100
1912 1914 99
1934 1940 104
1955 1997 181
1959 1961 150
1985 2024 68
1996 2000 117
1997 2015 226
2011 2038 189
2032 2081 178
2040 2072 283
2048 2051 130
2059 2093 49
2059 2060 227
2075 2094 198
2084 2100 15
2091 2111 218
2095 2115 39
2113 2127 139
2118 2132 202
2122 2138 297
2139 2141 281
2156 2196 30
2171 2221 274
2175 2188 234
2180 2189 87
2190 2192 204
2199 2239 13
2223 2246 223
2252 2269 28
2255 2301 139
2266 2294 67
2291 2319 260
2312 2327 179
2314 2350 286
2331 2369 275
2340 2386 164
2368 2391 39
2381 2405 88
2389 2416 289
2409 2423 164
2424 2453 274
2437 2441 113
2467 2512 159
2492 2522 205
2493 2536 240
2512 2554 61
2518 2550 226
2525 2559 287
2534 2538 33
2561 2602 7
2587 2620 165
2592 2640 258
2601 2618 108
2622 2664 7
2645 2659 8
2651 2670 188
2657 2706 247
2677 2698 75
2685 2712 248
2702 2718 144
2710 2731 45
2727 2742 71
2736 2761 218
2759 2794 57
2761 2764 167
