200
5 6 37
30 73 182
41 59 226
45 81 132
58 106 299
65 92 272
87 114 139
92 106 153
107 113 118
118 164 83
136 147 112
158 188 298
174 218 70
202 223 84
223 263 157
248 271 167
248 277 261
251 288 157
271 321 205
282 318 272
289 339 237
307 326 228
328 355 238
340 362 105
358 386 292
379 382 292
398 410 81
421 470 110
421 456 18
437 456 30
437 486 202
458 463 137
458 469 181
485 500 71
502 536 112
519 531 29
531 548 24
547 562 116
547 557 260
563 609 175
575 623 233
582 623 48
612 646 296
631 634 103
656 693 188
670 697 233
692 710 57
717 765 251
721 751 63
729 777 57
752 776 125
777 822 4
805 833 234
820 854 268
834 842 97
848 876 168
848 868 191
859 869 272
882 897 257
885 934 242
892 893 108
918 961 4
934 968 182
950 990 191
980 1002 75
998 1023 207
1005 1025 156
1030 1041 184
1050 1078 50
1071 1086 129
1077 1095 95
1090 1116 237
1110 1159 269
1130 1132 280
1131 1171 126
1144 1151 15
1163 1186 165
1180 1218 107
1207 1242 72
1221 1249 219
1241 1253 230
1261 1269 138
1275 1286 178
1285 1291 175
1306 1322 177
1334 1362 37
1341 1342 83
1356 1357 58
1364 1395 257
1365 1371 246
1375 1414 150
1376 1386 103
1399 1442 272
1416 1450 31
1428 1456 94
1430 1466 98
1431 1436 48
1432 1435 195
1432 1469 246
1433 1443 262
1440 1463 137
1443 1464 26
1451 1492 143
1456 1462 251
1468 1505 239
1478 1513 143
1506 1508 33
1529 1569 27
1546 1570 273
1558 1562 221
1561 1594 83
1590 1601 224
1592 1607 66
1596 1643 180
1600 1648 82
1620 1661 119
1620 1665 202
1638 1674 140
1660 1669 135
1682 1707 242
1703 1721 224
1720 1747 55
1747 1785 132
1764 1796 121
1783 1822 171
1813 1858 22
1840 1886 104
1868 1869 242
1878 1903 282
1880 1899 148
1893 1923 203
1898 1902 175
1925 1929 62
1928 1952 240
1951 1954 74
1959 2009 87
1961 1989 133
1983 2018 37
2011 2033 200
2020 2069 109
2024 2046 157
2035 2059 42
2049 2054 54
2049 2076 188
2065 2107 161
2091 2134 274
2113 2118 148
2126 2169 23
2135 2180 251
2151 2162 186
2167 2198 8
2190 2202 141
2193 2227 175
2216 2236 296
2228 2266 142
2247 2250 64
2270 2304 82
2270 2285 133
2297 2329 10
2307 2327 125
2324 2325 206
2353 2401 272
2378 2427 22
2390 2433 188
2395 2410 192
2414 2439 228
2421 2451 73
2427 2475 99
2432 2468 266
2460 2470 241
2478 2523 199
2491 2517 247
2513 2524 170
2513 2515 251
2533 2543 96
2543 2575 295
2553 2556 251
2555 2590 288
2581 2600 228
2589 2596 111
2597 2628 266
2612 2645 271
2637 2658 4
2660 2684 253
2679 2706 88
2699 2712 255
2706 2724 74
2720 2744 8
2742 2765 1
2770 2818 158
2792 2811 189
2799 2814 59
2817 2821 134
2830 2836 244
2844 2848 265
2859 2907 273
2887 2916 43
2887 2919 257
2900 2904 281
2927 2947 106
