200
3 52 138
30 60 42
40 47 211
44 81 276
55 91 156
72 104 111
90 135 210
103 114 141
113 153 291
138 151 86
156 159 84
175 203 246
179 204 70
184 222 59
200 205 31
230 233 84
247 286 58
271 303 286
274 300 73
303 307 189
321 344 202
335 371 208
345 379 292
364 411 219
367 415 124
391 400 96
396 413 249
424 459 198
449 462 97
470 476 144
497 522 247
508 558 258
533 572 83
540 545 186
561 601 140
588 590 156
592 618 44
600 605 104
625 635 60
642 670 183
661 680 96
688 735 270
707 729 182
708 725 113
714 748 57
731 737 278
750 770 180
750 752 89
765 781 300
793 805 269
801 835 198
809 844 259
831 869 188
833 834 73
844 886 109
847 853 133
850 883 11
855 860 294
872 902 133
873 889 218
889 927 10
891 926 47
917 961 59
944 972 10
964 1009 94
974 993 4
992 1010 56
1001 1012 203
1026 1072 230
1035 1056 37
1039 1085 87
1063 1075 133
1089 1111 46
1098 1140 150
1110 1116 89
1117 1151 111
1140 1189 104
1143 1164 177
1167 1192 76
1192 1209 261
1201 1216 115
1202 1236 206
1206 1255 207
1229 1239 22
1257 1304 106
1273 1290 93
1283 1316 74
1301 1344 100
1323 1356 7
1342 1359 257
1369 1409 96
1397 1424 138
1411 1433 25
1431 1458 52
1448 1485 231
1476 1499 85
1483 1526 255
1509 1557 255
1533 1563 148
1558 1564 44
1574 1593 212
1603 1631 259
1628 1671 125
1631 1681 169
1650 1662 212
1665 1682 155
1683 1701 118
1689 1722 270
1693 1727 178
1719 1742 295
1743 1772 297
1748 1763 120
1763 1777 147
1781 1812 41
1801 1845 229
1804 1854 244
1827 1832 290
1855 1868 109
1867 1874 27
1888 1912 62
1918 1928 277
1930 1965 259
1941 1943 261
1949 1962 63
1955 1977 86
1957 1982 289
1983 1990 265
1989 2030 15
2019 2030 39
2037 2047 143
2055 2068 149
2069 2113 160
2090 2130 163
2098 2124 144
2109 2111 125
2138 2177 59
2160 2181 119
2168 2205 64
2196 2212 145
2214 2260 298
2217 2262 189
2236 2243 109
2266 2312 89
2266 2310 197
2277 2293 230
2278 2288 100
2284 2309 189
2304 2326 108
2306 2341 69
2328 2376 226
2354 2399 204
2356 2362 120
2384 2394 281
2405 2410 75
2417 2443 130
2422 2463 155
2428 2433 269
2441 2449 86
2452 2485 67
2479 2497 85
2494 2504 18
2504 2514 275
2506 2532 119
2523 2529 178
2542 2590 180
2543 2565 224
2554 2603 245
2558 2581 101
2558 2591 170
2582 2604 163
2585 2624 177
2608 2651 283
2631 2656 55
2632 2654 236
2653 2687 204
2679 2704 191
2681 2717 130
2685 2716 183
2708 2751 254
2735 2738 114
2759 2808 104
2772 2802 144
2783 2798 36
2792 2830 174
2800 2824 123
2817 2862 72
2817 2836 94
2820 2845 41
2846 2857 44
2858 2867 80
2868 2881 263
2894 2927 201
2911 2958 64
2915 2945 217
2924 2938 268
2935 2971 57
2959 2974 38
2971 3003 247
2973 2994 204
2998 3006 195
