200
20 55 14
23 62 104
46 73 39
49 71 126
52 59 187
73 106 213
78 110 220
94 135 227
100 125 168
105 142 166
132 170 216
133 138 180
156 201 87
172 193 20
199 203 188
229 239 53
242 261 131
246 263 86
263 271 155
275 318 126
287 313 21
302 331 48
305 339 142
314 342 184
333 362 24
356 392 247
365 402 118
388 415 14
393 422 285
416 435 141
432 468 101
461 504 41
461 487 296
480 502 28
507 556 93
521 562 81
524 572 274
553 591 260
565 589 166
576 607 204
603 605 204
607 610 275
619 659 284
619 629 8
632 653 163
641 651 134
655 693 298
665 689 117
691 705 12
720 724 107
726 745 186
730 753 262
753 793 244
776 817 248
781 798 177
810 851 118
822 860 101
822 831 27
833 842 219
848 857 26
878 883 188
880 904 190
884 892 216
901 913 284
909 944 277
912 927 247
939 972 290
959 961 290
964 977 43
989 1016 247
1012 1056 40
1041 1078 51
1052 1079 117
1079 1100 111
1093 1141 256
1122 1146 52
1125 1135 25
1132 1176 212
1150 1166 90
1166 1181 158
1167 1191 21
1178 1186 168
1198 1213 66
1212 1215 163
1214 1242 209
1218 1253 234
1247 1289 5
1253 1263 221
1259 1263 8
1273 1280 148
1280 1313 215
1287 1297 105
1293 1325 27
1308 1325 140
1326 1366 130
1347 1379 127
1359 1373 7
1385 1396 298
1414 1419 219
1443 1463 19
1445 1477 120
1474 1511 33
1486 1514 37
1511 1550 296
1519 1568 162
1519 1563 13
1540 1556 3
1562 1600 297
1572 1607 240
1595 1626 77
1608 1626 16
1616 1661 277
1633 1641 135
1657 1662 257
1682 1697 251
1696 1730 12
1699 1723 45
1728 1755 2
1738 1753 106
1744 1754 65
1753 1758 278
1772 1791 198
1795 1837 278
1806 1815 196
1830 1839 40
1838 1855 6
1859 1894 282
1870 1876 96
1871 1880 6
1882 1902 285
1887 1922 187
1895 1920 168
1904 1936 222
1928 1932 60
1948 1988 57
1956 2002 19
1976 2017 12
2003 2018 50
2019 2060 137
2047 2095 117
2050 2084 255
2061 2079 13
2062 2091 183
2088 2124 63
2098 2133 57
2126 2136 96
2156 2159 194
2167 2201 284
2194 2233 139
2220 2236 212
2229 2258 201
2255 2292 290
2274 2315 128
2284 2290 64
2304 2347 199
2333 2343 87
2337 2359 216
2366 2379 53
2396 2400 163
2410 2435 36
2420 2446 176
2450 2496 35
2452 2458 30
2470 2498 133
2497 2532 185
2516 2546 115
2535 2539 20
2547 2582 75
2558 2599 211
2578 2584 167
2592 2626 191
2609 2612 124
2617 2641 124
2644 2663 200
2667 2713 190
2693 2730 69
2712 2717 16
2731 2761 74
2745 2761 87
2751 2762 118
2759 2775 139
2772 2790 189
2794 2817 78
2797 2843 242
2823 2866 255
2844 2846 52
2849 2880 210
2851 2880 165
2866 2905 21
2874 2919 143
2884 2925 14
2909 2919 23
2933 2941 83
2939 2968 99
2957 2976 83
2958 2987 143
2967 3014 246
2967 3004 84
2990 3022 31
3011 3019 199
