200
30 59 157
30 71 55
51 91 206
78 106 170
79 110 261
102 130 218
132 169 138
142 151 283
147 179 270
166 195 29
187 203 128
197 203 16
214 252 243
239 240 132
250 292 261
280 327 70
298 342 109
302 304 165
302 333 113
329 336 104
358 376 159
358 398 160
377 408 206
396 397 106
401 434 162
428 438 25
440 470 1
444 479 256
445 455 122
445 462 102
463 469 245
481 499 86
486 532 211
486 494 51
511 560 182
523 568 97
550 582 205
575 597 128
582 623 233
584 602 63
588 591 176
615 658 11
645 659 243
653 661 24
660 694 272
660 682 245
681 714 41
690 732 163
708 721 298
736 763 215
765 784 168
789 838 281
819 830 290
833 835 90
833 862 78
833 871 43
833 877 283
845 850 54
847 862 57
849 865 143
850 893 180
880 924 269
884 897 146
906 920 25
906 928 32
915 951 280
931 976 37
938 944 56
966 985 65
981 1006 30
1001 1012 125
1027 1040 283
1040 1043 258
1055 1095 131
1060 1074 69
1089 1134 290
1099 1128 225
1108 1125 281
1116 1148 75
1126 1173 118
1131 1142 53
1138 1179 242
1166 1188 105
1184 1209 168
1210 1236 74
1220 1237 270
1220 1238 51
1242 1271 170
1244 1245 213
1247 1261 225
1263 1264 110
1286 1302 111
1289 1296 287
1302 1324 66
1327 1331 96
1356 1379 216
1359 1392 215
1359 1366 182
1383 1426 206
1409 1421 57
1413 1427 5
1434 1478 238
1446 1483 241
1470 1503 10
1484 1508 270
1514 1534 7
1527 1550 296
1554 1565 166
1568 1616 82
1591 1593 107
1604 1650 145
1631 1652 192
1651 1654 32
1665 1683 75
1670 1678 46
1700 1733 142
1706 1732 187
1728 1748 121
1741 1776 261
1767 1798 152
1794 1830 259
1796 1806 146
1823 1836 249
1839 1848 17
1863 1897 179
1872 1906 45
1881 1901 236
1895 1921 118
1920 1935 98
1946 1948 14
1976 2009 288
1994 1998 59
2014 2024 49
2025 2036 112
2026 2058 270
2038 2076 245
2063 2075 136
2084 2128 158
2114 2135 71
2144 2192 198
2154 2183 160
2160 2161 81
2169 2192 97
2191 2208 263
2197 2227 103
2222 2224 179
2251 2301 71
2266 2305 103
2283 2311 281
2283 2308 97
2292 2310 27
2318 2321 30
2341 2376 124
2355 2360 202
2381 2396 134
2410 2415 94
2411 2439 68
2428 2469 250
2449 2468 18
2476 2497 201
2484 2507 206
2487 2524 195
2504 2533 3
2519 2569 14
2533 2553 180
2562 2600 165
2569 2616 159
2587 2612 211
2613 2626 27
2635 2666 48
2642 2662 174
2668 2694 28
2692 2720 36
2706 2750 100
2713 2763 285
2743 2791 280
2746 2783 164
2748 2793 72
2754 2798 160
2784 2806 233
2803 2823 180
2821 2826 127
2832 2853 255
2832 2877 103
2843 2861 197
2868 2912 139
2881 2892 284
2885 2908 285
2903 2943 199
2920 2966 249
2935 2965 230
2965 2980 83
2968 2978 179
2975 2979 5
2986 3021 211
2994 3043 205
3005 3018 63
3021 3065 147
3036 3049 190
3036 3059 262
