200
30 79 258
59 74 143
69 93 48
85 102 248
96 110 53
109 123 66
118 119 143
126 173 212
154 179 31
183 209 150
193 197 174
208 235 222
236 259 90
257 261 246
278 315 229
308 348 172
308 330 119
331 368 255
342 347 44
365 413 166
379 419 165
409 430 18
423 437 287
426 427 267
438 478 241
444 455 143
467 484 43
485 495 82
513 543 215
535 572 10
540 574 283
565 583 25
573 610 70
574 588 259
576 616 69
579 607 132
583 586 182
596 611 21
609 624 8
621 634 137
649 651 97
669 713 51
686 700 253
709 749 1
727 776 215
738 773 102
758 806 84
759 773 37
781 828 129
809 858 177
839 855 281
842 864 44
850 862 114
878 925 224
889 907 245
909 950 174
910 951 75
929 936 125
934 982 225
964 997 222
976 1002 71
976 983 38
988 998 175
1009 1046 118
1018 1025 256
1021 1071 257
1024 1040 108
1046 1089 287
1053 1089 293
1063 1093 27
1080 1126 33
1097 1098 78
1097 1116 238
1101 1138 207
1130 1138 195
1146 1153 57
1162 1183 6
1163 1191 270
1192 1239 29
1208 1209 230
1219 1233 43
1225 1256 190
1238 1282 46
1239 1288 2
1264 1285 78
1277 1290 32
1297 1328 145
1325 1348 142
1342 1346 293
1370 1393 260
1393 1430 137
1418 1421 95
1443 1472 174
1470 1493 196
1488 1532 187
1491 1499 268
1496 1541 88
1517 1542 96
1539 1565 99
1552 1598 203
1572 1605 145
1600 1601 42
1608 1654 34
1613 1640 97
1643 1665 236
1654 1699 44
1662 1691 70
1675 1689 138
1691 1738 15
1698 1701 193
1709 1721 128
1730 1754 154
1740 1744 267
1767 1779 148
1774 1823 183
1784 1807 77
1797 1846 283
1807 1855 270
1826 1867 253
1847 1874 229
1870 1915 295
1896 1901 48
1904 1913 167
1916 1953 261
1934 1973 250
1947 1976 238
1953 1973 116
1969 2016 291
1994 2023 276
2004 2033 252
2017 2057 293
2037 2066 10
2064 2070 129
2067 2082 3
2096 2102 28
2101 2146 14
2115 2137 259
2133 2181 262
2143 2172 6
2161 2167 32
2183 2229 244
2210 2258 4
2226 2235 15
2233 2271 40
2240 2276 275
2265 2274 271
2278 2286 211
2288 2322 155
2314 2324 101
2343 2357 233
2373 2399 4
2381 2430 132
2401 2403 61
2431 2464 213
2445 2448 154
2474 2489 291
2502 2523 1
2514 2541 113
2528 2568 87
2538 2549 18
2546 2594 227
2558 2602 221
2566 2572 63
2582 2632 273
2585 2600 76
2614 2632 133
2644 2662 89
2653 2668 50
2670 2691 259
2686 2735 209
2716 2745 171
2718 2753 118
2722 2753 4
2739 2781 278
2740 2750 216
2744 2791 124
2763 2797 290
2770 2771 283
2784 2829 173
2786 2818 100
2809 2847 190
2820 2856 255
2841 2876 293
2868 2876 22
2889 2922 108
2910 2937 123
2916 2938 62
2936 2962 118
2948 2988 5
2958 2974 253
2985 3001 113
3010 3044 31
3035 3070 121
3048 3054 6
3056 3071 178
3074 3077 62
3100 3105 83
3130 3160 44
3143 3188 205
3158 3206 189
