200
9 11 141
15 27 55
41 71 93
61 108 182
88 126 7
118 144 204
120 154 59
137 167 187
150 159 11
170 196 238
183 216 218
185 201 114
210 228 189
217 264 32
243 250 284
262 272 273
292 325 294
311 322 154
312 322 268
333 351 14
347 351 293
348 367 23
377 405 275
379 401 124
396 425 92
397 424 178
409 454 123
424 472 271
430 445 194
449 459 198
458 464 54
482 505 213
494 496 29
512 548 259
527 546 221
538 565 296
546 553 211
574 600 268
588 613 275
590 598 148
591 608 256
610 653 94
615 639 114
633 674 167
637 644 120
659 684 145
670 700 61
676 724 201
692 715 297
703 719 152
714 755 115
736 758 137
761 811 256
790 827 70
813 856 189
813 814 211
821 859 121
851 882 86
877 881 182
905 910 129
915 941 9
923 942 134
923 956 20
953 979 9
958 966 180
960 967 256
987 1001 94
1016 1040 221
1019 1037 183
1029 1034 238
1055 1067 24
1084 1094 99
1097 1143 74
1111 1112 195
1138 1181 185
1143 1154 173
1164 1210 30
1192 1239 31
1192 1209 146
1198 1206 218
1206 1237 160
1231 1232 114
1258 1302 119
1264 1274 176
1289 1312 195
1293 1319 140
1299 1326 146
1328 1346 13
1328 1371 206
1341 1350 274
1354 1375 13
1373 1419 122
1385 1435 192
1391 1439 169
1391 1409 42
1398 1431 162
1423 1426 204
1449 1497 135
1478 1511 204
1505 1552 135
1527 1569 182
1557 1599 143
1565 1568 207
1572 1577 2
1593 1625 253
1613 1620 173
1620 1650 4
1624 1651 154
1643 1686 75
1662 1693 282
1676 1690 85
1676 1710 191
1704 1717 206
1720 1726 107
1743 1768 168
1765 1789 183
1785 1834 294
1787 1789 288
1807 1818 238
1828 1845 83
1854 1887 108
1873 1911 111
1895 1938 271
1905 1909 230
1918 1957 113
1928 1943 286
1941 1944 194
1941 1952 150
1942 1947 241
1965 2007 174
1965 2004 269
1971 1996 286
1975 1982 23
2004 2041 235
2032 2054 10
2045 2087 21
2069 2113 34
2077 2098 138
2097 2146 285
2127 2176 217
2157 2170 211
2170 2179 16
2189 2208 276
2203 2245 118
2213 2216 300
2235 2245 280
2240 2252 212
2255 2264 24
2268 2311 95
2297 2322 88
2302 2350 86
2317 2337 140
2342 2351 152
2363 2368 150
2377 2380 296
2405 2438 248
2428 2469 259
2441 2449 103
2447 2470 179
2470 2471 148
2478 2494 230
2488 2529 66
2505 2540 175
2521 2549 170
2522 2568 27
2534 2555 219
2560 2578 171
2565 2596 121
2571 2621 2
2579 2618 69
2584 2587 172
2595 2628 125
2609 2648 266
2633 2682 165
2663 2685 246
2670 2695 138
2683 2687 191
2711 2753 281
2727 2766 241
2727 2768 282
2737 2740 299
2759 2801 178
2763 2804 250
2771 2784 203
2795 2823 213
2800 2803 199
2815 2842 10
2839 2859 60
2856 2895 63
2877 2912 134
2883 2900 63
2905 2932 278
2907 2932 165
2929 2973 287
2929 2952 239
2931 2942 220
2961 3011 21
2991 3029 185
3002 3039 242
3025 3041 219
