200
17 32 135
24 52 185
39 87 259
50 64 74
56 100 63
83 105 120
98 123 73
114 156 40
133 143 130
163 195 142
174 178 266
174 222 96
197 233 177
223 253 126
224 239 237
228 257 245
239 262 123
244 249 160
251 287 123
262 268 236
280 326 205
308 338 220
335 363 158
359 408 36
376 380 67
380 395 179
385 410 295
405 417 239
424 458 277
441 460 193
451 484 209
481 520 200
503 553 242
531 574 31
539 589 239
569 604 78
580 619 72
581 601 206
591 627 191
601 613 154
627 666 121
654 704 299
662 663 91
665 678 226
693 717 218
711 751 128
716 736 294
722 724 141
737 742 7
737 746 65
767 804 278
778 804 189
806 823 57
806 847 251
812 813 93
821 834 37
827 858 181
845 854 241
857 871 49
868 910 127
879 882 163
890 897 106
903 919 46
903 907 65
923 948 84
953 956 263
961 998 151
990 1018 70
1014 1063 40
1019 1047 53
1037 1062 241
1041 1056 193
1042 1050 16
1052 1094 28
1079 1124 45
1088 1116 299
1113 1122 125
1129 1133 49
1135 1150 68
1156 1173 102
1159 1184 142
1173 1217 101
1199 1248 26
1222 1253 200
1227 1244 261
1233 1248 258
1246 1255 213
1256 1264 83
1277 1299 40
1287 1311 225
1304 1324 215
1331 1335 8
1333 1356 247
1342 1374 271
1347 1368 50
1364 1397 234
1385 1412 185
1406 1425 248
1408 1456 69
1413 1447 254
1433 1481 195
1451 1496 42
1458 1507 112
1460 1504 174
1485 1499 89
1488 1489 229
1500 1513 287
1500 1530 56
1522 1549 266
1539 1558 63
1562 1582 141
1588 1623 196
1605 1636 17
1624 1634 168
1648 1682 249
1671 1693 196
1683 1690 164
1712 1755 257
1742 1755 216
1757 1779 100
1779 1797 25
1780 1789 24
1783 1801 20
1798 1848 119
1813 1860 190
1819 1827 96
1845 1875 24
1849 1872 285
1868 1886 87
1891 1896 242
1899 1916 47
1928 1943 265
1941 1952 240
1942 1944 212
1942 1944 65
1943 1986 69
1960 2002 131
1979 2014 8
2009 2016 230
2014 2049 50
2041 2088 44
2067 2114 47
2095 2143 246
2110 2148 247
2126 2173 43
2148 2168 7
2171 2196 281
2172 2198 275
2198 2221 251
2206 2250 186
2215 2230 139
2215 2241 297
2224 2235 98
2234 2245 254
2237 2248 16
2252 2273 116
2271 2294 249
2277 2292 264
2298 2307 268
2311 2349 52
2327 2365 248
2328 2375 182
2328 2340 216
2340 2388 7
2364 2365 122
2379 2393 200
2402 2444 172
2415 2446 102
2416 2435 94
2422 2436 138
2423 2460 73
2446 2460 215
2448 2464 29
2477 2527 44
2487 2500 44
2487 2498 192
2502 2542 39
2532 2581 168
2561 2601 32
2570 2601 234
2583 2633 98
2600 2602 170
2622 2657 102
2625 2635 243
2641 2653 122
2645 2666 123
2654 2688 264
2660 2682 44
2678 2716 213
2688 2724 26
2712 2740 35
2735 2785 14
2739 2780 112
2751 2771 275
2756 2805 258
2786 2834 248
2792 2800 208
2796 2839 134
2825 2871 90
2851 2866 6
