200
21 51 162
42 68 76
54 98 165
60 81 146
74 101 229
97 122 184
99 140 5
108 111 40
120 137 5
137 177 92
154 192 77
168 186 29
173 184 210
192 216 268
195 209 193
221 224 91
226 248 20
252 265 291
276 305 272
291 298 207
310 340 59
312 335 147
333 339 253
361 395 170
377 383 248
401 419 150
422 459 44
437 465 180
451 488 247
474 501 147
496 532 72
515 546 4
523 556 55
542 566 262
569 573 185
582 595 294
608 614 74
623 624 194
646 665 59
674 718 29
674 715 19
685 733 169
693 706 23
711 713 216
717 743 234
732 759 91
741 747 25
759 773 9
777 783 29
778 789 155
785 825 154
807 852 173
813 848 144
815 824 193
819 853 31
832 876 28
857 874 103
862 872 28
873 895 65
893 897 224
918 942 185
919 969 174
935 960 239
949 967 148
957 963 182
963 1005 149
987 998 9
992 1004 124
996 1025 86
1012 1039 1
1018 1022 270
1044 1048 198
1069 1117 43
1086 1130 227
1101 1141 89
1121 1132 239
1143 1180 192
1172 1190 208
1188 1191 4
1190 1202 198
1203 1206 204
1232 1260 151
1244 1262 203
1264 1293 15
1283 1297 111
1294 1332 78
1313 1336 198
1326 1355 198
1350 1362 152
1358 1379 249
1358 1403 152
1386 1436 10
1390 1424 231
1395 1423 17
1410 1453 95
1420 1444 2
1450 1472 278
1473 1506 260
1496 1497 131
1524 1552 157
1535 1582 292
1556 1575 110
1566 1583 225
1583 1627 152
1594 1611 50
1598 1643 262
1611 1635 205
1636 1677 203
1666 1695 115
1692 1716 21
1719 1740 149
1723 1773 186
1744 1753 151
1744 1791 240
1753 1754 200
1767 1799 139
1796 1833 140
1823 1855 298
1835 1871 150
1857 1904 261
1874 1906 22
1902 1923 285
1926 1952 252
1950 1999 212
1969 1984 263
1986 2008 245
2008 2050 27
2013 2048 295
2032 2064 142
2049 2084 53
2064 2074 282
2069 2076 10
2092 2109 275
2113 2161 229
2113 2127 15
2125 2136 58
2153 2158 211
2169 2183 221
2175 2214 38
2198 2227 134
2201 2205 127
2207 2212 74
2212 2246 140
2216 2225 104
2237 2241 16
2255 2280 33
2270 2271 118
2273 2289 117
2296 2341 141
2318 2328 108
2331 2361 60
2347 2358 168
2375 2403 149
2381 2401 44
2390 2432 118
2408 2422 69
2408 2416 169
2408 2450 263
2435 2445 17
2436 2475 290
2439 2455 184
2463 2479 273
2474 2507 87
2475 2483 178
2504 2523 256
2507 2525 220
2512 2528 294
2531 2580 132
2557 2588 46
2567 2570 253
2586 2615 290
2614 2643 239
2629 2657 270
2637 2661 252
2644 2662 147
2664 2703 254
2680 2714 182
2695 2736 197
2701 2715 260
2706 2714 263
2732 2753 145
2739 2786 108
2768 2817 34
2771 2817 286
2776 2796 296
2780 2811 16
2796 2800 204
2805 2834 73
2809 2855 37
2838 2882 29
2851 2893 215
2880 2893 264
2893 2897 75
2904 2949 197
2913 2928 16
2921 2952 292
2936 2944 224
2939 2949 41
2950 2986 187
2969 2973 201
