200
6 15 17
25 41 188
55 87 110
84 101 15
110 131 8
140 186 103
158 163 166
181 227 52
209 224 31
220 239 79
224 230 129
251 281 264
271 282 268
274 306 37
285 308 284
293 343 137
311 321 110
317 330 225
335 380 206
344 381 111
344 381 21
348 360 88
374 382 192
376 386 290
380 390 287
400 420 158
414 421 269
416 428 300
416 438 117
444 445 172
465 513 257
478 525 296
499 501 220
514 527 76
534 541 110
554 594 204
574 575 200
603 616 298
622 631 127
642 656 289
660 691 228
674 714 238
685 718 136
695 737 231
696 717 205
721 738 205
740 772 102
753 761 285
771 812 21
779 809 53
783 797 86
799 825 58
827 836 143
846 893 12
848 861 172
862 902 186
865 875 293
865 887 238
870 875 167
900 921 137
923 942 231
935 952 158
935 958 169
963 990 80
971 1017 290
976 1008 149
1003 1023 77
1016 1029 60
1037 1067 289
1050 1087 68
1075 1118 116
1098 1111 235
1102 1132 173
1123 1151 79
1148 1176 249
1155 1197 109
1184 1207 12
1209 1255 234
1210 1211 245
1223 1268 286
1236 1241 219
1257 1290 119
1282 1289 230
1290 1297 97
1311 1333 190
1315 1332 101
1342 1368 115
1364 1377 243
1379 1406 65
1381 1430 300
1384 1415 1
1398 1421 29
1424 1442 145
1443 1450 158
1470 1472 285
1480 1530 31
1488 1520 118
1501 1503 74
1523 1531 145
1543 1572 230
1552 1564 40
1577 1614 120
1585 1612 251
1588 1595 64
1615 1639 137
1627 1635 253
1651 1701 44
1651 1652 269
1654 1674 74
1665 1699 55
1680 1683 279
1706 1726 56
1723 1764 247
1744 1750 227
1744 1757 92
1757 1761 118
1770 1812 220
1793 1821 144
1806 1845 107
1834 1838 53
1860 1879 83
1887 1920 221
1893 1907 153
1897 1917 278
1914 1937 124
1938 1980 249
1950 1973 150
1956 1992 88
1964 1991 158
1971 2000 130
1988 2012 292
1993 2029 74
2020 2036 36
2030 2058 202
2034 2055 79
2051 2097 183
2051 2101 168
2070 2111 235
2079 2100 246
2088 2130 65
2090 2137 8
2119 2167 227
2120 2162 277
2146 2148 244
2159 2199 285
2165 2202 255
2193 2229 71
2208 2245 151
2216 2217 77
2220 2235 88
2237 2283 36
2264 2313 97
2287 2316 157
2290 2296 143
2292 2317 271
2294 2329 97
2300 2323 71
2324 2339 59
2334 2369 118
2346 2357 223
2366 2368 74
2396 2419 252
2399 2410 67
2429 2454 227
2440 2472 263
2463 2495 48
2471 2494 42
2493 2495 62
2496 2524 100
2523 2550 140
2549 2582 92
2552 2591 173
2577 2593 189
2599 2625 263
2628 2675 11
2652 2663 178
2660 2682 147
2690 2702 88
2706 2713 68
2718 2732 156
2734 2745 109
2763 2794 4
2763 2808 300
2774 2816 191
2795 2844 135
2798 2829 295
2804 2827 264
2816 2837 180
2828 2856 295
2833 2858 264
2859 2876 200
2875 2924 126
2896 2922 47
2904 2910 121
2906 2933 217
2911 2919 231
2914 2920 284
2939 2989 261
2951 2987 159
2967 2979 209
