200
17 38 111
24 63 53
54 63 104
58 65 44
80 102 38
87 103 120
95 108 292
104 147 264
118 147 138
147 160 6
161 196 80
181 185 149
187 220 12
217 241 59
224 231 252
229 231 85
232 266 76
247 273 65
270 278 84
281 320 272
300 309 207
324 346 104
328 333 20
331 350 274
343 362 43
366 377 35
394 444 286
407 449 189
419 428 122
429 432 74
442 474 289
470 493 43
487 507 242
493 534 78
522 551 53
542 553 280
546 550 192
546 555 3
547 575 86
552 587 3
553 579 166
572 607 139
580 592 260
590 601 196
609 616 94
636 665 253
663 706 160
684 733 42
694 714 87
702 751 228
703 722 126
703 731 38
719 733 141
733 770 23
748 766 101
753 774 80
760 778 113
790 825 19
800 805 122
813 840 156
830 876 168
847 875 22
847 861 145
855 875 206
859 890 184
864 897 123
894 922 150
901 909 248
919 964 255
919 969 41
925 940 267
955 971 44
977 1020 8
979 1014 15
987 1025 118
991 1004 13
997 999 79
1013 1037 63
1026 1034 145
1046 1066 93
1075 1084 260
1077 1095 9
1077 1099 277
1102 1136 250
1122 1136 174
1150 1162 12
1151 1179 122
1181 1230 227
1211 1214 49
1236 1264 217
1237 1254 253
1240 1253 25
1265 1307 83
1275 1317 91
1302 1329 15
1315 1334 54
1336 1374 155
1353 1367 261
1363 1401 298
1387 1390 249
1409 1431 122
1412 1456 202
1434 1481 177
1453 1456 85
1468 1497 216
1484 1532 40
1486 1505 214
1507 1528 179
1508 1527 60
1532 1570 37
1550 1560 187
1565 1577 58
1571 1573 269
1571 1578 264
1596 1640 166
1619 1651 61
1635 1636 223
1639 1653 28
1642 1653 151
1656 1674 181
1683 1698 176
1710 1713 283
1719 1730 258
1730 1765 2
1730 1735 238
1752 1777 102
1776 1779 277
1791 1802 44
1794 1836 272
1824 1846 160
1834 1854 214
1859 1891 45
1887 1928 179
1891 1906 11
1892 1921 19
1893 1932 256
1904 1953 210
1921 1959 36
1935 1981 278
1944 1981 100
1971 1982 292
1992 2004 216
2000 2043 224
2030 2062 227
2058 2073 14
2080 2128 45
2098 2116 215
2119 2165 228
2138 2164 87
2139 2180 99
2153 2186 249
2169 2195 233
2172 2181 272
2187 2230 17
2192 2207 166
2194 2207 145
2212 2253 219
2231 2243 16
2246 2288 46
2264 2308 285
2269 2280 87
2295 2343 11
2308 2350 287
2337 2351 127
2362 2371 283
2391 2441 172
2404 2422 202
2429 2439 153
2436 2449 275
2462 2476 220
2482 2487 57
2498 2536 146
2506 2546 182
2528 2543 56
2544 2550 145
2559 2563 189
2580 2582 122
2596 2599 57
2619 2664 242
2632 2636 163
2642 2662 259
2664 2708 104
2682 2721 278
2692 2693 89
2693 2727 23
2696 2726 233
2721 2744 261
2737 2780 61
2748 2768 296
2763 2774 107
2783 2784 142
2783 2821 194
2805 2827 120
2824 2837 18
2851 2893 35
2851 2855 148
2871 2919 137
2879 2899 104
2898 2910 184
2917 2928 194
