200
26 65 41
47 61 199
75 79 94
93 112 251
102 138 67
126 165 142
134 182 155
135 180 158
140 169 159
162 170 175
163 190 280
168 170 157
182 206 57
189 192 8
197 242 245
216 250 241
224 234 185
234 253 83
248 286 50
269 270 293
283 312 259
284 330 188
290 298 251
310 342 223
325 341 59
351 360 292
365 367 111
393 405 36
393 443 269
411 443 19
427 458 248
437 460 232
464 474 221
491 504 194
508 521 210
525 542 296
530 563 221
539 585 6
539 576 281
558 577 21
577 624 139
577 592 196
606 655 117
636 671 58
660 676 129
682 695 295
692 703 194
698 729 156
718 743 210
736 783 121
763 781 116
782 817 137
786 817 233
804 839 256
807 853 213
816 823 211
844 862 79
856 859 185
878 897 52
900 948 184
921 925 44
950 992 222
965 994 35
965 988 127
976 1011 49
995 1014 27
998 1033 271
1019 1065 109
1026 1045 26
1048 1080 243
1075 1116 249
1078 1099 112
1080 1126 169
1099 1103 281
1116 1157 97
1116 1126 121
1124 1128 196
1145 1161 282
1160 1173 280
1186 1209 221
1201 1234 6
1215 1255 191
1216 1222 13
1216 1230 139
1239 1272 121
1249 1264 23
1249 1258 18
1252 1298 173
1256 1278 38
1284 1303 224
1303 1311 131
1320 1341 26
1324 1364 293
1331 1370 62
1358 1364 66
1373 1399 97
1395 1422 223
1400 1450 233
1425 1439 276
1449 1482 43
1457 1490 227
1470 1490 86
1499 1533 233
1527 1557 82
1542 1576 20
1566 1589 90
1571 1576 21
1582 1624 195
1609 1639 180
1621 1661 101
1649 1666 77
1655 1662 106
1681 1693 126
1690 1703 135
1700 1712 8
1716 1741 187
1739 1750 293
1761 1788 73
1770 1787 59
1771 1783 106
1793 1837 221
1815 1836 100
1841 1890 138
1864 1900 281
1889 1907 235
1902 1911 75
1911 1934 112
1933 1982 296
1953 1982 249
1976 2010 283
2003 2021 151
2017 2055 25
2045 2067 106
2049 2099 260
2067 2101 279
2067 2076 82
2080 2089 156
2092 2127 26
2108 2125 79
2127 2174 95
2143 2183 211
2167 2197 197
2184 2208 283
2213 2222 91
2220 2229 32
2226 2243 88
2226 2238 78
2231 2275 84
2238 2248 111
2256 2301 149
2275 2310 167
2295 2319 12
2318 2348 271
2338 2347 188
2365 2405 60
2382 2428 145
2392 2407 284
2413 2423 168
2443 2455 68
2465 2476 227
2470 2471 144
2484 2488 280
2494 2539 164
2504 2546 111
2504 2507 222
2526 2572 196
2551 2563 44
2557 2570 163
2576 2595 143
2584 2620 233
2588 2638 15
2612 2656 95
2615 2637 75
2624 2644 206
2636 2686 77
2664 2714 1
2668 2680 171
2668 2717 148
2669 2705 184
2690 2714 276
2713 2730 230
2725 2755 38
2735 2737 247
2765 2782 234
2773 2786 189
2786 2809 217
2789 2814 142
2795 2796 28
2814 2844 58
2836 2867 79
2857 2877 168
2872 2914 144
2886 2913 285
2891 2899 175
2895 2900 119
2902 2938 6
2928 2964 192
2950 2979 298
2974 3012 177
2980 2999 186
