200
11 34 128
22 32 12
25 69 242
31 81 160
36 51 60
59 78 54
89 127 222
109 137 109
130 142 18
154 183 23
184 225 48
206 210 265
228 256 34
239 245 192
254 260 254
283 333 115
288 320 105
317 329 250
322 327 276
331 375 210
341 355 104
367 374 232
394 413 162
415 419 127
430 450 206
454 463 104
473 498 214
497 508 233
522 525 247
530 562 140
540 579 294
547 565 16
550 566 22
574 612 183
576 589 171
580 617 204
585 593 150
594 644 10
614 624 123
642 662 200
662 671 83
674 678 288
674 677 162
702 728 237
714 723 247
737 756 58
747 768 139
753 759 250
773 778 66
792 829 277
802 839 177
803 831 288
830 867 276
844 853 75
868 888 24
871 894 65
887 914 2
888 890 189
905 915 215
908 938 118
926 931 148
950 968 194
960 1001 272
971 1017 189
980 1006 141
982 997 284
990 1029 283
1020 1029 51
1049 1083 164
1064 1072 33
1093 1114 120
1107 1133 189
1114 1153 201
1134 1145 113
1160 1187 124
1187 1230 181
1200 1240 276
1211 1229 297
1233 1253 104
1239 1260 247
1264 1267 83
1292 1321 113
1314 1321 71
1328 1378 181
1340 1369 45
1358 1374 293
1366 1408 207
1392 1400 33
1401 1417 3
1408 1428 145
1430 1474 107
1458 1500 131
1474 1522 4
1501 1536 201
1514 1539 17
1518 1550 254
1546 1552 89
1570 1594 90
1577 1578 144
1591 1633 147
1610 1619 81
1635 1662 71
1653 1677 284
1682 1721 79
1699 1738 107
1712 1733 158
1721 1728 270
1737 1780 129
1758 1773 197
1762 1797 221
1790 1802 172
1807 1817 45
1831 1846 7
1855 1867 267
1870 1873 158
1878 1925 285
1880 1905 28
1902 1917 21
1916 1946 62
1926 1946 231
1950 1999 169
1959 1970 273
1976 2006 156
1986 2033 184
1987 2006 213
2002 2032 111
2032 2052 132
2051 2056 125
2072 2105 165
2074 2092 10
2103 2148 3
2109 2144 170
2137 2168 11
2163 2198 148
2174 2202 248
2189 2197 261
2194 2197 220
2224 2259 286
2238 2246 170
2248 2258 132
2270 2274 202
2270 2312 101
2288 2327 59
2318 2343 7
2326 2335 5
2356 2389 24
2364 2365 132
2382 2393 87
2402 2449 35
2424 2445 101
2441 2443 138
2448 2458 205
2469 2481 174
2476 2516 40
2478 2481 8
2499 2536 171
2511 2514 51
2512 2537 32
2518 2524 105
2529 2564 271
2535 2541 245
2565 2578 147
2567 2617 225
2594 2626 3
2605 2616 174
2621 2626 208
2626 2667 111
2639 2661 216
2656 2692 33
2661 2700 166
2679 2723 285
2698 2732 201
2708 2725 59
2727 2728 293
2754 2789 34
2778 2812 234
2780 2803 173
2809 2838 135
2830 2847 97
2837 2840 254
2853 2883 73
2855 2891 23
2861 2905 245
2869 2904 260
2879 2897 44
2907 2939 73
2916 2966 266
2945 2973 19
2945 2987 161
2965 3003 255
2965 2969 192
2991 3014 253
2994 2998 126
3020 3043 169
3021 3056 236
3050 3052 298
3079 3088 188
3096 3112 83
3113 3134 132
3134 3153 15
