200
12 45 116
16 37 137
25 41 223
50 98 55
56 68 43
80 107 251
100 149 269
103 123 95
104 142 295
124 131 110
134 154 242
134 181 131
135 143 233
143 177 158
152 201 60
176 193 26
188 201 215
205 208 16
219 269 94
225 229 232
244 255 168
258 290 32
270 312 33
292 314 7
300 336 33
311 334 62
329 355 13
347 351 226
365 389 249
390 402 183
418 442 284
428 448 11
438 454 293
457 501 188
462 493 14
472 481 89
500 534 204
503 549 87
507 543 82
523 552 209
538 576 257
553 592 244
582 595 290
596 641 12
613 614 120
614 664 287
630 664 293
633 644 8
652 662 132
654 669 42
680 695 130
685 724 291
689 700 148
709 745 187
711 728 34
725 767 19
740 753 126
741 790 114
749 793 116
763 802 94
766 777 138
789 830 232
807 821 253
826 868 267
839 871 66
849 863 91
863 887 101
884 919 281
889 933 260
909 939 7
909 919 7
917 964 99
932 950 246
934 967 49
943 958 25
956 996 85
979 994 229
990 1015 128
1015 1035 88
1035 1080 173
1039 1080 216
1042 1051 224
1067 1070 150
1083 1098 48
1108 1153 282
1124 1131 224
1124 1154 136
1135 1179 76
1163 1206 69
1193 1242 289
1213 1245 196
1232 1262 184
1255 1289 9
1271 1289 155
1290 1293 171
1297 1311 44
1301 1346 81
1301 1321 187
1318 1333 257
1321 1329 200
1349 1352 263
1351 1359 112
1353 1383 37
1383 1393 70
1387 1393 52
1408 1419 220
1434 1449 214
1451 1486 275
1458 1507 77
1470 1479 245
1491 1523 258
1500 1533 24
1529 1554 263
1552 1594 59
1553 1584 26
1566 1592 43
1570 1572 159
1599 1643 22
1620 1621 142
1630 1653 73
1655 1669 84
1678 1689 164
1697 1711 33
1716 1717 221
1746 1752 100
1762 1788 139
1790 1830 54
1813 1859 118
1843 1851 228
1864 1899 179
1885 1887 196
1889 1895 63
1907 1927 209
1915 1916 223
1925 1956 204
1936 1954 254
1966 1975 65
1993 2006 2
1999 2027 161
2024 2063 216
2033 2053 218
2034 2062 89
2038 2082 142
2047 2078 51
2049 2092 236
2067 2097 223
2087 2089 263
2100 2136 203
2115 2128 70
2133 2140 43
2135 2150 199
2150 2184 221
2172 2186 281
2175 2179 67
2202 2225 137
2207 2224 132
2219 2269 121
2226 2248 266
2256 2295 297
2273 2311 294
2292 2337 138
2298 2345 202
2300 2325 292
2312 2327 243
2340 2364 85
2343 2380 210
2347 2351 154
2350 2369 144
2363 2382 149
2389 2436 153
2418 2419 141
2424 2442 246
2447 2455 154
2451 2466 195
2469 2480 226
2470 2483 138
2490 2514 273
2514 2537 197
2522 2532 227
2543 2580 99
2572 2617 168
2585 2602 129
2610 2617 31
2624 2638 90
2638 2653 284
2642 2663 77
2650 2660 260
2670 2685 34
2689 2712 141
2693 2700 155
2697 2741 215
2720 2747 33
2739 2743 2
2756 2787 251
2786 2791 68
2786 2787 300
2795 2814 268
2818 2865 129
2838 2865 16
2848 2886 282
