200
11 34 15
13 41 225
33 48 118
63 90 60
81 92 192
101 110 82
122 159 172
151 183 283
175 178 186
187 200 283
208 210 94
221 270 191
249 284 256
264 269 209
264 302 140
277 279 233
282 287 137
292 293 197
317 335 229
332 376 248
343 346 56
355 390 15
381 428 260
381 387 244
406 415 16
427 456 98
433 445 214
436 485 84
437 444 161
446 481 70
462 493 75
465 490 154
494 543 23
524 552 146
529 560 153
543 581 179
566 602 253
585 609 134
599 647 137
604 651 181
617 641 3
621 649 295
622 645 194
646 662 122
672 688 177
674 701 3
684 719 204
713 747 277
740 778 108
762 764 239
768 775 181
794 815 291
815 819 157
838 849 284
859 867 177
879 929 285
891 910 174
891 930 298
899 945 119
917 957 291
926 976 181
953 982 20
978 991 79
1001 1051 29
1004 1014 233
1031 1075 6
1033 1044 201
1040 1043 111
1040 1079 223
1041 1083 212
1056 1088 58
1077 1078 283
1107 1125 194
1124 1125 123
1133 1150 83
1146 1164 170
1153 1159 268
1162 1185 213
1170 1209 23
1196 1204 203
1221 1233 266
1243 1259 213
1254 1286 150
1268 1297 154
1294 1309 66
1317 1344 93
1325 1340 5
1339 1373 212
1351 1384 19
1380 1422 168
1404 1405 27
1429 1451 51
1436 1476 124
1466 1504 245
1474 1519 168
1476 1506 43
1498 1506 2
1510 1539 279
1533 1579 246
1536 1549 95
1553 1562 216
1575 1614 119
1605 1629 125
1630 1654 204
1658 1700 103
1662 1663 271
1680 1717 44
1683 1725 298
1696 1730 224
1716 1765 87
1727 1758 58
1735 1754 110
1754 1773 77
1784 1791 127
1797 1839 82
1817 1834 63
1831 1873 234
1835 1876 114
1848 1879 256
1866 1870 280
1874 1888 270
1884 1910 195
1890 1929 172
1906 1915 285
1911 1929 189
1937 1978 176
1939 1984 190
1963 2008 17
1985 1989 263
2007 2045 202
2008 2017 112
2019 2048 1
2030 2076 43
2053 2065 181
2063 2084 288
2063 2073 81
2075 2082 103
2082 2109 252
2085 2126 103
2110 2134 255
2125 2163 205
2125 2161 131
2145 2159 110
2175 2203 276
2196 2211 211
2226 2270 158
2253 2294 94
2273 2317 61
2287 2317 214
2287 2291 285
2295 2344 235
2300 2322 163
2303 2334 118
2324 2362 215
2341 2353 226
2355 2364 281
2378 2400 227
2401 2420 232
2404 2431 161
2405 2443 263
2411 2423 80
2432 2481 153
2453 2488 51
2466 2493 123
2486 2500 296
2493 2535 194
2493 2499 251
2519 2547 275
2538 2558 30
2553 2563 65
2579 2596 195
2579 2585 42
2592 2620 65
2596 2620 94
2602 2604 15
2621 2659 88
2627 2630 186
2646 2666 230
2676 2717 52
2705 2739 207
2727 2770 67
2747 2792 222
2761 2782 128
2782 2819 299
2812 2835 299
2818 2822 277
2840 2876 155
2841 2881 42
2848 2878 20
2878 2902 64
2878 2910 227
2887 2904 110
2902 2934 257
2911 2932 24
2916 2953 269
2925 2956 94
2944 2989 239
2972 3000 188
2991 3011 60
2992 3016 245
