200
19 40 168
35 43 232
46 72 271
64 98 288
74 91 142
84 97 173
97 123 79
116 166 268
135 150 295
155 197 68
162 163 81
191 193 240
197 203 229
206 248 161
225 246 73
240 255 16
257 268 300
282 294 278
295 318 164
319 340 89
335 341 45
346 370 176
363 409 85
374 402 14
401 426 170
428 433 184
454 456 209
470 506 257
476 501 10
487 526 296
512 519 67
518 558 190
524 545 180
534 567 84
547 549 6
564 612 297
585 606 184
613 659 240
642 679 111
646 696 205
670 688 79
680 726 57
683 719 48
695 734 227
697 709 287
708 709 80
738 783 60
761 802 77
769 774 248
788 790 176
817 833 4
842 872 46
863 891 34
870 879 162
899 921 239
905 938 201
926 953 294
940 954 249
961 970 222
986 992 66
1001 1008 172
1005 1053 62
1020 1064 103
1023 1038 57
1039 1074 198
1063 1094 192
1065 1096 24
1079 1107 25
1091 1125 172
1098 1110 168
1120 1164 74
1135 1181 137
1143 1172 57
1172 1207 65
1196 1199 138
1205 1213 206
1223 1238 49
1242 1253 125
1250 1263 51
1268 1308 20
1273 1299 22
1280 1308 198
1288 1295 84
1293 1334 21
1317 1318 6
1322 1357 115
1327 1345 50
1333 1340 33
1347 1368 237
1351 1393 5
1362 1393 211
1377 1427 90
1382 1388 79
1409 1421 179
1424 1435 67
1438 1444 120
1448 1498 66
1455 1472 193
1457 1490 53
1464 1506 130
1465 1483 197
1491 1533 211
1510 1544 188
1525 1546 66
1530 1541 14
1536 1558 196
1552 1578 184
1571 1596 270
1592 1621 202
1592 1603 12
1611 1630 235
1633 1647 10
1642 1646 111
1650 1667 61
1669 1713 254
1681 1730 283
1684 1700 268
1692 1710 40
1707 1755 100
1711 1754 212
1739 1752 137
1765 1794 18
1774 1802 183
1783 1824 120
1794 1833 298
1824 1846 46
1836 1841 28
1843 1852 119
1870 1909 83
1878 1886 96
1900 1913 263
1924 1957 236
1928 1970 147
1949 1974 224
1970 2008 160
1976 1992 61
1984 2009 139
1990 2030 162
2012 2050 181
2026 2035 151
2047 2052 209
2066 2099 146
2070 2117 16
2074 2080 43
2086 2089 291
2098 2122 96
2103 2112 135
2133 2178 187
2137 2166 27
2145 2168 166
2152 2168 113
2165 2180 55
2185 2188 281
2215 2243 80
2234 2253 214
2240 2271 113
2240 2282 10
2262 2301 172
2274 2279 288
2274 2317 148
2294 2328 256
2300 2323 283
2325 2374 123
2338 2350 160
2360 2382 293
2383 2428 194
2388 2393 162
2395 2445 205
2424 2474 99
2446 2476 284
2466 2500 48
2477 2488 242
2487 2500 41
2509 2556 214
2531 2542 115
2543 2558 286
2554 2602 50
2571 2578 140
2571 2580 256
2589 2602 135
2595 2609 261
2616 2653 151
2617 2656 102
2644 2654 2
2648 2650 105
2671 2714 217
2687 2721 10
2694 2741 29
2724 2747 17
2726 2735 145
2736 2754 285
2743 2757 191
2751 2759 241
2754 2791 134
2771 2777 128
2792 2839 241
2815 2839 56
2834 2858 283
2848 2863 179
2864 2873 48
