200
26 69 274
51 93 254
66 76 255
73 118 95
90 93 8
97 103 220
103 141 46
132 147 79
145 184 267
164 208 111
188 233 54
202 227 123
227 256 52
230 232 176
254 284 36
275 281 149
278 288 293
279 312 225
309 325 203
324 333 75
348 366 274
365 408 69
378 409 299
384 392 77
408 453 12
424 470 46
445 470 121
453 471 221
478 519 85
491 497 121
498 523 181
504 529 217
520 559 58
534 579 84
560 583 192
576 607 161
583 596 131
606 655 277
632 666 185
641 688 226
657 706 283
681 727 215
709 744 123
709 746 88
732 777 247
732 737 51
736 780 129
762 763 3
788 819 173
808 815 84
815 837 236
841 851 252
844 871 236
848 867 187
861 888 14
883 913 148
911 950 238
934 959 229
962 996 129
972 977 95
996 1044 41
1025 1040 253
1033 1076 125
1041 1084 17
1063 1095 214
1083 1106 170
1084 1096 263
1109 1149 48
1133 1149 117
1140 1185 182
1153 1187 105
1159 1163 104
1178 1216 46
1203 1236 191
1221 1247 144
1227 1256 79
1227 1251 289
1256 1297 272
1275 1304 291
1298 1307 146
1327 1350 251
1344 1376 123
1348 1374 28
1370 1411 73
1398 1404 235
1415 1419 253
1419 1428 177
1437 1457 80
1456 1489 157
1465 1505 170
1483 1506 203
1486 1498 265
1509 1511 257
1527 1575 80
1540 1589 27
1560 1578 161
1563 1575 13
1582 1593 203
1596 1609 103
1625 1669 13
1642 1648 270
1642 1673 109
1665 1684 124
1672 1676 151
1696 1728 245
1706 1730 180
1719 1730 63
1726 1760 182
1737 1778 284
1758 1789 25
1770 1815 220
1770 1812 256
1787 1833 275
1801 1811 1
1827 1876 120
1834 1871 171
1838 1842 269
1867 1875 161
1873 1881 218
1898 1917 9
1920 1930 280
1933 1944 152
1934 1949 19
1956 1976 92
1961 1965 46
1991 2016 68
1991 2018 253
2012 2026 113
2028 2040 233
2057 2075 78
2060 2076 100
2076 2097 146
2088 2125 138
2109 2156 214
2120 2128 213
2130 2155 186
2160 2178 75
2168 2181 200
2173 2182 215
2184 2202 253
2202 2233 166
2208 2252 38
2223 2268 188
2233 2246 133
2233 2248 29
2263 2274 113
2284 2315 208
2288 2309 35
2293 2338 11
2293 2321 66
2297 2309 93
2318 2323 83
2332 2335 249
2344 2351 92
2358 2391 263
2374 2378 16
2374 2382 296
2378 2386 32
2387 2428 29
2407 2434 158
2423 2449 36
2438 2487 78
2451 2497 232
2479 2504 202
2501 2549 273
2523 2534 55
2536 2552 65
2553 2575 12
2560 2590 85
2574 2593 125
2604 2639 188
2605 2639 215
2635 2682 60
2660 2678 189
2678 2688 119
2684 2705 160
2685 2716 78
2700 2713 196
2724 2725 121
2752 2764 7
2771 2797 103
2790 2809 36
2805 2838 107
2834 2856 62
2838 2850 253
2847 2868 13
2872 2883 54
2877 2886 164
2886 2909 26
2914 2961 275
2935 2949 2
2942 2946 90
2947 2994 8
2976 2979 38
3001 3036 32
3005 3026 100
3012 3041 194
3016 3054 248
3019 3038 49
3047 3049 66
