200
20 21 289
28 59 266
34 43 222
37 62 17
48 74 194
61 76 7
85 103 145
106 125 137
131 180 253
139 148 267
169 214 219
176 224 221
191 201 68
198 235 153
223 241 253
253 263 133
275 311 296
294 297 60
299 349 26
302 343 140
309 329 10
328 350 85
342 368 130
366 414 258
377 391 2
391 441 207
405 414 189
425 451 214
451 501 209
454 488 201
466 491 274
495 508 70
523 558 273
527 537 300
533 583 300
544 547 201
560 585 91
569 587 155
574 623 25
589 595 141
604 653 52
632 680 120
638 654 238
665 704 264
672 698 118
699 702 80
726 762 146
741 790 172
765 773 220
772 816 212
780 826 69
785 819 51
815 844 22
833 862 131
844 854 98
864 900 297
892 914 291
903 952 121
924 972 258
940 946 185
968 984 64
979 991 53
990 1034 147
1006 1045 105
1010 1034 42
1016 1038 176
1043 1085 162
1071 1106 149
1075 1092 97
1076 1082 147
1106 1142 86
1119 1143 34
1138 1141 280
1148 1177 216
1165 1205 69
1192 1209 66
1202 1209 61
1213 1248 189
1227 1242 67
1250 1271 102
1261 1284 124
1267 1286 278
1291 1312 276
1302 1320 244
1317 1351 278
1320 1326 12
1321 1332 127
1333 1338 223
1334 1356 44
1356 1371 125
1383 1387 286
1410 1438 161
1430 1444 55
1447 1469 103
1459 1462 57
1471 1520 170
1490 1495 296
1510 1550 78
1513 1549 190
1517 1550 9
1522 1532 237
1528 1553 238
1544 1555 229
1571 1580 2
1582 1611 264
1597 1619 172
1619 1638 37
1629 1661 185
1641 1662 91
1660 1684 210
1686 1691 200
1703 1730 16
1724 1760 82
1741 1779 237
1753 1764 260
1763 1802 221
1777 1802 184
1805 1855 244
1827 1862 278
1829 1834 105
1847 1875 44
1874 1915 269
1894 1907 175
1902 1952 58
1930 1960 178
1941 1942 70
1961 1986 118
1963 1970 14
1969 2001 184
1971 1983 185
1992 2024 190
2000 2044 221
2011 2013 182
2033 2035 175
2061 2068 258
2062 2093 67
2067 2106 298
2068 2114 18
2086 2131 241
2098 2148 230
2124 2169 89
2151 2188 100
2178 2228 131
2202 2214 33
2218 2249 126
2244 2293 130
2251 2296 41
2277 2286 86
2293 2304 164
2318 2361 159
2331 2357 262
2349 2373 111
2357 2377 271
2379 2396 121
2407 2408 89
2421 2451 122
2434 2469 50
2452 2492 214
2466 2514 161
2466 2501 275
2473 2487 282
2496 2501 1
2521 2564 9
2541 2542 3
2569 2571 239
2577 2623 131
2582 2594 91
2609 2629 173
2630 2664 144
2634 2635 63
2640 2670 86
2647 2683 184
2669 2674 97
2669 2703 289
2679 2706 245
2701 2751 242
2725 2747 224
2740 2790 267
2760 2797 172
2763 2767 86
2781 2821 149
2790 2801 116
2798 2848 258
2804 2850 129
2829 2833 77
2855 2861 187
2866 2874 53
2878 2909 147
2904 2941 82
2930 2936 256
2939 2975 249
2966 3010 281
2990 3033 138
3007 3043 165
3037 3083 238
3040 3048 75
3045 3071 249
3066 3095 26
3075 3088 97
3089 3127 199
