200
13 14 192
35 47 138
43 78 80
53 82 13
74 104 240
74 123 136
93 107 171
116 117 254
120 168 294
145 163 151
152 184 135
166 173 157
172 208 84
180 229 48
193 216 81
200 223 108
209 236 98
222 272 200
252 266 239
260 287 54
268 273 163
286 291 228
314 346 218
318 343 144
332 382 284
362 393 198
386 402 117
388 422 157
400 414 210
411 459 8
417 423 288
439 447 268
465 467 279
477 527 185
482 527 91
482 503 102
502 536 148
510 542 111
531 565 170
539 546 78
551 597 79
572 618 41
586 609 177
598 641 101
625 665 250
632 676 154
644 648 154
651 690 70
665 689 181
690 698 109
711 724 161
734 763 9
761 811 49
779 815 244
780 793 26
804 831 265
815 826 189
834 872 264
850 857 253
864 914 80
887 913 58
912 962 263
922 934 205
942 957 2
952 970 251
953 968 248
967 1016 107
975 983 77
982 1019 39
1001 1046 155
1026 1056 284
1052 1080 93
1082 1124 288
1094 1137 222
1108 1113 11
1132 1147 188
1147 1166 16
1172 1222 26
1190 1194 140
1198 1230 178
1225 1243 36
1229 1236 11
1258 1275 263
1258 1277 275
1279 1290 51
1282 1302 104
1287 1307 78
1316 1351 111
1330 1378 124
1348 1380 251
1358 1383 252
1372 1410 29
1392 1398 109
1402 1417 227
1426 1447 285
1440 1447 258
1440 1442 100
1448 1483 243
1470 1515 294
1479 1496 288
1494 1526 152
1513 1544 226
1521 1559 49
1541 1556 242
1545 1574 86
1550 1552 43
1565 1585 291
1587 1589 236
1614 1636 28
1621 1628 105
1622 1647 112
1644 1681 83
1655 1662 17
1672 1719 106
1680 1714 124
1710 1725 256
1711 1747 91
1740 1750 18
1743 1789 170
1766 1811 272
1785 1817 31
1807 1848 57
1821 1850 265
1825 1864 172
1840 1874 216
1866 1879 68
1880 1899 219
1896 1906 9
1925 1953 197
1933 1935 220
1942 1945 206
1956 1969 11
1967 1977 116
1979 2028 180
1995 2030 182
2018 2047 120
2034 2067 101
2052 2097 299
2059 2060 171
2065 2082 262
2079 2123 242
2107 2142 51
2107 2121 152
2125 2160 147
2126 2148 204
2138 2174 50
2155 2201 190
2164 2165 168
2178 2220 93
2191 2203 132
2204 2213 297
2218 2249 231
2241 2253 202
2247 2256 88
2275 2314 32
2284 2303 113
2291 2318 204
2301 2335 292
2311 2352 295
2325 2372 86
2325 2343 253
2337 2370 48
2360 2380 276
2366 2378 97
2381 2422 59
2391 2429 52
2416 2438 2
2437 2487 111
2453 2488 76
2480 2527 77
2486 2523 216
2504 2522 183
2518 2554 202
2543 2563 166
2550 2560 88
2572 2621 56
2575 2593 287
2601 2612 16
2620 2621 165
2627 2632 56
2648 2650 204
2663 2710 172
2686 2689 64
2690 2720 198
2715 2718 290
2738 2764 97
2745 2752 175
2749 2755 67
2767 2797 236
2782 2822 157
2812 2847 56
2812 2837 292
2831 2862 77
2842 2865 265
2855 2856 75
2883 2906 182
2901 2915 64
2921 2947 151
2930 2951 218
2935 2938 130
