200
3 44 4
26 59 144
34 64 200
56 100 28
62 101 218
88 103 122
115 145 180
132 151 274
132 148 47
159 174 254
165 207 189
188 229 258
218 266 61
227 245 283
229 264 173
258 289 300
270 299 181
277 283 102
281 283 268
301 321 200
311 335 274
340 390 45
343 355 238
354 368 109
377 389 184
397 423 10
411 433 63
438 443 234
447 461 26
456 490 17
467 517 247
481 485 254
507 511 36
516 525 72
522 524 157
530 536 279
530 557 262
540 575 244
554 583 181
572 614 268
583 627 43
587 629 202
598 645 67
621 644 103
642 658 58
642 647 206
667 675 26
673 691 182
682 722 281
702 725 171
725 767 108
753 786 25
778 786 273
808 849 117
811 850 87
829 842 183
836 840 261
862 888 259
871 885 59
900 901 10
930 955 107
943 984 229
944 990 127
958 987 183
968 1008 47
987 1014 210
1007 1024 12
1029 1039 292
1031 1073 7
1046 1076 123
1071 1100 298
1071 1112 2
1074 1115 44
1080 1105 226
1097 1098 123
1099 1126 292
1120 1125 46
1145 1148 168
1173 1181 31
1194 1207 53
1214 1262 91
1237 1269 103
1266 1309 179
1294 1314 1
1313 1354 227
1329 1346 224
1341 1373 262
1359 1387 175
1363 1365 118
1368 1407 275
1394 1405 61
1396 1419 30
1409 1453 212
1426 1455 183
1448 1497 69
1462 1496 191
1476 1512 220
1489 1529 26
1512 1556 126
1522 1546 299
1542 1569 274
1563 1598 172
1569 1593 164
1576 1616 71
1579 1607 74
1594 1621 133
1621 1630 43
1636 1671 17
1648 1682 150
1651 1684 98
1671 1699 234
1677 1726 217
1699 1702 222
1718 1767 260
1728 1732 171
1734 1753 282
1737 1755 8
1752 1769 56
1765 1806 284
1785 1824 203
1801 1839 256
1811 1814 112
1822 1846 70
1847 1850 187
1877 1893 161
1888 1890 246
1915 1935 115
1943 1988 216
1972 1983 255
1979 2009 132
2001 2014 194
2008 2052 283
2017 2038 112
2038 2066 34
2039 2054 108
2059 2095 184
2073 2088 238
2082 2096 202
2099 2146 230
2123 2149 120
2141 2146 249
2170 2194 196
2171 2188 116
2193 2211 163
2199 2219 208
2227 2240 138
2229 2259 246
2229 2243 8
2234 2264 208
2240 2243 90
2261 2286 49
2285 2312 80
2310 2340 118
2320 2333 124
2327 2370 11
2336 2370 62
2339 2351 69
2367 2380 238
2394 2441 184
2404 2426 295
2410 2437 48
2428 2459 142
2428 2449 131
2458 2497 221
2466 2468 216
2471 2517 164
2491 2501 122
2516 2536 162
2538 2572 283
2545 2560 240
2550 2565 24
2564 2594 118
2583 2614 136
2586 2631 172
2611 2616 104
2615 2651 280
2641 2656 159
2667 2700 112
2673 2681 248
2687 2709 238
2700 2749 145
2707 2735 78
2728 2741 275
2729 2761 102
2755 2792 134
2757 2774 231
2780 2797 32
2810 2851 172
2820 2862 62
2837 2867 93
2859 2902 200
2875 2885 243
2887 2892 288
2897 2915 132
2912 2956 228
2939 2988 217
2950 2992 12
2979 2983 290
2988 3024 121
3002 3051 291
