200
22 42 19
34 83 205
34 58 205
38 74 172
40 74 300
46 91 151
76 100 121
84 123 162
114 150 136
116 132 196
141 190 122
147 186 111
162 209 215
168 212 53
169 183 50
173 204 135
184 218 288
199 211 293
218 266 47
246 287 92
274 299 195
298 322 37
303 322 229
306 348 91
334 354 156
338 371 174
367 383 62
371 379 240
394 422 163
403 429 296
426 469 174
449 450 167
460 462 184
466 481 46
485 501 58
499 505 240
517 542 205
527 540 131
556 563 88
557 569 150
568 583 61
573 583 41
578 582 39
582 608 186
594 628 167
600 640 165
615 618 83
627 676 156
651 675 23
669 710 155
698 734 258
721 746 66
742 788 164
744 763 275
752 800 52
774 815 158
798 821 265
813 860 76
819 857 201
825 855 156
832 833 56
861 886 246
875 911 52
895 905 275
907 920 17
929 931 90
937 956 235
959 994 160
964 1007 33
974 1005 152
985 1008 149
992 1001 17
997 1017 296
1002 1034 194
1016 1018 146
1037 1057 32
1046 1089 211
1066 1079 40
1082 1113 41
1112 1156 111
1129 1153 119
1130 1179 162
1131 1166 287
1155 1199 87
1178 1210 78
1190 1229 254
1194 1242 21
1215 1253 156
1237 1244 75
1262 1278 297
1284 1305 296
1288 1317 167
1292 1339 154
1308 1339 287
1312 1360 156
1312 1337 47
1322 1372 153
1337 1371 118
1343 1365 66
1357 1406 260
1379 1421 277
1395 1435 211
1414 1436 9
1444 1479 24
1461 1462 231
1480 1481 79
1487 1510 91
1488 1530 253
1515 1534 58
1528 1550 106
1530 1556 69
1546 1579 90
1556 1604 167
1575 1624 131
1583 1601 156
1608 1650 120
1629 1673 82
1659 1692 198
1672 1674 208
1693 1701 207
1705 1725 145
1735 1772 230
1740 1764 23
1751 1771 277
1763 1777 162
1784 1791 26
1796 1797 264
1804 1830 133
1805 1828 130
1808 1817 37
1837 1844 52
1840 1860 91
1849 1855 295
1879 1914 41
1907 1910 127
1933 1978 188
1937 1950 92
1966 1984 185
1978 1982 269
1987 2032 58
2009 2049 246
2031 2074 205
2031 2043 218
2058 2082 252
2086 2100 215
2089 2092 19
2114 2121 1
2136 2173 138
2137 2185 157
2147 2185 54
2149 2155 251
2149 2156 161
2173 2202 173
2193 2197 245
2211 2224 150
2233 2236 60
2260 2287 165
2265 2300 167
2271 2284 1
2283 2287 213
2304 2325 120
2329 2367 67
2335 2340 185
2355 2363 278
2374 2385 196
2397 2399 20
2402 2410 91
2414 2455 278
2416 2461 2
2446 2477 70
2470 2474 96
2475 2498 68
2476 2515 268
2488 2534 40
2514 2523 282
2525 2563 17
2555 2592 31
2555 2580 139
2582 2624 93
2588 2618 90
2599 2638 36
2613 2636 11
2619 2648 114
2632 2682 280
2636 2680 188
2641 2690 261
2659 2704 112
2663 2705 14
2669 2709 38
2690 2704 206
2702 2737 68
2713 2739 11
2716 2751 132
2733 2777 245
2756 2768 105
2757 2798 208
2787 2829 113
2808 2831 178
2831 2857 278
2858 2907 84
