200
26 74 281
33 39 118
43 55 191
66 96 290
81 124 78
108 140 57
115 143 260
126 176 53
139 184 58
141 191 7
143 151 5
143 160 4
161 170 231
161 204 5
163 198 144
187 205 176
188 202 188
207 241 208
232 240 180
260 300 16
271 319 9
272 319 214
301 324 156
305 325 169
327 334 297
346 375 174
359 382 287
379 394 165
383 433 84
384 417 129
402 446 45
432 482 232
450 476 125
464 487 211
491 520 84
499 531 196
517 553 192
528 547 13
532 536 182
562 611 191
571 597 194
577 603 131
586 588 42
588 630 77
613 653 57
634 669 268
657 684 115
664 707 239
689 717 269
713 716 168
732 751 2
757 787 235
783 828 295
797 828 235
806 838 53
835 853 53
842 852 17
843 887 125
871 884 210
877 917 242
877 905 18
893 922 232
899 919 68
904 922 161
907 950 6
934 940 89
941 962 148
948 968 126
973 975 15
994 1036 280
1002 1032 20
1006 1013 239
1014 1030 174
1024 1066 24
1043 1092 263
1048 1076 177
1052 1084 7
1054 1075 127
1069 1103 265
1086 1131 88
1096 1144 275
1102 1119 67
1102 1149 201
1116 1129 257
1127 1160 214
1141 1160 12
1162 1208 125
1186 1213 235
1216 1242 146
1221 1244 119
1224 1233 157
1242 1272 163
1251 1256 155
1279 1288 54
1295 1303 52
1308 1310 230
1319 1365 63
1328 1367 243
1336 1350 39
1352 1388 240
1367 1407 268
1393 1439 297
1410 1427 186
1412 1413 221
1440 1446 121
1452 1482 141
1456 1505 29
1479 1509 91
1509 1555 109
1515 1533 105
1529 1544 284
1558 1579 11
1559 1573 152
1561 1568 292
1577 1599 169
1580 1598 133
1584 1599 21
1612 1651 201
1635 1647 16
1638 1684 109
1645 1674 214
1652 1697 275
1671 1708 22
1690 1726 241
1705 1726 91
1727 1772 266
1733 1744 143
1758 1777 284
1781 1826 274
1798 1839 30
1811 1854 25
1819 1829 76
1823 1840 202
1849 1866 285
1854 1862 197
1871 1910 241
1883 1897 31
1900 1935 56
1900 1927 119
1906 1908 230
1913 1914 278
1940 1963 102
1953 1970 221
1954 1983 102
1984 1992 231
2004 2032 84
2018 2022 174
2040 2063 157
2041 2053 228
2068 2089 18
2086 2106 278
2094 2128 199
2106 2139 235
2130 2140 21
2156 2159 81
2162 2169 11
2163 2174 26
2179 2203 117
2201 2204 15
2213 2220 53
2230 2240 250
2243 2270 178
2264 2270 194
2264 2290 271
2293 2325 38
2304 2317 167
2317 2355 99
2329 2362 99
2340 2343 214
2359 2401 200
2389 2401 30
2413 2451 102
2437 2438 67
2443 2455 108
2458 2466 45
2458 2459 185
2469 2480 248
2479 2521 259
2502 2533 120
2506 2521 74
2534 2576 118
2550 2592 204
2560 2599 237
2560 2582 195
2565 2615 124
2572 2590 111
2602 2604 201
2621 2655 16
2630 2631 284
2638 2674 290
2646 2680 211
2667 2698 9
2694 2700 67
2715 2742 14
2743 2744 209
2766 2800 224
2779 2820 15
2781 2797 35
2811 2850 177
2837 2839 16
