200
25 64 100
33 58 4
50 81 279
69 99 80
82 104 152
89 131 214
97 113 139
102 116 60
124 174 98
124 150 249
132 169 187
156 166 279
171 173 67
179 186 179
204 205 182
212 214 5
239 274 280
242 256 30
257 271 94
259 269 260
276 321 256
292 305 205
318 334 194
325 347 94
329 353 229
346 379 264
372 402 22
396 407 249
415 444 204
435 461 119
443 464 214
453 478 181
481 487 68
505 524 161
528 546 189
552 563 95
555 601 104
562 589 18
574 622 110
597 598 134
608 611 203
631 650 212
636 685 106
644 645 63
656 668 40
681 706 143
707 736 224
708 712 142
716 728 258
734 755 74
739 763 58
746 767 266
750 786 127
764 808 94
771 821 109
772 776 151
785 812 217
812 862 71
842 875 237
861 864 102
866 868 69
866 901 264
874 895 295
897 920 189
904 942 141
904 945 32
927 977 62
934 966 133
962 1010 43
983 986 202
991 1008 221
997 1047 266
1001 1023 74
1018 1056 82
1038 1069 296
1055 1100 7
1060 1090 12
1068 1095 129
1074 1096 294
1097 1115 15
1119 1161 131
1120 1125 150
1133 1182 126
1133 1144 72
1151 1178 201
1153 1154 129
1178 1208 163
1198 1201 254
1198 1218 52
1225 1262 57
1237 1250 56
1266 1308 167
1284 1304 230
1291 1325 47
1319 1320 112
1335 1373 150
1351 1354 225
1381 1425 115
1392 1425 102
1401 1444 66
1402 1415 229
1418 1458 193
1436 1474 288
1462 1474 149
1486 1491 23
1508 1548 210
1532 1575 57
1533 1558 47
1541 1572 169
1564 1573 62
1582 1608 259
1609 1651 206
1609 1646 99
1635 1680 179
1635 1636 80
1662 1669 219
1669 1696 139
1689 1699 236
1694 1736 204
1702 1715 9
1708 1754 15
1721 1750 177
1721 1767 123
1738 1742 208
1738 1785 270
1760 1792 203
1780 1803 83
1782 1786 68
1807 1834 53
1828 1853 124
1850 1882 243
1854 1900 253
1879 1912 125
1883 1919 284
1885 1931 27
1885 1923 259
1915 1949 34
1920 1948 299
1928 1976 178
1944 1965 145
1955 1962 102
1969 2000 220
1992 2032 23
2019 2069 293
2044 2091 273
2058 2065 57
2075 2125 97
2095 2109 9
2114 2150 277
2144 2146 155
2172 2184 155
2185 2217 74
2197 2236 246
2220 2234 207
2241 2277 208
2247 2250 278
2248 2294 265
2256 2270 32
2279 2305 37
2280 2313 258
2306 2312 72
2320 2333 135
2331 2375 131
2341 2345 245
2346 2377 178
2347 2349 279
2356 2363 199
2373 2422 87
2377 2424 177
2393 2433 72
2410 2459 96
2436 2475 236
2443 2468 58
2457 2471 163
2469 2512 120
2471 2475 213
2496 2539 195
2510 2517 258
2529 2534 27
2543 2577 192
2543 2585 170
2559 2598 278
2585 2618 72
2597 2644 149
2624 2650 92
2628 2676 284
2650 2697 143
2670 2704 242
2674 2690 152
2681 2731 257
2682 2693 228
2695 2718 148
2715 2731 68
2715 2735 147
2731 2755 233
2756 2794 129
2774 2806 239
2802 2807 278
2822 2849 55
2845 2881 167
