200
19 51 162
41 44 288
70 84 275
79 85 156
81 96 147
103 152 176
115 138 12
132 135 190
146 152 6
168 171 92
191 226 165
219 266 140
239 265 76
255 290 234
268 270 173
286 297 68
312 352 241
323 331 100
338 353 57
359 372 3
362 368 156
371 416 129
385 415 251
412 422 244
414 451 19
416 420 45
425 460 160
451 479 260
476 505 7
477 500 124
488 530 72
491 523 34
511 544 87
525 570 31
534 552 63
541 573 43
560 610 224
562 587 147
581 584 293
590 611 79
596 624 273
620 643 177
642 675 13
666 668 232
691 710 148
721 756 286
742 781 154
757 803 61
765 772 231
782 796 281
793 794 168
814 846 250
824 872 8
843 882 5
864 902 195
878 908 58
901 915 142
905 916 73
927 936 271
937 985 233
951 975 94
970 1016 85
998 1009 111
1021 1051 277
1022 1063 123
1045 1056 298
1061 1098 147
1086 1090 299
1087 1136 237
1092 1121 283
1121 1171 204
1121 1170 4
1139 1165 226
1158 1176 263
1186 1234 89
1186 1218 249
1213 1216 7
1235 1242 136
1260 1284 277
1261 1305 194
1278 1302 215
1292 1299 70
1318 1326 218
1326 1344 5
1334 1347 224
1339 1345 230
1350 1390 75
1364 1397 249
1393 1415 27
1396 1418 271
1400 1424 202
1424 1460 137
1437 1458 11
1451 1477 142
1475 1520 85
1499 1504 59
1526 1530 268
1526 1572 73
1533 1536 95
1554 1603 217
1583 1594 232
1588 1589 27
1604 1643 101
1610 1631 237
1640 1676 65
1653 1682 24
1673 1690 288
1697 1709 177
1709 1716 60
1739 1789 64
1740 1787 248
1742 1780 275
1752 1762 53
1774 1777 283
1783 1808 83
1808 1813 77
1834 1853 35
1859 1863 29
1887 1920 190
1902 1904 157
1913 1918 250
1938 1941 137
1954 1990 53
1963 2006 208
1971 1977 146
1988 2035 159
2018 2031 40
2018 2024 144
2038 2064 199
2058 2100 47
2064 2066 25
2089 2138 133
2089 2115 256
2099 2108 201
2111 2142 98
2127 2143 189
2143 2153 253
2171 2210 104
2184 2189 176
2210 2250 35
2215 2259 269
2244 2285 171
2249 2294 163
2252 2278 64
2252 2282 177
2259 2262 194
2273 2323 179
2293 2324 118
2305 2353 89
2327 2361 17
2335 2385 228
2343 2361 94
2348 2361 65
2374 2408 119
2388 2416 165
2406 2413 250
2433 2434 178
2459 2483 128
2484 2515 164
2509 2555 77
2532 2547 48
2555 2564 246
2581 2595 231
2602 2631 10
2602 2630 19
2615 2641 144
2631 2676 2
2639 2684 268
2656 2698 82
2674 2709 80
2678 2693 75
2679 2697 210
2707 2742 279
2733 2767 172
2752 2793 71
2752 2767 174
2763 2795 267
2777 2817 224
2779 2819 51
2788 2838 126
2795 2812 102
2801 2826 148
2811 2830 208
2819 2841 119
2823 2864 240
2848 2849 28
2875 2912 204
2894 2913 139
2907 2952 250
2918 2964 294
2924 2937 298
2950 2960 138
2964 3005 293
2987 3035 203
3014 3059 118
3041 3062 19
3044 3067 16
3044 3085 63
3065 3102 231
3091 3092 137
