200
10 49 58
22 66 147
35 61 245
50 83 97
63 87 29
92 124 223
115 161 105
127 149 171
127 131 262
136 140 190
153 164 96
173 192 172
184 207 141
198 239 80
219 251 228
227 250 175
243 273 95
254 260 194
271 321 105
297 329 247
326 332 296
351 381 173
378 409 220
404 439 68
432 444 210
461 509 103
475 508 161
475 497 12
493 509 230
508 541 262
518 567 239
534 548 215
564 595 136
591 603 209
612 656 31
614 655 222
617 649 292
639 646 94
666 689 84
679 683 220
690 730 100
714 726 197
718 755 282
724 742 182
740 742 35
752 785 89
779 816 211
795 843 299
811 821 93
831 847 202
861 879 129
878 900 292
897 934 35
904 929 227
913 944 234
917 925 286
923 970 212
928 971 146
950 975 170
965 983 30
966 1003 88
966 984 241
993 1033 63
1010 1046 17
1018 1037 226
1046 1094 67
1072 1122 58
1080 1114 70
1107 1117 121
1107 1112 273
1108 1114 281
1114 1159 186
1124 1152 16
1131 1159 297
1133 1182 1
1156 1182 269
1173 1204 290
1202 1204 135
1227 1249 207
1248 1269 19
1270 1317 217
1272 1288 259
1291 1303 76
1321 1337 146
1343 1361 17
1360 1378 284
1386 1404 243
1396 1420 213
1401 1438 219
1406 1441 41
1429 1453 253
1435 1471 90
1445 1451 173
1473 1507 201
1476 1505 253
1493 1496 128
1519 1562 7
1522 1550 33
1552 1573 256
1555 1586 94
1585 1600 196
1593 1626 17
1608 1637 50
1634 1675 123
1661 1682 16
1670 1716 298
1687 1722 61
1699 1723 65
1724 1728 179
1735 1779 284
1742 1749 192
1768 1775 296
1768 1770 99
1779 1792 78
1797 1808 24
1825 1862 63
1855 1880 40
1866 1883 299
1872 1911 125
1888 1909 197
1902 1905 57
1919 1926 262
1928 1949 299
1947 1977 300
1961 1984 242
1967 1994 35
1982 2025 262
1984 2006 127
2012 2060 269
2019 2033 129
2031 2077 155
2046 2079 126
2047 2069 126
2065 2114 158
2074 2120 162
2076 2100 284
2094 2120 281
2118 2160 115
2127 2133 300
2147 2158 143
2152 2180 112
2153 2154 160
2183 2221 151
2207 2211 38
2228 2258 48
2256 2280 253
2276 2314 85
2288 2330 152
2304 2317 137
2332 2333 57
2341 2364 69
2342 2345 170
2356 2396 240
2364 2398 231
2369 2376 54
2389 2429 74
2393 2399 45
2421 2454 165
2445 2474 141
2462 2466 162
2486 2512 90
2496 2497 177
2508 2515 205
2533 2560 53
2559 2587 237
2579 2599 251
2596 2604 149
2605 2641 8
2626 2673 58
2640 2667 198
2659 2676 4
2672 2679 180
2673 2688 210
2699 2730 278
2723 2755 9
2736 2753 161
2742 2744 236
2745 2792 258
2754 2763 192
2756 2794 19
2772 2802 105
2775 2822 26
2798 2834 255
2803 2852 243
2827 2874 190
2854 2855 248
2882 2929 235
2911 2956 60
2911 2937 6
2939 2961 5
2950 2998 186
2963 2979 263
2990 3028 143
2990 3026 39
3003 3015 268
3004 3045 284
3010 3037 31
3011 3048 277
3016 3058 37
3030 3066 264
