200
29 79 186
45 80 20
56 63 79
65 86 300
88 116 83
100 149 268
106 114 84
120 161 31
122 160 174
127 161 233
154 186 87
154 204 36
183 205 31
187 193 31
209 251 262
214 258 48
228 233 21
245 271 79
252 265 55
277 279 160
286 325 62
312 318 247
328 350 13
343 393 234
366 409 121
395 417 85
401 422 264
401 429 81
406 410 191
433 470 298
443 493 202
467 475 279
496 534 119
515 546 177
542 547 153
558 589 282
566 611 2
596 621 169
614 628 225
634 638 149
658 683 139
663 706 189
693 705 61
713 741 267
727 774 37
741 751 199
746 770 237
763 785 193
784 832 156
802 850 143
832 870 29
856 867 149
881 889 290
905 921 185
919 959 29
927 971 15
936 970 124
942 975 33
942 962 20
950 983 60
972 999 119
992 1005 72
1019 1034 144
1037 1087 268
1054 1057 105
1079 1090 133
1095 1126 220
1125 1137 274
1136 1138 33
1161 1168 206
1182 1228 282
1186 1219 105
1211 1217 257
1227 1252 85
1227 1246 192
1251 1267 160
1276 1277 152
1285 1298 45
1299 1346 126
1300 1347 277
1300 1341 272
1322 1326 41
1342 1374 38
1367 1398 10
1393 1440 222
1413 1448 299
1421 1443 39
1448 1494 6
1458 1498 277
1468 1474 197
1475 1500 188
1485 1501 196
1489 1516 262
1518 1527 120
1522 1535 135
1552 1594 97
1581 1601 72
1603 1625 149
1613 1633 231
1636 1671 115
1665 1701 156
1669 1675 1
1695 1730 4
1701 1729 163
1727 1753 35
1728 1763 72
1756 1759 235
1768 1769 118
1782 1789 68
1805 1809 200
1835 1863 84
1854 1870 147
1882 1919 100
1892 1938 281
1920 1964 47
1945 1957 143
1945 1962 241
1945 1963 40
1948 1974 100
1957 1973 104
1987 1995 196
2003 2018 112
2020 2041 53
2035 2037 57
2052 2070 208
2067 2100 178
2097 2136 90
2110 2119 224
2134 2138 193
2151 2179 279
2163 2188 283
2178 2224 187
2199 2211 13
2211 2251 135
2229 2237 92
2249 2252 144
2253 2266 224
2282 2325 116
2295 2325 28
2297 2304 279
2327 2364 88
2331 2363 208
2352 2359 242
2370 2403 206
2395 2415 64
2419 2424 139
2427 2458 269
2453 2456 104
2468 2503 116
2483 2497 71
2508 2509 267
2513 2533 235
2514 2551 163
2543 2565 59
2566 2580 78
2583 2622 260
2588 2589 94
2599 2648 247
2608 2642 255
2614 2620 31
2623 2643 95
2633 2651 168
2638 2650 42
2663 2678 84
2672 2701 22
2675 2717 216
2677 2691 174
2689 2710 117
2702 2717 292
2722 2737 168
2734 2769 288
2759 2795 238
2778 2791 234
2783 2833 284
2787 2806 66
2810 2824 161
2839 2843 264
2840 2876 141
2853 2858 264
2855 2860 164
2866 2879 96
2870 2892 20
2883 2926 10
2896 2926 261
2923 2938 182
2925 2971 232
2927 2957 219
2957 2964 287
2983 3011 77
2985 2995 215
2985 2990 37
3008 3050 122
3021 3054 12
3024 3071 163
3026 3045 282
3054 3063 138
3083 3104 281
3103 3115 253
3115 3146 75
3131 3171 150
