200
10 43 291
20 38 174
31 72 42
47 48 111
54 82 266
76 92 213
101 135 114
105 114 192
123 143 122
130 151 227
141 150 264
166 168 199
189 215 86
211 215 207
223 224 10
233 253 186
247 251 7
277 297 219
294 319 56
304 319 290
332 374 10
362 389 103
366 401 276
396 400 28
407 438 279
430 461 252
456 492 41
476 479 186
480 527 243
492 510 271
519 561 265
531 540 125
557 559 291
581 591 92
594 602 10
619 663 131
649 699 298
677 699 274
695 710 293
720 756 74
723 771 173
725 761 124
753 765 75
766 799 113
785 804 221
787 799 295
796 821 1
814 837 63
828 853 70
849 873 37
860 870 280
878 925 244
908 927 170
920 925 175
920 942 77
929 958 183
939 950 277
967 1009 155
971 984 182
999 1001 108
1007 1037 169
1024 1048 257
1034 1037 288
1044 1079 240
1054 1085 241
1065 1076 44
1082 1121 71
1103 1119 259
1126 1146 263
1156 1191 197
1159 1192 99
1171 1175 122
1189 1198 85
1216 1224 8
1235 1249 137
1253 1297 146
1267 1276 211
1271 1279 300
1284 1332 250
1285 1301 149
1291 1339 260
1301 1335 111
1328 1371 52
1342 1362 78
1366 1391 100
1376 1422 250
1381 1428 191
1407 1443 223
1420 1451 237
1439 1469 274
1466 1509 250
1489 1535 285
1497 1520 195
1514 1537 106
1518 1532 47
1541 1587 13
1548 1577 21
1569 1594 82
1592 1607 104
1601 1628 117
1616 1623 250
1641 1647 223
1655 1696 120
1658 1683 17
1683 1699 290
1692 1724 88
1697 1747 72
1725 1764 45
1729 1730 108
1749 1782 237
1750 1791 132
1771 1789 126
1791 1819 152
1792 1803 104
1808 1821 103
1825 1858 265
1832 1835 68
1850 1866 84
1850 1886 242
1855 1889 191
1885 1897 129
1902 1940 111
1931 1949 133
1952 1984 129
1959 2001 2
1969 1999 77
1980 2019 203
1983 2005 133
1991 2007 286
1999 2030 289
2011 2034 119
2038 2041 279
2054 2075 226
2071 2073 274
2100 2126 21
2113 2148 129
2123 2163 144
2136 2173 141
2157 2188 268
2166 2197 209
2176 2204 276
2202 2210 166
2221 2247 70
2222 2226 181
2247 2256 129
2262 2294 269
2263 2265 122
2292 2314 20
2315 2323 59
2328 2351 217
2357 2374 291
2378 2419 205
2400 2449 289
2420 2444 54
2430 2458 115
2436 2464 219
2442 2461 239
2459 2487 208
2459 2487 233
2488 2496 84
2517 2532 114
2528 2543 166
2547 2591 196
2555 2598 154
2579 2619 220
2595 2633 213
2605 2647 98
2624 2642 80
2651 2654 195
2664 2711 184
2665 2679 212
2669 2697 71
2690 2719 160
2707 2722 190
2709 2731 293
2737 2786 92
2760 2764 135
2784 2802 32
2785 2829 60
2796 2817 232
2797 2843 125
2822 2840 148
2829 2846 191
2840 2857 148
2845 2858 66
2864 2883 116
2867 2868 281
2882 2928 235
2897 2905 36
2913 2951 276
2930 2967 295
2947 2985 50
2953 2958 293
2967 2969 132
2988 3022 108
2989 2994 294
3010 3042 135
3034 3074 174
3049 3095 191
3052 3072 233
