200
13 41 9
13 30 203
24 67 149
37 77 94
57 58 58
84 116 170
107 154 300
128 159 134
130 180 117
133 170 82
148 179 218
154 203 2
182 192 245
191 212 237
205 209 138
207 234 241
237 272 152
249 284 164
252 289 148
270 295 12
276 281 240
299 348 129
314 321 280
330 351 8
334 368 52
348 388 128
378 428 175
390 437 81
403 437 217
419 462 176
448 463 297
460 502 125
463 485 297
480 485 166
510 514 132
529 559 187
531 536 65
557 589 291
558 603 201
588 597 130
591 623 35
613 644 29
630 633 7
651 689 166
681 710 20
685 725 247
701 744 1
722 763 204
732 778 8
757 793 112
765 777 88
768 797 131
776 778 46
799 832 92
827 850 135
841 887 118
853 854 209
871 883 34
887 915 282
887 923 3
888 913 38
906 934 251
907 953 244
917 918 42
944 984 247
959 1009 166
988 1001 181
995 1012 7
1015 1030 222
1035 1051 55
1051 1096 193
1077 1110 203
1083 1126 136
1094 1103 84
1100 1126 184
1129 1133 160
1158 1191 160
1173 1181 47
1186 1187 137
1211 1216 240
1234 1278 261
1248 1279 286
1271 1285 226
1291 1303 238
1303 1340 295
1310 1319 103
1311 1339 85
1330 1356 284
1355 1402 136
1358 1367 272
1385 1403 60
1397 1444 260
1426 1472 17
1442 1487 291
1462 1475 137
1488 1502 50
1511 1550 252
1525 1547 163
1532 1556 143
1557 1598 202
1558 1587 14
1571 1608 220
1573 1602 113
1573 1604 14
1582 1596 268
1596 1614 214
1618 1638 248
1621 1660 239
1643 1655 57
1645 1665 116
1665 1706 89
1693 1710 183
1703 1744 276
1732 1743 226
1757 1800 99
1760 1806 267
1769 1811 165
1789 1820 107
1817 1865 259
1819 1861 131
1840 1881 62
1869 1880 4
1886 1926 246
1915 1963 208
1934 1972 98
1946 1962 99
1962 1973 113
1968 1979 223
1988 2007 199
1989 2010 251
1996 2027 198
1999 2023 45
2026 2072 138
2048 2087 238
2057 2068 220
2079 2125 164
2088 2098 251
2088 2090 274
2089 2090 160
2097 2122 53
2123 2162 274
2124 2164 53
2140 2177 78
2164 2165 69
2165 2183 241
2175 2220 22
2182 2186 227
2200 2219 255
2229 2246 83
2259 2283 153
2276 2280 21
2295 2327 238
2316 2326 245
2327 2373 218
2340 2345 242
2341 2361 256
2347 2349 120
2359 2382 280
2383 2388 183
2399 2425 41
2418 2424 71
2444 2491 281
2464 2508 194
2478 2528 177
2493 2525 284
2502 2550 50
2502 2542 264
2510 2532 104
2511 2547 217
2535 2565 141
2540 2551 288
2566 2598 291
2581 2617 198
2594 2625 227
2611 2612 227
2629 2667 240
2634 2657 65
2663 2699 296
2670 2676 294
2697 2741 112
2715 2748 257
2730 2764 236
2756 2762 175
2772 2779 279
2779 2812 179
2809 2848 18
2839 2874 179
2866 2888 133
2881 2925 218
2904 2912 217
2908 2957 72
2932 2951 264
2944 2961 68
2970 2994 49
2988 3024 207
3009 3048 69
3027 3073 111
3038 3076 130
3060 3105 213
3070 3102 247
