200
14 52 161
23 30 241
26 58 56
30 80 42
40 82 7
62 81 171
80 117 142
97 110 260
124 164 182
145 188 272
167 208 30
177 218 224
182 218 169
183 200 30
186 226 263
212 232 203
223 251 93
248 279 295
274 283 211
296 342 197
320 333 190
320 350 137
341 352 132
353 367 157
359 361 267
367 378 56
370 402 63
392 393 220
419 458 187
423 445 95
444 481 13
461 504 99
462 464 3
471 482 100
499 523 227
512 551 54
539 580 17
562 607 232
583 589 267
602 610 36
617 646 225
629 661 260
629 658 103
637 661 90
649 669 178
657 685 9
671 708 84
701 728 175
724 738 185
743 762 208
750 776 249
779 815 204
808 842 23
826 832 100
842 882 79
860 887 267
863 871 151
881 923 44
895 911 199
914 942 34
940 973 113
949 984 65
957 998 165
971 999 154
992 1040 43
1013 1033 253
1032 1040 49
1051 1061 206
1055 1071 85
1079 1108 89
1083 1099 163
1112 1128 198
1120 1126 286
1127 1132 295
1151 1181 45
1160 1193 16
1187 1188 47
1187 1189 260
1198 1235 242
1228 1236 157
1246 1283 22
1275 1304 72
1294 1309 63
1294 1319 204
1320 1332 6
1333 1355 93
1359 1378 33
1386 1422 64
1388 1412 86
1403 1440 11
1408 1411 296
1437 1469 163
1441 1454 134
1441 1465 26
1454 1504 35
1480 1522 189
1481 1514 36
1506 1546 20
1508 1557 119
1535 1550 270
1543 1578 120
1563 1584 285
1570 1594 29
1590 1613 197
1603 1604 220
1620 1656 26
1630 1669 93
1649 1679 268
1679 1685 149
1706 1747 197
1731 1764 283
1735 1783 75
1747 1782 54
1774 1788 51
1802 1847 235
1831 1878 246
1856 1872 165
1879 1900 213
1904 1914 203
1921 1962 128
1943 1985 44
1957 1961 239
1964 2011 157
1971 1995 300
1996 2010 104
1997 2025 72
1998 2038 43
2000 2031 5
2000 2010 97
2025 2068 24
2054 2061 80
2081 2124 273
2084 2095 237
2101 2129 242
2110 2118 233
2137 2184 224
2151 2164 159
2154 2204 97
2161 2169 295
2181 2212 203
2184 2210 120
2187 2207 80
2212 2261 250
2242 2249 135
2270 2302 168
2283 2304 58
2309 2358 52
2318 2344 111
2336 2344 199
2361 2377 91
2374 2387 92
2396 2412 103
2398 2413 66
2428 2453 205
2447 2488 149
2453 2460 124
2453 2487 281
2465 2477 251
2476 2519 132
2500 2532 132
2505 2549 110
2524 2533 40
2537 2540 70
2547 2578 236
2567 2586 246
2577 2611 254
2600 2636 201
2625 2661 204
2650 2670 24
2653 2665 216
2679 2691 261
2680 2681 179
2692 2708 219
2706 2712 115
2707 2718 195
2712 2736 130
2721 2759 275
2734 2743 188
2743 2768 156
2767 2792 10
2794 2834 82
2823 2828 57
2845 2854 278
2848 2853 235
2863 2900 168
2888 2892 69
2908 2948 12
2927 2943 169
2928 2966 257
2944 2958 36
2946 2962 180
2963 2997 218
2990 3030 4
3014 3040 149
3015 3018 202
3036 3052 95
3046 3091 85
3057 3078 195
3067 3117 10
3068 3083 286
