200
3 28 68
30 58 258
44 55 105
60 91 263
61 86 295
84 131 221
104 136 256
104 105 151
118 149 150
134 141 24
137 153 249
149 185 98
177 187 189
202 230 38
213 262 11
235 252 165
238 257 90
243 291 152
254 275 73
264 312 172
276 285 232
289 313 291
314 355 226
323 348 271
353 400 149
378 427 249
389 397 294
418 439 241
448 460 156
455 467 213
469 486 113
470 493 110
494 543 2
496 501 8
526 532 7
535 582 250
545 555 176
562 575 268
565 581 184
581 624 5
593 607 83
608 636 194
622 657 265
624 639 190
643 653 97
655 665 237
655 662 2
662 702 268
689 704 51
702 742 21
731 761 69
749 762 261
772 787 229
780 825 6
793 833 199
798 845 232
818 830 287
846 866 197
868 875 46
888 917 184
896 931 118
916 934 294
916 963 70
940 960 190
943 962 183
943 980 179
968 970 224
969 1016 58
979 983 112
992 997 64
1020 1050 116
1047 1077 31
1074 1103 256
1101 1148 89
1111 1126 266
1115 1116 67
1125 1171 177
1139 1174 234
1143 1165 52
1152 1154 203
1171 1216 107
1174 1175 86
1197 1200 270
1207 1253 16
1235 1259 21
1235 1280 4
1262 1283 91
1268 1276 294
1271 1290 248
1295 1317 84
1307 1327 141
1312 1347 177
1336 1386 70
1339 1385 64
1363 1408 255
1385 1408 279
1409 1447 285
1424 1456 52
1454 1473 213
1477 1492 179
1488 1534 113
1518 1564 5
1543 1556 197
1547 1589 285
1577 1612 221
1593 1608 167
1607 1643 165
1614 1616 194
1621 1648 26
1650 1653 265
1669 1699 141
1676 1710 30
1699 1741 206
1713 1717 202
1731 1740 107
1758 1792 170
1783 1814 222
1798 1829 273
1821 1855 133
1822 1853 75
1829 1844 205
1857 1860 123
1861 1908 241
1862 1866 215
1879 1882 196
1905 1908 153
1905 1930 25
1929 1957 69
1954 1993 90
1966 2015 291
1972 1975 227
1974 1986 83
1984 1998 97
1988 2016 162
1990 1995 213
1993 2008 172
2010 2046 204
2029 2046 228
2029 2056 284
2043 2060 206
2049 2052 298
2064 2102 150
2090 2137 226
2109 2129 117
2126 2130 116
2138 2155 258
2141 2191 57
2161 2197 196
2183 2193 85
2212 2226 156
2240 2286 61
2264 2294 69
2280 2313 294
2285 2325 143
2308 2351 16
2325 2357 20
2340 2388 40
2367 2411 280
2383 2389 276
2412 2413 284
2442 2460 175
2470 2496 206
2475 2492 220
2476 2492 285
2499 2528 292
2524 2535 247
2526 2541 259
2543 2585 213
2548 2569 188
2565 2613 145
2587 2606 295
2612 2623 125
2613 2662 164
2639 2686 268
2655 2663 56
2669 2678 105
2679 2698 270
2685 2729 183
2714 2732 219
2740 2758 44
2763 2780 67
2781 2805 104
2789 2818 98
2801 2838 111
2808 2809 224
2838 2840 164
2853 2874 206
2855 2882 103
2864 2890 234
2887 2923 79
2895 2923 73
2909 2926 51
2939 2949 177
2968 2992 289
2973 3002 133
2978 2991 16
2982 3031 208
2992 3007 84
3010 3024 205
3035 3042 124
