200
28 62 212
53 54 298
62 65 211
62 66 35
69 117 231
79 86 107
86 134 35
104 117 202
122 133 18
149 150 153
166 194 127
171 185 266
177 196 5
177 218 110
190 207 255
203 227 81
214 254 12
235 276 91
258 302 245
264 301 124
270 287 185
276 307 260
294 322 270
309 325 194
327 350 53
334 337 76
361 404 133
373 423 235
396 418 132
422 439 297
436 442 14
450 487 86
470 518 81
490 508 175
516 552 241
516 540 151
521 535 10
551 598 274
561 607 207
568 577 6
569 580 105
588 638 272
608 636 160
611 659 4
631 644 196
653 671 246
678 695 3
678 708 43
704 749 10
709 749 141
738 763 139
751 801 48
759 770 247
773 789 115
796 813 111
814 858 193
817 837 282
817 864 298
821 852 221
837 839 128
852 853 149
860 884 43
872 903 61
892 941 121
912 942 235
924 932 7
936 959 252
943 962 294
960 964 97
960 992 73
980 995 177
1000 1036 194
1013 1061 127
1021 1026 224
1021 1070 224
1044 1086 269
1071 1111 252
1093 1123 97
1120 1149 69
1124 1130 52
1130 1161 233
1139 1180 200
1157 1172 35
1186 1199 105
1212 1239 65
1230 1273 74
1252 1256 297
1265 1273 219
1267 1310 60
1279 1285 244
1308 1355 115
1323 1370 20
1333 1360 277
1363 1386 98
1379 1408 110
1388 1426 4
1415 1447 277
1422 1444 278
1449 1481 227
1456 1489 226
1481 1507 276
1501 1531 23
1501 1533 21
1524 1526 287
1552 1589 251
1576 1578 8
1590 1614 109
1605 1642 181
1618 1624 75
1619 1652 266
1622 1632 300
1647 1697 128
1669 1674 31
1697 1711 25
1699 1727 24
1713 1728 157
1734 1769 239
1763 1769 169
1764 1802 218
1773 1818 164
1792 1802 211
1807 1850 13
1829 1846 264
1850 1885 282
1865 1886 96
1872 1909 279
1895 1923 107
1917 1933 83
1935 1949 96
1941 1951 98
1964 1979 132
1964 1972 61
1988 2025 244
2017 2058 207
2030 2046 231
2038 2044 233
2044 2046 91
2066 2115 232
2074 2093 217
2098 2137 153
2109 2114 190
2139 2154 222
2166 2170 53
2174 2191 134
2187 2223 52
2217 2225 14
2239 2257 290
2268 2300 221
2277 2278 255
2295 2326 64
2320 2328 290
2344 2354 157
2349 2350 15
2368 2385 290
2388 2389 45
2415 2419 195
2427 2452 261
2451 2477 209
2464 2488 65
2470 2485 33
2489 2504 146
2502 2513 211
2514 2551 142
2525 2534 186
2536 2558 103
2563 2591 24
2567 2573 1
2580 2594 125
2591 2626 20
2597 2621 75
2607 2628 38
2611 2623 6
2616 2621 152
2631 2674 177
2643 2661 194
2664 2687 97
2679 2697 107
2705 2737 11
2721 2765 286
2732 2753 116
2745 2778 25
2750 2759 8
2769 2787 172
2776 2778 258
2804 2813 191
2807 2834 26
2818 2839 79
2845 2857 18
2875 2914 100
2891 2905 80
2907 2949 167
2910 2932 186
2935 2936 294
2953 2980 286
2981 3016 170
2991 3034 48
3021 3049 201
3022 3069 33
3028 3076 238
3058 3073 31
