200
8 32 49
22 50 25
28 69 43
42 82 299
59 73 173
61 102 37
89 137 23
98 105 268
124 148 173
132 146 224
133 137 132
142 164 214
145 192 107
153 182 248
156 192 207
173 203 21
200 224 33
210 259 250
236 261 135
243 287 69
263 294 188
290 292 132
314 336 179
343 384 242
348 351 181
368 418 250
395 428 48
425 469 172
432 443 201
460 499 91
465 514 11
495 518 211
507 555 204
525 551 86
553 577 72
558 592 200
584 600 255
613 653 28
640 648 116
667 688 293
671 711 237
680 714 223
706 711 219
730 734 73
757 784 221
777 800 162
783 825 266
788 808 287
802 838 2
810 851 180
830 840 56
846 892 28
863 885 249
888 924 108
895 911 288
916 927 59
917 926 80
941 981 10
950 969 228
963 1002 105
990 1038 12
996 1025 70
997 1014 59
1020 1045 139
1036 1076 41
1042 1077 62
1064 1106 137
1092 1140 233
1111 1128 288
1115 1153 97
1129 1132 280
1152 1162 35
1167 1181 79
1183 1206 69
1204 1242 250
1207 1247 285
1208 1256 35
1233 1242 131
1242 1287 155
1254 1279 7
1276 1287 265
1288 1336 38
1316 1322 129
1339 1380 165
1359 1400 273
1362 1385 165
1371 1410 268
1396 1444 23
1420 1458 53
1444 1468 204
1472 1489 89
1499 1513 227
1514 1556 206
1540 1562 108
1562 1572 100
1572 1597 86
1584 1634 186
1586 1589 294
1607 1613 220
1624 1666 100
1638 1647 283
1645 1655 79
1654 1682 80
1684 1700 116
1705 1722 204
1711 1725 48
1738 1779 141
1764 1795 162
1776 1788 20
1789 1809 47
1817 1853 11
1839 1867 235
1843 1852 262
1863 1874 5
1882 1911 62
1889 1923 275
1896 1936 153
1920 1957 99
1923 1938 10
1941 1964 16
1954 1963 276
1962 1976 170
1962 2010 243
1965 1990 240
1994 2018 292
2018 2067 197
2019 2052 3
2022 2057 110
2043 2077 245
2064 2092 160
2075 2100 34
2079 2092 283
2109 2111 172
2114 2136 208
2135 2179 155
2164 2174 247
2185 2232 10
2190 2204 24
2195 2221 237
2216 2250 62
2240 2253 195
2251 2258 49
2251 2262 112
2255 2276 180
2283 2320 85
2311 2334 264
2320 2321 149
2333 2372 118
2348 2366 153
2365 2401 177
2386 2436 288
2399 2407 226
2426 2453 104
2433 2453 117
2462 2496 37
2477 2522 27
2504 2527 50
2519 2527 19
2541 2574 132
2551 2562 34
2571 2597 106
2596 2644 183
2609 2645 276
2615 2633 90
2634 2651 82
2661 2676 116
2673 2721 265
2690 2694 89
2712 2738 164
2732 2765 146
2757 2805 3
2769 2803 204
2795 2829 37
2800 2821 95
2809 2831 165
2809 2851 206
2833 2882 87
2843 2886 198
2865 2902 246
2880 2886 118
2896 2912 118
2910 2957 207
2924 2939 200
2930 2980 27
2951 3000 256
2978 2992 139
2982 2994 257
2996 3015 187
3011 3058 87
3038 3081 5
3062 3087 181
3068 3092 118
3087 3130 112
3087 3117 162
3088 3101 157
3108 3126 27
3138 3169 113
3162 3192 260
3178 3216 135
3188 3202 300
