200
26 34 92
52 91 122
62 110 145
87 93 50
110 125 8
115 129 125
140 161 62
154 158 235
176 194 129
190 240 83
211 233 222
227 272 81
229 264 44
243 280 183
253 295 16
271 309 32
286 305 220
296 341 144
302 352 57
311 325 205
318 360 82
338 351 284
362 411 126
365 398 266
393 415 80
419 423 109
438 447 29
455 464 285
457 492 268
464 489 94
473 507 153
501 535 161
523 539 295
529 534 226
556 558 87
556 591 102
561 565 129
583 631 34
610 613 157
624 651 229
628 632 18
633 638 206
656 693 18
678 714 94
686 714 217
705 713 20
724 770 238
728 740 271
747 760 216
754 768 142
765 778 94
793 826 103
809 851 95
809 840 122
823 837 20
830 855 170
847 863 276
852 861 165
879 890 269
882 895 62
898 947 168
919 948 217
927 931 201
935 953 88
948 965 48
976 1006 141
983 1009 13
1002 1050 179
1032 1046 87
1033 1065 60
1037 1070 74
1065 1090 247
1092 1139 163
1106 1131 291
1120 1145 258
1120 1155 109
1143 1161 80
1170 1209 229
1183 1188 195
1183 1217 271
1207 1220 226
1231 1257 263
1237 1255 241
1265 1294 85
1282 1292 264
1293 1325 35
1304 1317 131
1333 1337 160
1333 1350 283
1341 1389 164
1365 1385 4
1377 1413 245
1379 1414 197
1405 1421 230
1427 1466 172
1444 1448 68
1467 1497 280
1479 1518 125
1504 1508 231
1529 1562 78
1530 1566 129
1553 1602 176
1566 1606 105
1581 1593 292
1603 1631 232
1621 1665 97
1643 1673 45
1662 1697 211
1680 1695 218
1706 1727 66
1718 1726 152
1726 1744 185
1741 1759 3
1758 1785 153
1783 1790 258
1812 1820 300
1814 1834 142
1814 1838 199
1824 1853 171
1850 1866 111
1855 1897 242
1884 1922 35
1898 1913 205
1899 1944 158
1902 1920 18
1908 1941 18
1914 1951 148
1918 1961 229
1928 1958 36
1942 1980 298
1958 1999 9
1961 1977 59
1963 1992 22
1974 1991 271
2003 2016 159
2006 2026 249
2018 2065 295
2025 2042 226
2043 2055 50
2058 2072 109
2072 2088 112
2072 2090 208
2075 2094 33
2099 2125 143
2129 2168 95
2133 2156 237
2133 2167 241
2135 2139 131
2147 2155 7
2153 2186 292
2165 2198 199
2195 2229 44
2218 2223 283
2237 2271 66
2254 2293 1
2254 2272 171
2257 2267 48
2277 2322 183
2299 2319 140
2299 2344 2
2299 2311 79
2305 2342 132
2334 2380 18
2361 2379 221
2386 2403 195
2400 2408 279
2405 2428 283
2430 2455 230
2454 2471 175
2456 2485 162
2464 2477 134
2478 2485 133
2489 2513 8
2493 2527 254
2514 2556 210
2523 2551 255
2545 2551 56
2573 2606 158
2587 2633 167
2605 2607 9
2615 2659 154
2641 2678 46
2653 2688 168
2660 2692 200
2664 2698 60
2683 2692 237
2686 2707 12
2712 2744 220
2712 2735 89
2714 2717 267
2716 2746 271
2736 2745 189
2744 2767 300
2759 2803 287
2767 2813 206
2789 2790 173
2813 2827 201
2839 2855 203
2862 2895 236
2877 2907 105
