200
27 46 94
56 102 187
78 89 148
97 98 40
104 141 168
117 159 181
142 151 95
146 165 5
164 195 235
192 238 156
205 241 289
223 259 36
242 291 19
263 295 82
285 309 50
290 318 281
296 335 210
306 336 169
331 371 143
346 391 140
369 385 278
387 419 130
405 411 135
409 458 68
423 442 222
447 464 181
453 472 15
466 492 155
486 508 31
502 541 242
504 540 25
531 565 191
544 585 19
571 602 250
580 606 96
597 644 219
608 645 268
623 658 192
642 652 54
644 671 229
669 695 195
689 719 12
717 741 102
742 772 269
748 760 289
765 775 203
781 810 69
806 854 278
815 826 254
815 830 257
822 868 55
828 856 233
849 853 152
857 880 154
863 871 133
876 913 123
887 890 43
900 931 68
920 952 48
926 967 274
956 966 134
957 978 300
977 1022 27
988 1024 259
1004 1021 204
1008 1056 97
1009 1047 128
1028 1048 189
1056 1075 90
1074 1107 41
1085 1129 161
1085 1111 230
1085 1122 155
1102 1136 69
1111 1148 278
1140 1154 33
1140 1183 65
1154 1173 246
1168 1185 256
1177 1184 231
1187 1200 28
1197 1217 110
1200 1248 164
1229 1244 47
1243 1289 146
1268 1300 124
1278 1313 145
1306 1325 14
1325 1362 287
1332 1356 164
1342 1359 81
1353 1386 68
1383 1396 125
1386 1389 218
1391 1415 167
1410 1456 237
1420 1468 109
1439 1477 76
1468 1478 124
1480 1501 91
1507 1529 191
1513 1561 279
1529 1551 186
1541 1550 209
1543 1563 103
1563 1570 119
1582 1620 44
1585 1615 207
1596 1621 17
1605 1606 140
1613 1641 70
1631 1669 134
1643 1689 56
1657 1686 11
1666 1688 155
1688 1698 48
1712 1718 11
1726 1734 265
1735 1750 238
1747 1749 167
1774 1815 152
1789 1816 242
1796 1798 280
1806 1837 233
1816 1847 191
1824 1854 219
1854 1883 168
1856 1885 178
1885 1908 230
1893 1906 121
1899 1935 169
1901 1936 273
1906 1944 294
1927 1976 294
1935 1985 221
1949 1982 147
1975 2011 143
1993 2003 88
2012 2044 297
2015 2050 78
2044 2081 153
2074 2090 140
2104 2115 87
2112 2136 96
2117 2166 5
2141 2179 149
2143 2179 143
2168 2213 57
2195 2219 240
2198 2204 177
2199 2223 215
2226 2274 224
2256 2297 62
2282 2315 144
2286 2295 94
2311 2358 231
2327 2351 279
2338 2358 94
2362 2388 16
2377 2385 287
2405 2414 244
2421 2429 147
2421 2444 80
2447 2466 77
2451 2469 79
2481 2495 264
2500 2547 78
2504 2510 239
2520 2534 216
2549 2568 247
2556 2559 90
2563 2598 26
2582 2598 46
2599 2636 171
2606 2619 192
2611 2637 62
2612 2617 246
2636 2676 155
2653 2657 164
2662 2683 273
2672 2693 191
2701 2745 17
2703 2715 114
2703 2713 172
2728 2762 226
2731 2775 65
2733 2747 97
2735 2754 216
2736 2783 269
2763 2809 13
2774 2795 280
2787 2824 191
2798 2813 257
2801 2810 228
2810 2823 251
2833 2862 155
2854 2888 200
2870 2915 11
2870 2892 76
2878 2925 190
