200
24 74 216
27 74 221
39 44 243
47 83 42
55 70 65
69 73 89
81 95 4
84 106 41
91 115 37
111 148 48
121 160 36
126 171 105
156 178 203
166 190 117
166 199 208
166 183 227
183 202 292
189 191 139
205 227 211
215 238 9
225 267 19
255 259 211
256 270 17
278 308 8
293 335 239
309 312 283
333 342 261
341 381 32
357 361 68
367 417 219
385 420 193
409 421 142
438 448 172
447 490 106
463 481 75
470 471 36
488 523 128
490 499 207
508 511 229
526 570 141
546 573 78
555 600 142
580 591 280
580 588 252
591 614 281
607 648 114
610 636 3
613 643 203
613 633 228
631 632 246
649 689 259
664 708 248
693 742 181
714 761 189
728 767 65
732 765 41
762 795 123
786 801 28
787 813 297
802 837 241
819 865 1
819 868 184
837 847 247
837 871 220
847 873 90
847 853 156
867 877 41
872 912 52
895 903 218
923 936 48
932 982 204
936 958 263
946 969 53
972 1005 130
979 1027 86
1003 1029 22
1019 1020 141
1021 1031 223
1043 1062 138
1064 1106 32
1087 1089 274
1114 1143 288
1126 1145 111
1135 1159 261
1138 1155 254
1160 1200 209
1165 1167 113
1168 1212 206
1184 1223 292
1211 1230 287
1239 1289 17
1259 1293 76
1263 1293 51
1281 1308 118
1296 1325 43
1314 1358 179
1327 1364 16
1338 1387 113
1344 1394 196
1345 1349 110
1352 1379 68
1359 1385 225
1368 1381 293
1378 1417 66
1394 1406 41
1404 1430 31
1426 1472 220
1442 1482 116
1464 1496 95
1481 1495 293
1497 1539 296
1522 1531 215
1540 1550 141
1568 1616 58
1588 1624 104
1605 1626 26
1633 1657 209
1641 1651 61
1670 1709 178
1684 1694 77
1707 1747 263
1708 1751 15
1731 1771 296
1758 1771 51
1786 1817 213
1805 1808 172
1812 1831 136
1812 1816 115
1830 1853 191
1859 1884 35
1865 1902 291
1870 1909 73
1886 1931 95
1899 1948 77
1911 1953 217
1932 1946 205
1943 1977 287
1966 1989 106
1970 1977 108
1979 1981 296
1992 2042 269
2020 2044 223
2034 2064 205
2060 2085 124
2079 2080 141
2102 2114 116
2130 2148 104
2155 2203 283
2171 2217 296
2184 2218 227
2202 2238 282
2202 2244 269
2222 2264 194
2235 2239 106
2259 2304 211
2268 2304 40
2287 2329 117
2307 2324 64
2322 2346 180
2340 2379 193
2359 2373 109
2386 2398 161
2389 2412 91
2389 2439 243
2406 2417 190
2413 2450 255
2437 2459 167
2441 2471 273
2453 2480 128
2463 2483 35
2487 2504 62
2495 2496 186
2502 2547 211
2504 2550 24
2519 2553 72
2522 2532 121
2529 2563 124
2546 2592 235
2557 2574 87
2572 2584 117
2585 2629 15
2615 2628 254
2625 2647 232
2654 2664 263
2683 2695 264
2699 2709 30
2702 2707 1
2712 2755 292
2736 2740 276
2750 2753 201
2778 2808 46
2798 2848 3
2805 2817 29
2824 2842 171
2843 2860 119
2854 2892 228
2863 2880 179
2868 2916 125
2880 2907 215
2881 2926 87
