200
23 32 79
31 59 289
52 75 217
67 97 212
86 132 169
107 154 6
119 130 29
137 153 93
160 180 277
176 225 110
193 208 284
203 205 149
227 245 225
230 266 172
234 266 234
238 284 268
262 303 233
291 311 163
316 345 16
321 350 224
329 344 4
338 377 102
359 398 257
377 378 177
402 443 168
427 451 166
428 431 13
455 459 159
468 494 35
484 521 166
498 505 12
506 546 48
513 515 76
534 537 53
534 547 282
545 585 261
547 557 220
552 585 196
576 589 161
579 585 56
595 600 13
599 623 26
621 636 135
650 666 209
657 671 264
684 694 168
702 751 211
710 728 5
713 760 70
715 765 69
725 766 288
726 737 294
729 771 49
729 753 174
734 763 281
743 779 64
764 773 234
764 789 205
784 800 40
788 815 272
808 837 282
816 835 269
826 859 113
853 882 184
862 907 2
880 888 56
884 897 34
908 923 165
916 936 4
925 952 175
944 951 176
959 965 44
965 987 170
981 1022 185
1000 1009 147
1008 1028 212
1038 1050 141
1054 1097 77
1076 1086 224
1085 1097 216
1111 1132 68
1121 1171 161
1150 1187 221
1180 1181 59
1207 1246 150
1229 1235 48
1249 1298 286
1278 1299 71
1292 1334 3
1315 1327 237
1340 1350 97
1356 1404 36
1363 1375 121
1386 1410 258
1397 1430 164
1416 1460 179
1436 1454 66
1464 1507 185
1482 1483 12
1487 1520 255
1495 1513 81
1516 1524 19
1517 1560 3
1518 1543 162
1548 1578 118
1564 1613 257
1582 1583 169
1592 1593 11
1597 1617 55
1624 1670 74
1627 1646 128
1653 1655 229
1656 1681 25
1681 1731 84
1689 1698 297
1717 1760 221
1739 1777 193
1741 1766 292
1761 1786 239
1765 1814 204
1768 1795 207
1781 1788 51
1795 1811 52
1800 1829 40
1816 1848 124
1830 1856 180
1849 1869 282
1868 1888 126
1877 1915 204
1889 1930 110
1908 1914 112
1927 1976 105
1946 1972 176
1967 1979 8
1981 2028 53
1987 1993 244
2014 2041 51
2030 2050 56
2051 2073 216
2061 2067 105
2085 2091 75
2087 2135 45
2089 2117 117
2090 2122 224
2109 2133 72
2137 2181 81
2150 2165 184
2165 2173 172
2180 2217 258
2201 2202 260
2211 2259 197
2236 2279 197
2241 2258 192
2267 2312 70
2278 2309 11
2286 2299 182
2286 2324 288
2293 2321 145
2293 2330 118
2308 2355 226
2312 2334 1
2323 2336 184
2342 2345 283
2367 2380 275
2374 2375 243
2385 2420 261
2405 2436 212
2430 2469 226
2441 2483 90
2469 2500 205
2494 2531 280
2524 2549 98
2541 2550 252
2553 2577 7
2557 2584 172
2587 2626 18
2611 2627 275
2635 2645 230
2653 2687 82
2661 2697 19
2676 2683 189
2682 2687 12
2703 2711 49
2710 2757 295
2712 2734 228
2726 2730 57
2730 2759 158
2738 2779 153
2759 2788 217
2768 2792 124
2792 2804 140
2805 2833 206
2814 2850 38
2838 2854 7
2864 2908 174
2892 2932 32
2905 2909 187
2910 2946 39
2912 2927 3
2930 2980 44
