200
21 37 204
25 31 174
32 49 61
36 84 205
52 76 132
72 91 22
72 94 164
94 124 231
117 123 238
136 156 149
150 186 148
155 157 215
168 207 34
179 229 55
205 248 96
215 245 235
241 242 33
252 279 13
273 293 161
275 305 84
287 308 123
302 348 207
326 341 299
334 382 17
339 383 21
351 373 254
379 389 45
395 406 200
413 416 58
424 460 137
450 472 226
471 479 208
497 537 238
500 509 12
529 555 58
550 567 80
572 586 169
590 592 168
605 644 262
630 642 203
650 689 276
660 681 70
666 699 180
668 681 145
684 701 96
685 706 165
685 727 109
713 743 186
714 759 26
738 742 21
764 783 91
764 782 154
769 777 21
773 798 88
802 839 133
832 848 294
841 868 16
841 848 47
868 886 131
894 912 227
908 922 38
933 945 41
954 997 159
983 1008 203
1004 1024 215
1032 1046 132
1044 1078 46
1063 1106 233
1071 1091 171
1087 1097 113
1093 1106 114
1101 1127 276
1131 1172 239
1157 1202 65
1179 1200 105
1201 1224 266
1209 1217 214
1236 1249 40
1264 1292 77
1291 1332 94
1311 1313 99
1320 1353 282
1336 1364 71
1356 1405 16
1385 1425 203
1394 1401 133
1423 1433 155
1445 1446 151
1469 1511 109
1479 1500 274
1499 1514 107
1526 1540 160
1532 1579 150
1543 1572 99
1559 1576 276
1589 1600 143
1611 1661 150
1611 1652 60
1616 1664 213
1624 1634 214
1624 1664 144
1649 1668 164
1665 1706 177
1675 1703 183
1697 1709 45
1715 1748 213
1745 1776 80
1748 1785 225
1764 1803 11
1764 1792 141
1774 1788 150
1778 1820 247
1781 1822 232
1789 1809 113
1790 1819 99
1810 1852 235
1839 1840 98
1859 1875 178
1878 1914 237
1902 1921 192
1922 1964 294
1950 1969 274
1950 1997 199
1957 1960 132
1982 2023 263
2008 2056 93
2026 2059 142
2033 2070 53
2053 2071 117
2078 2096 256
2107 2151 64
2130 2132 21
2152 2164 228
2155 2194 294
2175 2221 13
2190 2233 47
2194 2212 296
2205 2208 166
2223 2253 117
2244 2265 163
2249 2269 193
2250 2262 226
2268 2270 80
2284 2319 91
2285 2303 183
2303 2351 130
2310 2346 220
2330 2359 289
2331 2370 278
2333 2339 224
2352 2390 157
2355 2363 221
2375 2404 107
2397 2398 7
2423 2446 105
2423 2471 183
2438 2472 177
2466 2505 171
2478 2495 19
2501 2511 269
2516 2553 228
2518 2540 28
2542 2567 104
2554 2602 146
2576 2584 42
2598 2605 33
2611 2642 162
2638 2640 290
2643 2681 98
2643 2662 210
2646 2693 12
2676 2725 148
2688 2724 66
2713 2743 231
2735 2761 113
2751 2770 246
2759 2762 195
2781 2800 296
2804 2809 230
2812 2837 99
2823 2856 123
2851 2858 90
2876 2908 100
2895 2903 16
2905 2911 176
2907 2953 217
2911 2951 171
2914 2930 287
2938 2978 248
2940 2946 265
2949 2958 274
2966 3009 165
2971 2993 165
2989 2999 178
3011 3054 84
3017 3066 93
3031 3066 106
3056 3080 247
3083 3101 168
3106 3139 101
