200
18 21 226
18 66 46
23 44 300
42 48 229
68 106 291
80 116 39
95 131 4
106 154 242
108 155 279
120 143 211
123 152 239
133 167 78
161 192 38
186 211 27
207 211 144
221 242 158
223 225 109
247 266 21
271 304 190
296 302 36
302 334 182
323 331 159
324 334 105
325 360 61
335 354 134
358 372 106
381 382 255
396 443 278
421 430 62
448 478 298
451 470 220
454 484 265
482 496 179
503 540 128
523 559 299
550 562 259
564 612 229
580 622 57
608 652 22
617 633 123
628 643 142
652 669 271
661 672 166
676 723 45
684 713 72
700 745 259
703 733 177
723 762 197
724 772 72
742 783 215
753 768 298
776 814 21
780 807 16
807 847 185
808 834 300
816 830 106
842 856 109
868 895 193
868 883 176
894 901 47
898 935 218
912 956 168
934 971 54
946 967 263
954 966 66
980 987 141
994 1003 182
1022 1037 159
1042 1071 16
1048 1082 13
1049 1068 221
1054 1103 132
1070 1076 255
1074 1103 12
1086 1109 114
1102 1145 141
1113 1119 51
1128 1163 260
1134 1140 189
1141 1164 160
1143 1160 293
1154 1167 60
1155 1161 227
1155 1159 204
1163 1213 67
1164 1213 285
1194 1218 138
1195 1198 75
1196 1216 211
1220 1239 36
1223 1243 186
1236 1285 113
1247 1274 275
1261 1304 155
1291 1330 173
1317 1340 151
1336 1337 190
1337 1365 207
1359 1364 19
1382 1383 38
1410 1443 278
1411 1436 259
1431 1454 41
1451 1495 246
1456 1472 257
1457 1492 185
1463 1509 1
1481 1526 12
1504 1537 67
1517 1526 160
1544 1546 189
1565 1606 137
1565 1587 278
1569 1594 27
1579 1588 159
1607 1629 133
1610 1660 230
1624 1673 260
1636 1662 185
1655 1678 190
1673 1723 18
1702 1720 217
1730 1740 188
1755 1793 11
1761 1796 184
1791 1841 286
1800 1833 17
1830 1857 76
1860 1900 197
1879 1927 103
1894 1921 91
1918 1933 231
1936 1971 156
1938 1984 219
1947 1987 26
1956 1982 254
1979 2029 15
1982 1985 48
1983 1990 75
1993 2006 151
2018 2031 288
2044 2070 131
2057 2094 207
2065 2097 283
2070 2103 162
2084 2122 240
2100 2132 104
2119 2150 9
2134 2139 15
2144 2158 255
2161 2168 268
2191 2195 125
2214 2249 180
2242 2268 57
2260 2265 207
2276 2290 71
2287 2322 228
2298 2344 94
2306 2323 114
2333 2342 292
2335 2349 195
2353 2374 104
2368 2417 209
2375 2401 66
2382 2411 211
2388 2433 34
2397 2411 209
2416 2448 254
2437 2449 53
2447 2481 153
2460 2461 241
2463 2510 23
2463 2512 63
2467 2470 82
2491 2533 67
2510 2516 203
2536 2575 80
2556 2600 178
2579 2587 121
2594 2642 55
2606 2638 28
2612 2657 227
2615 2663 175
2626 2638 246
2628 2632 69
2645 2667 151
2658 2688 61
2662 2691 116
2675 2723 105
2690 2729 115
2691 2729 237
2699 2733 220
2700 2703 162
2721 2723 104
2743 2764 189
2757 2803 116
2758 2788 90
2781 2809 285
2800 2806 13
2803 2808 128
