200
8 48 56
35 78 211
62 107 144
72 74 116
100 102 125
101 128 163
110 139 239
111 137 236
141 183 251
147 197 260
148 166 41
174 192 95
191 215 40
201 249 262
205 223 187
214 250 224
227 277 218
245 270 118
254 298 131
267 309 222
290 322 104
292 295 197
304 353 50
334 373 255
358 362 229
388 397 108
397 415 70
410 411 147
412 446 249
442 486 96
447 472 290
454 490 238
458 465 243
462 494 97
492 529 133
514 537 75
520 521 250
532 535 228
555 601 238
557 596 247
584 620 95
612 619 273
642 645 150
661 709 131
674 693 163
686 689 59
707 719 288
708 752 40
723 734 246
723 730 209
724 756 162
752 785 270
770 795 290
784 801 40
804 836 129
804 852 8
809 832 122
825 852 39
851 900 154
869 919 177
870 906 229
882 885 233
905 929 249
927 929 20
946 983 139
973 1021 93
989 1028 86
1009 1035 5
1035 1049 8
1060 1107 147
1080 1094 269
1099 1117 48
1127 1154 43
1130 1164 296
1144 1150 222
1154 1185 42
1183 1231 260
1206 1221 202
1224 1270 271
1224 1270 135
1226 1259 159
1248 1286 231
1265 1279 104
1265 1298 282
1281 1328 129
1291 1331 233
1305 1353 192
1324 1360 161
1328 1374 187
1331 1356 106
1348 1385 287
1364 1381 15
1387 1412 255
1417 1424 174
1419 1443 220
1436 1447 277
1449 1475 28
1465 1488 290
1488 1517 276
1490 1519 164
1495 1538 218
1498 1532 73
1510 1515 174
1519 1542 81
1536 1539 216
1537 1552 17
1542 1567 215
1566 1613 63
1584 1612 298
1610 1627 84
1625 1662 157
1625 1653 1
1648 1681 295
1657 1673 158
1661 1710 219
1683 1717 171
1689 1738 175
1700 1739 259
1727 1739 178
1749 1786 36
1778 1826 289
1796 1805 82
1803 1816 89
1813 1818 243
1837 1871 207
1844 1852 127
1855 1867 172
1865 1903 92
1878 1898 82
1879 1914 295
1886 1891 61
1886 1920 78
1895 1922 54
1916 1943 174
1931 1979 280
1954 1987 82
1974 2007 158
1982 2012 188
1996 2025 6
2012 2030 129
2042 2051 163
2049 2073 67
2063 2066 236
2091 2133 108
2099 2138 24
2110 2158 89
2127 2151 202
2143 2160 190
2146 2173 92
2147 2161 31
2171 2179 273
2199 2246 98
2211 2259 158
2237 2274 45
2266 2316 267
2267 2289 104
2278 2296 269
2302 2309 241
2326 2332 22
2344 2377 288
2347 2362 221
2374 2415 81
2388 2422 25
2398 2404 298
2413 2462 168
2423 2454 263
2423 2429 196
2435 2477 60
2441 2457 48
2455 2467 133
2463 2496 279
2472 2484 126
2479 2489 254
2486 2520 29
2515 2529 100
2544 2553 240
2551 2600 57
2571 2601 294
2599 2640 278
2615 2622 91
2616 2629 180
2628 2640 273
2629 2665 147
2648 2694 39
2662 2683 189
2674 2704 286
2688 2722 192
2718 2728 290
2738 2744 85
2756 2794 72
2762 2809 257
2777 2820 167
2787 2815 185
2817 2825 91
2836 2838 100
2839 2888 104
2840 2887 149
2847 2894 243
2869 2912 252
2892 2929 97
