200
22 63 14
33 34 45
50 96 241
77 122 205
78 118 216
103 124 244
117 157 110
136 153 147
162 207 156
168 186 14
188 199 92
198 242 216
203 207 261
231 280 208
236 254 219
263 285 47
275 310 99
302 346 18
317 327 211
318 327 88
330 357 193
357 374 287
372 373 187
385 392 62
395 428 35
414 415 219
421 446 96
445 488 149
449 485 187
471 486 124
498 523 205
516 554 50
523 559 282
534 574 204
552 573 273
564 587 117
569 604 102
578 597 83
589 617 137
617 660 143
642 676 232
659 688 112
677 682 178
705 709 27
725 764 290
730 757 181
732 742 79
748 762 256
748 775 8
750 786 300
766 803 58
773 787 10
780 803 116
809 834 216
813 850 199
833 864 211
846 862 210
860 906 52
875 876 194
877 911 158
901 934 122
915 949 7
920 969 81
930 963 136
960 975 82
960 975 39
961 979 145
991 1027 74
1009 1014 4
1016 1053 43
1043 1076 99
1047 1094 7
1071 1092 197
1088 1117 25
1108 1117 200
1132 1141 46
1150 1189 232
1170 1178 297
1183 1230 137
1213 1237 117
1237 1276 43
1262 1273 104
1291 1339 138
1297 1321 140
1313 1343 147
1318 1350 92
1340 1362 297
1351 1369 27
1362 1388 40
1384 1434 285
1414 1442 226
1443 1475 263
1461 1481 99
1488 1527 300
1511 1540 1
1526 1538 25
1532 1534 77
1542 1577 141
1560 1570 240
1561 1563 165
1590 1628 62
1609 1644 290
1628 1675 211
1640 1689 142
1650 1654 235
1656 1692 272
1663 1667 273
1689 1713 92
1698 1723 41
1705 1724 12
1730 1761 165
1742 1749 282
1765 1776 263
1767 1787 142
1784 1830 247
1792 1836 269
1807 1817 144
1826 1828 141
1839 1867 180
1851 1859 254
1863 1909 294
1886 1915 243
1896 1938 137
1922 1928 213
1943 1976 71
1956 1979 174
1981 2018 124
1990 2018 8
1992 1998 8
2000 2017 179
2011 2023 197
2022 2061 281
2046 2091 201
2070 2099 169
2085 2107 125
2096 2138 247
2113 2157 51
2139 2158 188
2152 2179 277
2174 2201 170
2204 2230 229
2229 2272 152
2248 2295 64
2270 2319 64
2299 2335 116
2313 2315 82
2314 2333 95
2326 2337 18
2345 2356 223
2350 2361 126
2357 2359 146
2383 2417 284
2403 2418 223
2413 2423 255
2442 2462 19
2460 2507 130
2471 2483 267
2491 2511 176
2512 2535 53
2539 2571 20
2548 2593 208
2551 2577 204
2576 2613 249
2602 2616 151
2608 2633 98
2611 2618 270
2633 2634 285
2648 2672 277
2672 2716 290
2674 2680 81
2687 2692 296
2691 2739 225
2692 2695 111
2698 2717 122
2723 2758 141
2733 2739 24
2735 2737 162
2745 2792 105
2746 2781 266
2749 2768 78
2768 2780 185
2769 2779 236
2777 2820 7
2788 2810 287
2798 2827 221
2802 2837 226
2828 2845 237
2828 2865 185
2832 2871 202
2843 2855 78
2861 2900 247
2884 2895 262
2900 2950 198
2922 2926 167
2937 2947 152
2956 2992 53
2967 2978 105
2991 3015 53
3015 3029 123
3040 3081 181
