200
25 65 7
34 78 174
51 76 15
67 102 141
87 128 22
91 120 83
118 127 232
133 162 156
157 197 79
168 177 3
185 225 241
205 235 2
205 241 218
207 252 146
234 241 125
240 256 285
263 276 14
286 319 173
292 306 13
322 365 123
339 372 183
362 387 235
379 397 147
385 395 120
393 412 213
417 460 215
430 452 77
430 459 217
444 463 55
450 456 295
475 519 180
477 504 237
496 528 271
523 571 179
552 584 196
566 615 205
587 615 174
590 636 103
617 640 103
623 669 289
634 636 94
654 672 272
662 677 245
677 688 9
689 708 56
711 743 4
712 739 174
740 748 271
753 785 159
778 828 151
800 821 181
822 854 63
841 889 145
850 857 159
863 884 64
892 913 246
921 964 155
940 972 55
955 961 142
979 1010 186
1001 1029 87
1014 1023 74
1022 1048 286
1031 1052 128
1039 1043 151
1065 1115 114
1094 1142 138
1119 1162 295
1132 1173 218
1154 1174 161
1180 1181 79
1190 1224 87
1198 1220 45
1221 1229 120
1243 1289 31
1265 1283 260
1286 1326 169
1296 1313 88
1326 1374 264
1333 1373 141
1352 1376 200
1361 1392 261
1388 1437 63
1418 1424 233
1440 1486 54
1451 1473 128
1481 1510 122
1493 1494 63
1519 1531 246
1545 1584 57
1565 1609 258
1589 1613 283
1602 1645 250
1602 1645 128
1624 1661 266
1650 1671 143
1669 1672 236
1678 1721 173
1682 1728 157
1696 1736 67
1707 1740 130
1725 1743 40
1745 1767 143
1760 1769 150
1763 1803 53
1770 1797 75
1800 1816 28
1812 1837 192
1817 1844 92
1835 1874 243
1850 1895 155
1853 1854 233
1869 1919 291
1876 1918 125
1894 1906 212
1902 1950 286
1919 1969 30
1943 1961 239
1944 1988 230
1965 2014 75
1983 2010 168
2003 2019 21
2020 2042 20
2042 2082 166
2056 2099 55
2076 2084 263
2090 2109 18
2108 2122 261
2137 2158 165
2140 2148 53
2145 2165 143
2148 2159 112
2173 2209 209
2195 2209 81
2201 2227 16
2205 2207 178
2215 2223 260
2223 2244 3
2233 2272 82
2249 2290 164
2254 2275 134
2260 2274 188
2275 2295 249
2296 2341 255
2299 2329 10
2327 2364 231
2356 2384 248
2362 2381 132
2365 2393 49
2391 2422 276
2400 2412 189
2426 2437 165
2432 2480 244
2433 2463 203
2454 2480 59
2468 2516 299
2469 2484 196
2473 2478 177
2493 2505 111
2515 2543 111
2521 2567 122
2524 2540 115
2549 2560 234
2551 2558 279
2573 2614 23
2583 2603 84
2595 2602 147
2614 2640 290
2628 2656 277
2629 2646 9
2655 2668 46
2679 2697 104
2686 2694 55
2699 2710 26
2722 2741 152
2738 2780 59
2766 2801 292
2778 2784 186
2797 2834 258
2815 2863 174
2830 2851 231
2832 2851 10
2848 2857 228
2863 2868 282
2893 2905 216
2922 2968 19
2931 2964 266
2941 2986 2
2958 2997 217
2986 3021 162
3002 3028 106
3025 3041 75
3047 3062 109
3062 3093 271
3090 3127 20
3101 3138 297
3128 3135 265
3154 3170 23
3165 3166 50
3177 3196 68
