200
25 33 200
44 61 141
67 81 240
67 116 173
94 127 276
97 125 280
118 159 46
121 139 249
151 197 166
151 191 188
174 216 133
186 236 195
209 216 34
212 215 205
240 276 249
247 261 295
262 273 156
291 301 84
303 338 166
326 344 80
338 385 260
363 367 245
365 397 247
392 394 129
401 419 162
412 450 136
419 465 129
426 445 69
434 458 209
454 501 183
472 499 44
492 512 253
511 553 42
537 562 177
538 540 14
557 589 101
561 605 155
590 625 153
600 609 6
613 631 205
629 632 105
634 646 110
652 694 80
663 674 224
673 682 279
681 690 114
682 697 144
698 736 172
715 749 88
723 729 244
726 730 142
726 767 163
730 755 213
734 766 259
758 797 101
771 788 20
787 817 27
810 830 57
812 831 186
832 836 182
857 888 281
861 884 280
864 867 287
877 907 160
905 949 102
935 949 29
963 967 65
970 979 24
995 1008 19
995 1039 223
1003 1011 24
1032 1062 120
1057 1105 181
1063 1087 272
1069 1093 95
1080 1084 21
1104 1109 26
1128 1168 197
1154 1179 194
1169 1205 85
1177 1189 160
1203 1233 166
1212 1235 266
1220 1260 126
1242 1260 111
1252 1267 18
1269 1287 23
1292 1335 216
1302 1306 254
1323 1348 262
1330 1335 66
1332 1351 93
1337 1355 86
1350 1362 237
1351 1375 93
1351 1357 54
1378 1385 1
1407 1440 96
1414 1440 228
1418 1468 127
1418 1439 275
1429 1471 290
1454 1491 92
1478 1515 64
1504 1538 149
1516 1559 231
1544 1570 165
1563 1580 275
1575 1596 144
1604 1618 108
1606 1629 82
1616 1633 68
1638 1664 31
1655 1665 45
1679 1688 108
1702 1747 225
1722 1758 258
1744 1757 298
1751 1778 82
1777 1820 12
1800 1813 20
1808 1848 50
1817 1842 35
1834 1860 53
1864 1914 233
1871 1911 100
1875 1913 270
1901 1930 213
1919 1932 49
1935 1965 211
1950 1964 48
1968 2015 283
1994 2018 127
2003 2032 77
2027 2040 85
2052 2100 223
2069 2079 114
2083 2106 222
2088 2113 2
2118 2163 70
2123 2140 295
2139 2150 128
2145 2166 129
2170 2200 52
2184 2190 119
2208 2214 278
2212 2235 102
2241 2260 255
2262 2297 197
2274 2288 92
2289 2311 276
2310 2353 245
2325 2365 123
2340 2348 55
2340 2386 47
2347 2359 269
2377 2399 136
2379 2391 214
2408 2425 173
2422 2469 100
2427 2447 71
2444 2464 86
2474 2508 97
2485 2503 95
2509 2523 27
2535 2572 24
2549 2572 26
2554 2580 235
2558 2597 57
2562 2567 38
2584 2589 44
2607 2612 65
2616 2665 105
2640 2650 220
2662 2663 66
2669 2702 197
2699 2728 237
2708 2720 145
2713 2759 221
2733 2734 177
2734 2772 274
2751 2763 68
2755 2794 96
2761 2784 218
2762 2783 269
2782 2815 94
2806 2824 225
2835 2844 124
2851 2853 182
2880 2897 22
2898 2929 253
2907 2911 1
2937 2974 92
2953 2987 41
2955 2979 289
2959 2961 266
2980 2990 106
2990 3017 98
3010 3058 116
3028 3038 210
