200
18 41 233
22 36 58
52 96 142
58 106 165
64 70 29
68 96 195
75 89 64
89 93 233
97 117 220
114 144 71
129 175 16
152 184 91
159 194 189
160 171 196
161 200 35
168 202 93
194 225 103
201 231 288
226 241 261
230 253 283
239 249 297
269 294 153
287 327 224
309 316 88
326 337 62
338 342 132
355 396 138
357 395 274
375 397 8
388 401 61
392 437 64
400 442 224
420 441 165
443 446 53
449 467 117
473 500 96
484 506 56
495 507 78
522 565 171
536 574 260
554 586 73
576 626 27
577 588 252
583 591 6
590 633 194
600 634 103
602 643 113
631 654 115
655 701 147
666 684 48
675 682 93
702 731 224
715 743 76
740 758 1
740 767 109
770 793 97
794 807 269
820 861 78
841 880 299
864 886 208
875 925 116
880 919 202
904 944 66
904 927 68
908 927 183
934 977 236
962 965 134
985 1005 257
1007 1049 211
1009 1031 6
1027 1070 225
1033 1040 130
1046 1079 44
1055 1090 213
1082 1091 80
1088 1116 134
1095 1121 275
1110 1120 203
1112 1161 32
1131 1161 31
1134 1144 233
1136 1137 8
1156 1164 178
1181 1199 188
1209 1230 7
1213 1235 246
1232 1278 106
1241 1285 295
1255 1268 180
1270 1284 26
1270 1314 110
1281 1330 255
1301 1314 239
1317 1350 84
1326 1374 9
1348 1388 223
1366 1388 9
1368 1390 287
1390 1410 78
1401 1431 5
1427 1431 226
1433 1445 262
1433 1470 159
1462 1475 119
1477 1491 231
1485 1499 160
1496 1536 265
1499 1531 33
1508 1523 161
1521 1538 147
1535 1579 277
1548 1584 48
1563 1598 246
1580 1608 297
1597 1638 149
1604 1625 178
1621 1642 199
1645 1686 217
1667 1687 261
1669 1695 281
1691 1702 236
1703 1744 132
1714 1750 141
1731 1734 159
1752 1761 275
1759 1796 239
1769 1771 217
1779 1791 24
1802 1832 43
1826 1829 37
1847 1870 83
1847 1878 30
1864 1869 282
1890 1899 139
1908 1922 31
1929 1953 69
1934 1963 248
1952 1997 158
1956 1961 213
1984 2032 102
2003 2020 102
2009 2030 213
2030 2072 41
2055 2077 183
2056 2091 106
2068 2075 248
2080 2104 273
2104 2154 129
2106 2129 99
2124 2148 78
2141 2157 31
2159 2171 113
2172 2212 186
2199 2246 256
2222 2240 127
2247 2274 4
2247 2283 82
2250 2271 137
2279 2321 94
2289 2304 104
2316 2322 131
2345 2394 101
2355 2403 30
2382 2389 147
2388 2408 57
2409 2441 223
2409 2439 61
2435 2439 128
2448 2453 112
2475 2492 41
2478 2519 44
2478 2493 167
2506 2553 118
2517 2534 277
2545 2571 113
2569 2592 111
2595 2643 278
2610 2646 180
2613 2614 193
2622 2633 10
2629 2674 37
2657 2680 127
2685 2732 49
2710 2728 207
2726 2729 18
2738 2785 179
2763 2806 125
2767 2782 85
2793 2837 69
2809 2836 197
2818 2847 64
2836 2851 148
2838 2856 125
2850 2870 53
2870 2912 237
2900 2925 170
2910 2942 95
2912 2938 266
2922 2943 251
2930 2976 146
