200
6 30 110
26 32 135
26 54 243
34 52 193
45 81 132
45 66 161
51 59 237
58 62 207
59 66 89
68 101 204
71 97 173
89 107 143
113 142 126
114 164 73
124 152 266
128 164 58
132 146 106
141 151 82
156 172 153
160 197 242
161 209 147
183 229 251
205 237 25
228 262 31
245 265 192
258 301 88
284 329 277
298 342 41
313 314 198
334 335 163
362 412 10
363 373 85
390 415 70
396 415 29
408 439 103
410 419 300
415 451 160
419 425 160
427 470 250
440 446 205
459 506 35
470 478 298
498 546 235
504 538 216
533 551 220
550 599 184
567 568 181
587 614 256
613 634 186
635 675 3
651 672 215
678 709 294
687 721 299
702 712 104
710 711 254
730 772 220
743 777 196
749 775 289
761 792 211
789 795 79
793 803 223
821 831 192
832 882 263
862 889 30
877 925 32
905 908 283
917 935 101
941 973 280
951 954 154
956 993 250
970 1004 104
991 1007 285
1001 1005 220
1015 1063 234
1023 1048 260
1045 1052 126
1047 1061 198
1047 1084 206
1050 1075 251
1065 1088 218
1091 1124 83
1101 1133 16
1130 1160 130
1140 1182 141
1158 1194 74
1159 1180 214
1168 1205 38
1169 1189 66
1184 1211 46
1197 1247 137
1200 1238 194
1203 1220 149
1203 1214 39
1221 1260 167
1250 1275 178
1272 1278 133
1274 1296 62
1301 1330 119
1308 1352 73
1310 1348 87
1325 1375 64
1354 1399 291
1368 1400 197
1372 1403 295
1392 1429 191
1422 1426 23
1447 1464 62
1450 1469 242
1456 1467 118
1483 1502 149
1495 1544 190
1521 1556 147
1522 1562 72
1534 1544 39
1556 1573 30
1580 1592 27
1591 1596 88
1616 1622 253
1630 1645 117
1630 1641 221
1638 1668 222
1643 1654 51
1669 1700 55
1682 1690 259
1690 1728 151
1719 1754 280
1719 1751 270
1723 1741 12
1753 1781 94
1753 1793 74
1753 1775 215
1765 1811 113
1779 1829 18
1803 1846 298
1805 1835 160
1822 1830 3
1823 1873 66
1848 1859 148
1869 1905 129
1876 1907 200
1897 1942 54
1906 1923 53
1925 1962 68
1950 2000 31
1962 1996 222
1978 2017 74
1987 2025 297
1989 2025 263
2005 2045 177
2033 2068 128
2060 2068 91
2089 2100 42
2096 2141 133
2112 2113 240
2142 2153 43
2149 2151 59
2158 2179 189
2167 2190 46
2189 2223 290
2213 2244 260
2243 2257 292
2255 2283 37
2281 2321 226
2311 2354 232
2324 2328 280
2333 2336 272
2353 2364 159
2363 2375 114
2382 2394 64
2403 2421 103
2429 2472 49
2451 2452 281
2453 2492 215
2462 2506 212
2474 2511 106
2483 2523 300
2503 2521 198
2527 2552 28
2536 2579 268
2549 2598 133
2578 2590 115
2598 2615 153
2598 2644 142
2626 2649 168
2639 2644 136
2664 2669 187
2677 2723 289
2688 2736 251
2710 2713 140
2733 2778 254
2749 2771 11
2777 2824 78
2806 2821 270
2818 2826 297
2843 2874 53
2845 2883 204
2868 2902 252
2884 2919 191
2887 2892 248
2910 2922 115
