200
9 57 37
22 29 136
46 86 285
69 84 177
86 103 36
87 94 190
113 160 292
118 162 174
133 164 221
159 201 300
166 211 25
179 186 288
209 236 292
223 270 61
250 284 148
260 286 228
260 299 146
262 280 111
290 332 92
297 307 300
320 355 218
341 366 251
355 362 103
363 364 107
377 383 57
398 437 97
416 451 27
434 446 288
444 486 256
451 483 72
461 486 276
463 497 201
482 491 263
505 540 200
515 561 184
518 520 75
548 555 231
574 580 65
598 621 81
614 644 104
616 658 97
624 630 105
643 682 82
648 653 100
668 675 298
682 705 85
695 736 181
708 747 184
712 741 145
730 757 23
744 761 15
764 782 278
783 812 265
810 856 283
810 853 228
821 843 27
850 858 295
880 885 7
887 895 8
910 937 192
923 952 201
946 968 8
968 976 133
970 1001 232
987 1004 209
999 1002 74
1019 1023 18
1033 1068 54
1054 1102 90
1080 1123 104
1099 1100 161
1115 1146 227
1136 1181 105
1159 1206 116
1163 1207 62
1171 1209 181
1188 1214 61
1193 1200 166
1197 1231 222
1211 1225 294
1213 1259 221
1216 1234 266
1241 1287 128
1263 1271 273
1266 1302 81
1274 1296 145
1277 1281 111
1293 1335 292
1298 1301 45
1326 1356 195
1346 1347 280
1363 1408 118
1392 1394 168
1392 1422 32
1408 1430 244
1430 1433 107
1431 1478 157
1445 1475 101
1469 1497 198
1469 1507 113
1472 1489 278
1485 1495 2
1489 1521 86
1512 1524 12
1537 1544 203
1540 1564 160
1545 1559 100
1546 1582 78
1576 1595 49
1590 1610 50
1614 1627 129
1628 1666 195
1634 1636 131
1642 1683 292
1668 1698 27
1698 1737 187
1724 1763 151
1730 1765 15
1733 1747 252
1757 1770 285
1777 1779 168
1804 1847 202
1829 1858 97
1835 1877 45
1854 1896 175
1883 1886 283
1884 1899 239
1913 1914 105
1924 1929 104
1924 1953 219
1924 1954 75
1938 1975 144
1952 1992 209
1966 1988 77
1991 2008 255
2020 2025 128
2031 2073 288
2042 2051 157
2045 2094 6
2067 2115 113
2097 2132 63
2124 2153 254
2148 2169 298
2150 2186 24
2163 2182 15
2180 2187 123
2193 2236 186
2223 2264 87
2232 2236 299
2253 2294 25
2274 2291 113
2276 2325 196
2284 2317 246
2285 2294 75
2307 2333 266
2329 2343 217
2338 2349 276
2361 2403 87
2372 2382 106
2380 2420 5
2408 2409 163
2425 2430 7
2437 2484 52
2456 2503 7
2471 2480 175
2482 2503 260
2499 2547 25
2526 2572 245
2556 2559 297
2568 2579 212
2594 2609 187
2602 2605 212
2627 2653 247
2636 2652 192
2650 2672 5
2680 2698 96
2709 2733 48
2712 2730 92
2742 2746 279
2752 2795 229
2774 2803 282
2786 2819 48
2810 2853 59
2823 2838 143
2846 2848 290
2873 2900 183
2900 2949 237
2922 2933 32
2951 2971 64
2957 2971 173
2960 3002 195
2987 3017 48
3014 3039 66
3016 3062 94
3030 3070 189
3051 3079 24
3057 3067 118
3061 3110 10
3090 3091 95
3093 3125 67
