200
15 41 58
17 62 282
25 43 147
49 86 251
66 102 250
78 116 99
85 116 82
100 135 120
106 150 38
114 128 161
127 163 235
132 172 107
145 169 293
150 162 56
151 181 26
177 203 123
200 213 172
230 253 211
257 268 231
261 282 3
274 288 268
287 293 89
290 330 94
310 332 26
323 324 46
329 348 246
333 372 131
355 372 269
383 431 248
387 433 49
410 429 7
414 463 170
432 467 285
439 441 136
448 454 76
470 494 263
492 540 227
498 509 87
517 561 201
535 550 258
551 580 272
559 575 295
587 613 71
588 624 167
599 649 245
608 631 262
637 686 144
667 709 198
693 697 70
710 751 157
730 759 239
732 739 220
750 795 255
768 817 77
795 845 244
825 875 101
854 878 185
862 884 279
879 903 200
880 928 178
895 897 91
914 932 113
931 951 256
931 973 282
955 1000 253
971 1008 162
980 986 51
1009 1019 274
1028 1056 166
1037 1059 243
1049 1062 156
1073 1104 111
1099 1118 136
1114 1133 259
1130 1136 97
1153 1175 64
1174 1212 184
1182 1224 293
1195 1198 81
1224 1269 296
1234 1236 285
1243 1265 116
1262 1280 63
1292 1294 283
1317 1333 4
1325 1354 197
1342 1385 34
1356 1384 285
1367 1377 167
1369 1396 182
1370 1385 225
1391 1429 123
1413 1417 60
1435 1475 188
1452 1495 123
1468 1515 135
1487 1491 131
1501 1525 284
1509 1528 177
1538 1540 12
1565 1606 98
1567 1586 248
1594 1599 212
1608 1630 276
1631 1642 226
1647 1657 135
1675 1681 154
1693 1736 117
1722 1753 81
1727 1751 206
1750 1783 15
1765 1812 151
1783 1803 251
1812 1834 225
1828 1850 82
1842 1889 231
1862 1888 105
1875 1908 192
1905 1906 287
1928 1935 22
1930 1965 130
1958 1995 255
1982 1991 66
1993 1999 287
1995 2001 135
2018 2063 293
2045 2062 111
2050 2063 22
2060 2103 147
2066 2115 110
2095 2109 5
2096 2099 95
2120 2125 4
2125 2132 92
2143 2168 153
2164 2188 254
2188 2237 204
2188 2199 247
2202 2215 11
2230 2252 26
2237 2243 279
2265 2307 141
2278 2320 49
2291 2305 155
2320 2351 176
2338 2371 223
2363 2374 125
2380 2430 51
2402 2443 251
2418 2435 219
2424 2425 9
2437 2477 298
2456 2465 287
2484 2533 135
2499 2526 60
2522 2535 1
2525 2559 212
2530 2557 38
2532 2533 177
2560 2580 65
2585 2597 71
2598 2622 177
2618 2626 82
2648 2680 150
2669 2698 209
2689 2706 39
2718 2745 152
2739 2778 213
2769 2793 142
2769 2815 109
2792 2840 35
2808 2847 26
2814 2847 48
2844 2849 149
2845 2865 298
2858 2880 3
2862 2892 267
2883 2913 89
2886 2917 178
2908 2909 158
2911 2943 240
2912 2934 250
2937 2963 119
2963 2970 1
2974 2982 43
2977 2994 158
2993 3012 112
3014 3025 43
3021 3041 63
3040 3077 269
3043 3067 179
3060 3080 167
3082 3122 5
3109 3121 256
3132 3149 253
3151 3190 30
3162 3173 110
3175 3202 229
3188 3212 269
3209 3211 196
