200
17 50 35
40 49 283
68 84 169
92 96 16
105 148 49
106 119 234
111 160 90
126 140 2
127 173 124
127 159 143
129 169 103
131 178 112
139 178 17
148 179 133
172 220 65
191 203 70
216 258 245
237 246 82
258 273 298
267 304 158
277 281 287
281 289 54
285 313 77
302 314 33
317 353 295
323 328 130
346 353 233
356 387 257
373 393 22
390 401 17
399 447 12
405 406 72
407 416 134
416 440 131
442 474 277
449 469 19
469 485 190
490 531 134
491 541 184
517 526 38
524 573 117
534 571 22
543 591 135
566 615 284
577 597 245
592 639 165
603 651 73
628 662 180
632 654 172
646 673 175
654 675 290
666 708 150
679 686 245
688 715 128
693 738 4
708 727 46
726 767 252
755 802 161
770 820 147
780 817 75
790 826 139
800 803 8
818 829 89
842 887 45
858 902 117
887 917 226
901 902 25
923 972 30
945 950 181
969 1002 210
999 1024 14
1022 1071 91
1051 1087 75
1061 1088 137
1090 1125 296
1106 1135 21
1119 1137 170
1135 1164 141
1138 1169 147
1157 1172 232
1181 1195 251
1211 1257 157
1214 1216 245
1217 1229 235
1223 1230 222
1236 1247 286
1247 1261 272
1267 1293 239
1293 1329 137
1323 1357 129
1347 1371 250
1350 1364 209
1366 1402 185
1396 1430 134
1419 1457 181
1431 1440 214
1461 1492 275
1481 1507 30
1481 1486 182
1511 1523 193
1517 1539 209
1521 1533 279
1538 1540 190
1551 1563 130
1567 1596 46
1575 1611 4
1576 1581 106
1594 1609 271
1604 1619 287
1613 1617 282
1624 1669 17
1625 1646 259
1645 1673 86
1662 1666 285
1681 1703 104
1684 1727 226
1714 1762 178
1738 1778 243
1755 1780 136
1768 1807 35
1784 1831 63
1806 1839 162
1826 1865 37
1854 1855 16
1863 1891 206
1868 1880 287
1898 1931 224
1900 1909 176
1902 1910 200
1913 1942 48
1919 1934 51
1933 1968 168
1962 1988 18
1982 2028 156
2012 2038 84
2023 2058 41
2027 2051 127
2038 2082 72
2058 2072 247
2070 2090 144
2070 2089 167
2092 2119 181
2093 2120 141
2108 2118 248
2124 2159 63
2148 2173 153
2150 2154 153
2156 2162 248
2160 2181 285
2180 2230 220
2186 2222 232
2201 2250 22
2229 2263 289
2249 2260 42
2256 2305 288
2278 2307 147
2285 2292 64
2302 2341 125
2302 2310 1
2328 2353 126
2346 2378 225
2360 2361 132
2389 2399 132
2395 2419 277
2399 2438 109
2422 2434 268
2448 2452 158
2462 2478 203
2491 2506 60
2518 2534 210
2541 2581 186
2569 2610 56
2596 2628 260
2596 2615 288
2598 2609 92
2613 2651 116
2615 2665 157
2622 2626 291
2641 2652 239
2660 2706 161
2678 2695 228
2691 2708 268
2701 2710 182
2729 2747 193
2742 2791 120
2757 2786 82
2778 2817 210
2789 2800 150
2809 2820 237
2839 2848 225
2860 2881 7
2890 2905 261
2920 2938 70
2923 2957 151
2927 2943 202
2943 2951 204
2972 2981 109
2983 2990 124
2999 3027 71
3023 3037 185
