200
8 53 39
34 47 251
37 57 26
60 74 128
64 79 153
90 124 54
120 135 4
120 161 48
123 157 239
149 181 262
160 193 52
190 221 156
209 253 65
233 247 78
236 258 115
248 290 294
256 263 162
265 273 228
268 315 285
291 311 53
300 346 185
304 319 127
326 329 77
341 349 282
342 378 171
367 382 134
383 412 161
409 415 103
411 461 92
417 462 142
422 451 124
438 449 71
444 449 221
450 458 114
465 500 282
479 501 181
484 499 259
500 531 63
510 536 40
515 548 180
515 535 295
527 572 9
539 587 250
551 574 298
579 609 1
601 619 48
612 628 68
630 651 248
641 690 245
655 683 17
656 693 279
686 711 109
714 754 99
734 743 286
764 808 83
789 823 270
809 815 107
827 869 277
836 851 3
864 900 115
882 905 144
912 954 79
930 943 270
937 983 133
941 943 164
946 947 59
964 983 280
987 1031 94
1017 1061 257
1036 1055 173
1038 1074 32
1068 1075 155
1070 1111 200
1081 1107 217
1092 1132 213
1109 1138 43
1138 1168 82
1142 1171 298
1156 1190 12
1183 1210 143
1212 1228 250
1233 1256 157
1263 1275 81
1281 1303 172
1296 1339 70
1315 1336 172
1340 1386 270
1348 1364 189
1366 1399 271
1374 1385 90
1400 1418 48
1417 1422 256
1434 1448 206
1449 1469 257
1462 1495 105
1471 1504 210
1475 1500 73
1481 1511 64
1491 1516 56
1501 1517 182
1508 1525 189
1527 1562 70
1535 1545 48
1538 1571 40
1552 1569 99
1566 1615 79
1588 1622 260
1601 1648 14
1610 1650 245
1640 1675 107
1654 1681 294
1663 1698 51
1664 1665 107
1691 1695 56
1710 1749 114
1712 1753 276
1715 1738 283
1739 1746 9
1757 1792 213
1770 1806 166
1771 1818 140
1772 1820 262
1772 1796 71
1781 1818 64
1803 1839 135
1826 1870 234
1846 1860 150
1864 1880 43
1872 1920 108
1879 1900 94
1888 1914 280
1907 1929 26
1911 1926 131
1913 1957 110
1932 1954 178
1957 1959 276
1967 1992 288
1967 1979 134
1992 2014 125
2022 2041 111
2032 2036 217
2049 2053 299
2072 2089 108
2086 2104 68
2108 2141 201
2117 2139 225
2130 2137 41
2132 2178 213
2145 2192 202
2160 2191 115
2186 2206 246
2187 2230 76
2202 2208 244
2221 2230 61
2233 2253 263
2260 2307 284
2283 2321 262
2300 2323 62
2305 2336 259
2327 2356 69
2348 2359 153
2364 2399 284
2381 2405 196
2401 2403 264
2411 2426 113
2420 2447 244
2428 2450 290
2454 2460 62
2479 2519 181
2508 2529 53
2517 2527 211
2539 2556 55
2546 2592 82
2574 2609 222
2579 2614 216
2592 2612 282
2617 2627 272
2619 2644 107
2620 2664 1
2636 2661 200
2646 2668 125
2670 2710 157
2678 2697 172
2706 2726 53
2729 2748 87
2741 2787 298
2748 2750 74
2772 2773 9
2800 2839 25
2820 2848 175
2831 2844 207
2851 2863 152
2861 2910 146
2871 2873 167
2896 2937 154
2900 2931 273
2917 2965 278
2928 2960 66
2932 2941 251
2935 2974 52
