200
4 33 294
14 53 66
14 26 215
16 21 246
46 54 76
57 85 233
67 108 80
73 91 26
89 119 232
104 144 38
126 152 59
138 173 238
154 189 204
155 188 43
167 198 175
175 218 211
191 220 82
197 234 299
223 230 235
228 250 59
245 292 154
246 258 105
265 314 237
274 284 143
289 313 111
307 342 220
308 333 83
311 341 145
340 378 64
362 407 136
366 405 298
381 418 42
407 457 156
419 426 177
447 479 149
475 485 89
477 478 25
484 488 226
505 513 282
510 559 266
540 572 300
540 577 206
546 582 159
562 564 102
569 591 112
579 597 140
579 592 242
602 647 219
616 640 219
638 662 217
643 654 75
650 683 94
678 699 49
684 723 80
700 749 179
714 760 153
719 725 244
742 755 258
767 817 25
776 786 224
793 829 286
804 827 274
824 859 176
853 869 299
881 902 202
910 937 276
918 963 221
925 944 222
926 970 23
929 975 158
949 983 159
962 985 58
969 996 142
983 1017 66
999 1021 66
1001 1039 234
1012 1035 192
1031 1053 154
1042 1086 154
1043 1082 240
1063 1111 126
1082 1084 177
1111 1152 114
1132 1164 195
1143 1151 48
1149 1173 223
1163 1177 100
1165 1182 68
1173 1193 130
1187 1199 235
1212 1225 72
1225 1245 110
1249 1256 130
1265 1276 293
1275 1283 299
1289 1297 116
1308 1339 71
1335 1343 200
1340 1370 193
1355 1365 36
1372 1401 42
1384 1388 297
1399 1421 113
1413 1419 62
1440 1443 82
1466 1508 145
1486 1506 124
1507 1534 24
1525 1565 147
1538 1582 193
1538 1573 102
1540 1573 279
1564 1594 125
1566 1615 156
1576 1592 41
1583 1588 250
1613 1658 163
1615 1658 183
1623 1624 131
1652 1667 252
1680 1710 2
1687 1701 243
1688 1701 224
1693 1720 262
1704 1713 175
1715 1764 119
1724 1740 41
1747 1758 227
1750 1782 16
1753 1754 208
1777 1794 37
1800 1818 130
1820 1866 225
1836 1843 18
1853 1888 171
1878 1913 240
1908 1955 227
1931 1975 28
1940 1967 95
1957 1959 59
1968 1999 44
1974 1976 165
1993 2020 139
2000 2027 66
2015 2034 258
2031 2069 212
2045 2051 21
2057 2074 183
2060 2063 217
2083 2115 191
2088 2131 276
2104 2131 226
2120 2145 255
2135 2148 191
2148 2196 246
2172 2173 250
2193 2226 163
2217 2220 82
2232 2239 204
2245 2278 137
2253 2295 126
2259 2301 167
2275 2308 239
2283 2323 181
2290 2304 296
2308 2352 194
2309 2313 42
2334 2363 164
2340 2375 236
2365 2380 76
2365 2380 245
2376 2400 70
2399 2439 267
2415 2438 202
2435 2456 264
2453 2489 222
2472 2499 47
2480 2517 118
2484 2512 290
2492 2521 296
2503 2534 233
2512 2550 62
2525 2544 206
2541 2561 109
2561 2574 225
2585 2599 189
2595 2610 51
2602 2637 69
2629 2650 140
2629 2643 215
2659 2662 267
2676 2705 46
2703 2710 126
2722 2766 220
2736 2746 115
2752 2757 37
2773 2783 132
2782 2829 187
2809 2844 28
2811 2815 106
