200
29 60 271
48 83 243
73 86 135
93 127 119
105 150 223
134 136 130
142 166 142
145 183 153
163 190 255
171 206 263
194 221 281
198 205 120
226 258 14
255 282 117
282 310 260
295 308 201
298 331 185
313 316 65
336 374 81
364 371 243
385 406 183
394 403 223
422 435 87
434 467 50
462 492 101
491 514 109
505 515 152
533 577 12
544 593 216
574 618 28
585 610 107
586 597 115
615 650 239
634 681 194
650 664 44
660 675 191
666 679 242
677 699 257
696 738 40
722 727 183
723 724 49
735 764 233
759 779 93
789 801 53
807 823 61
834 841 56
844 874 134
845 888 14
874 914 209
900 926 123
906 954 123
934 948 238
957 977 254
967 972 290
969 977 223
969 997 17
981 1005 216
1005 1047 168
1005 1051 34
1023 1033 89
1028 1070 242
1035 1047 76
1050 1081 36
1050 1069 42
1061 1109 41
1083 1115 49
1097 1131 145
1113 1156 279
1137 1166 221
1165 1215 159
1192 1217 42
1193 1237 123
1197 1236 139
1197 1209 216
1206 1245 199
1227 1254 221
1241 1266 179
1257 1274 186
1281 1315 116
1294 1333 220
1311 1319 8
1318 1340 271
1325 1333 80
1336 1384 7
1339 1360 210
1349 1386 24
1365 1393 196
1386 1399 62
1402 1440 257
1406 1427 254
1430 1434 3
1439 1461 90
1469 1480 41
1480 1501 168
1482 1512 249
1501 1519 287
1521 1552 50
1524 1525 88
1531 1571 39
1540 1566 97
1564 1582 102
1592 1624 199
1592 1638 97
1609 1638 2
1613 1630 257
1627 1637 106
1639 1681 79
1641 1691 42
1643 1683 186
1666 1673 227
1690 1729 13
1720 1745 19
1746 1768 133
1750 1752 280
1776 1809 106
1788 1800 249
1804 1848 204
1815 1849 132
1815 1841 43
1844 1854 125
1873 1883 188
1893 1939 19
1908 1928 215
1934 1966 36
1961 1994 270
1962 1990 196
1982 2027 111
2009 2054 37
2009 2051 175
2017 2042 180
2047 2051 1
2067 2079 92
2087 2091 169
2103 2149 131
2124 2137 110
2139 2168 2
2165 2190 7
2195 2223 221
2201 2212 218
2205 2242 94
2205 2220 110
2205 2241 274
2218 2262 45
2223 2264 35
2236 2261 192
2257 2295 256
2273 2277 57
2281 2308 234
2303 2314 163
2305 2315 172
2330 2339 216
2336 2358 192
2348 2395 108
2376 2400 171
2394 2441 84
2418 2439 37
2441 2491 95
2445 2472 172
2458 2503 208
2468 2510 204
2491 2541 102
2514 2537 210
2516 2561 11
2544 2572 192
2569 2570 217
2592 2611 44
2613 2651 113
2642 2661 287
2653 2691 53
2678 2717 187
2707 2742 237
2732 2763 137
2742 2751 125
2744 2760 219
2767 2814 54
2783 2826 36
2811 2859 29
2815 2865 96
2829 2858 3
2848 2853 184
2862 2873 258
2868 2915 180
2884 2921 186
2889 2906 48
2894 2903 96
2916 2947 76
2917 2942 264
2926 2940 226
2927 2957 70
2942 2948 183
2970 3012 246
2995 3007 45
2995 3018 62
3023 3045 239
3049 3081 243
3077 3123 24
3096 3120 291
3096 3141 37
3100 3109 72
3108 3156 120
