200
18 55 172
36 76 89
43 54 155
71 100 118
80 97 233
93 116 180
99 115 280
111 153 260
138 142 105
152 153 70
181 220 235
205 238 298
234 267 10
235 262 250
245 282 191
269 281 136
286 335 98
305 318 13
312 361 267
332 343 188
357 399 261
387 414 184
404 440 250
422 463 251
442 452 64
456 504 172
482 498 226
493 537 113
500 504 7
505 525 75
506 514 98
529 533 73
536 576 299
549 554 243
574 589 14
576 579 110
586 619 252
590 622 124
619 630 74
626 664 148
651 690 298
675 693 126
696 740 216
702 709 51
727 749 285
751 789 76
775 776 222
791 803 226
816 821 198
825 841 196
831 859 267
843 866 114
866 890 283
890 897 44
901 927 135
906 927 115
923 961 8
926 943 3
928 958 272
931 944 125
935 953 24
948 955 104
967 1008 221
994 1003 59
1011 1042 159
1022 1034 292
1051 1101 66
1061 1070 262
1068 1094 226
1074 1114 292
1079 1081 181
1108 1112 175
1108 1129 259
1128 1140 290
1137 1150 285
1155 1184 169
1184 1185 77
1206 1236 40
1214 1256 138
1219 1258 67
1219 1247 293
1225 1251 112
1226 1252 78
1256 1294 157
1276 1325 66
1298 1331 129
1303 1346 292
1328 1329 78
1343 1353 278
1357 1405 208
1385 1418 63
1391 1418 267
1414 1418 160
1444 1457 193
1444 1478 272
1455 1475 210
1473 1478 197
1487 1528 257
1514 1559 234
1543 1581 148
1563 1579 150
1592 1617 283
1599 1627 279
1619 1651 294
1638 1657 97
1667 1696 62
1682 1683 44
1712 1742 298
1740 1788 260
1768 1790 292
1773 1784 220
1786 1789 181
1810 1827 237
1830 1871 275
1860 1896 83
1889 1916 201
1916 1929 156
1940 1977 118
1956 1967 158
1965 2000 33
1993 2016 231
2018 2056 214
2046 2078 239
2058 2098 173
2068 2117 22
2072 2115 25
2083 2102 1
2109 2146 215
2115 2141 21
2125 2168 114
2149 2167 92
2175 2210 287
2196 2245 250
2214 2242 177
2223 2263 263
2236 2260 124
2265 2299 116
2266 2270 298
2277 2295 217
2299 2331 264
2324 2369 168
2348 2368 192
2363 2410 235
2382 2423 259
2401 2418 87
2405 2443 26
2414 2436 197
2425 2436 116
2436 2445 266
2447 2450 60
2473 2483 258
2496 2502 274
2524 2541 238
2524 2542 297
2545 2585 13
2552 2569 41
2554 2583 36
2570 2593 59
2581 2591 7
2596 2606 111
2609 2613 65
2628 2668 153
2628 2662 291
2633 2648 5
2663 2678 104
2677 2702 146
2695 2726 177
2723 2743 183
2726 2771 119
2742 2770 216
2766 2774 92
2785 2825 168
2790 2791 243
2817 2854 299
2841 2847 216
2858 2860 81
2858 2867 204
2870 2920 106
2874 2920 173
2891 2928 101
2899 2941 212
2911 2932 202
2917 2964 110
2933 2947 203
2953 2987 240
2962 2976 245
2981 3016 89
2981 2986 9
2989 3029 248
3012 3034 159
3037 3065 209
3054 3085 246
3063 3070 222
3085 3110 213
3112 3135 251
3126 3163 85
3135 3181 47
3157 3165 102
3172 3186 159
3175 3176 7
