200
29 64 239
31 62 34
38 47 163
42 70 133
56 103 256
83 108 33
87 97 120
102 113 215
103 122 115
128 149 244
148 151 216
156 165 242
169 180 246
194 239 281
206 234 135
226 251 274
247 259 203
277 305 211
284 333 45
312 317 293
326 335 142
340 345 207
357 370 173
361 365 259
365 391 193
386 411 93
399 427 46
401 430 241
421 453 32
438 457 126
452 464 270
471 496 20
485 523 92
496 528 14
496 505 103
517 547 81
540 581 287
564 578 162
581 614 286
600 644 135
620 631 129
649 660 59
655 696 56
663 682 153
677 698 202
688 714 119
699 724 58
725 768 153
731 769 287
749 780 145
778 816 42
791 817 185
800 814 171
804 844 34
819 839 242
825 827 95
827 871 277
846 874 275
851 886 191
859 886 239
869 890 155
879 898 115
894 941 196
909 921 233
917 947 258
932 953 239
961 992 97
972 975 18
992 1026 228
1006 1037 120
1010 1029 23
1022 1063 236
1033 1062 96
1043 1050 213
1065 1089 295
1074 1093 106
1082 1096 279
1095 1097 278
1097 1123 28
1117 1120 102
1118 1119 116
1131 1162 78
1152 1186 282
1180 1204 8
1199 1211 174
1224 1241 277
1239 1271 91
1263 1281 105
1279 1291 49
1293 1341 138
1299 1328 203
1309 1318 20
1327 1369 48
1342 1371 146
1347 1397 257
1370 1395 18
1381 1398 89
1384 1413 188
1413 1429 211
1440 1449 171
1469 1518 150
1488 1495 233
1508 1530 277
1517 1521 87
1538 1580 237
1558 1591 74
1585 1616 187
1612 1638 266
1636 1672 205
1656 1666 14
1684 1686 104
1696 1742 6
1702 1731 40
1709 1718 199
1712 1761 284
1715 1764 189
1731 1753 135
1753 1797 264
1769 1804 298
1770 1782 272
1788 1828 69
1788 1837 80
1807 1837 224
1829 1871 298
1837 1861 150
1842 1859 261
1856 1883 236
1861 1872 37
1879 1907 194
1901 1943 232
1921 1954 238
1929 1954 87
1941 1957 187
1949 1983 22
1974 1981 159
1988 1999 241
2003 2040 113
2019 2065 185
2038 2049 234
2066 2073 95
2066 2094 91
2096 2143 249
2122 2141 63
2144 2147 173
2165 2184 236
2183 2185 192
2212 2218 208
2221 2244 274
2249 2282 176
2260 2298 186
2288 2292 142
2318 2339 11
2338 2367 65
2356 2369 293
2363 2394 148
2366 2392 182
2392 2415 212
2406 2446 289
2425 2445 95
2454 2464 173
2458 2486 48
2465 2492 49
2489 2513 112
2516 2563 277
2537 2560 81
2541 2575 76
2565 2590 116
2577 2624 229
2579 2598 12
2604 2638 257
2620 2635 255
2626 2635 66
2637 2681 265
2639 2656 154
2645 2694 298
2675 2716 109
2675 2695 108
2702 2737 159
2709 2714 242
2711 2730 65
2739 2781 20
2740 2757 80
2747 2784 214
2773 2805 147
2795 2824 85
2814 2854 18
2822 2853 244
2834 2870 277
2841 2883 184
2854 2899 20
2883 2888 140
2895 2902 223
2902 2942 223
2910 2930 84
2917 2936 73
2924 2954 162
2954 3003 65
2966 2994 172
2992 3035 149
2993 3027 44
