200
10 22 296
38 67 139
46 61 115
75 124 243
104 120 175
127 137 64
153 167 148
181 191 78
210 259 275
234 249 211
264 278 295
280 291 211
302 318 106
326 333 24
344 394 141
344 363 264
351 380 284
358 408 7
381 414 99
395 435 200
413 447 180
434 438 20
459 484 100
477 498 43
500 510 209
517 560 63
535 562 274
541 583 21
566 600 277
588 618 155
600 604 9
616 642 135
645 690 272
669 703 77
697 746 181
705 738 241
721 750 25
721 741 11
745 752 57
775 808 75
785 803 201
795 827 289
803 841 238
811 830 281
831 842 292
847 853 166
864 878 158
892 914 244
904 918 86
914 916 174
928 951 236
936 963 251
955 966 11
956 970 30
985 1017 195
1001 1041 266
1004 1034 35
1017 1033 11
1046 1079 7
1046 1093 221
1050 1062 121
1054 1076 30
1065 1074 52
1085 1115 264
1089 1115 213
1096 1119 57
1122 1146 257
1141 1187 90
1163 1202 148
1190 1198 117
1203 1237 163
1213 1222 90
1234 1237 149
1250 1255 244
1251 1260 19
1264 1302 44
1271 1274 37
1289 1327 93
1289 1338 252
1312 1316 64
1341 1351 261
1364 1368 14
1383 1433 227
1413 1455 247
1422 1441 245
1423 1445 86
1447 1488 73
1475 1488 290
1491 1524 235
1519 1553 140
1549 1555 41
1578 1618 109
1592 1624 28
1598 1621 229
1618 1634 51
1639 1670 226
1668 1708 145
1683 1724 250
1713 1739 64
1742 1780 291
1767 1788 71
1784 1795 92
1806 1843 124
1813 1830 175
1833 1841 238
1853 1858 112
1875 1919 195
1882 1914 276
1892 1904 233
1917 1934 217
1930 1941 106
1956 1967 45
1972 1983 196
1973 2012 233
1980 2002 155
2000 2022 135
2005 2037 293
2005 2026 14
2014 2056 147
2035 2064 263
2043 2091 241
2060 2073 93
2071 2081 75
2076 2097 3
2091 2141 211
2103 2147 124
2108 2113 17
2112 2119 106
2128 2136 81
2157 2167 56
2163 2164 106
2168 2195 175
2170 2197 149
2194 2237 147
2222 2257 131
2250 2265 88
2275 2293 7
2275 2294 147
2278 2281 192
2300 2321 203
2325 2326 181
2355 2389 235
2383 2401 267
2412 2450 279
2412 2438 136
2425 2461 164
2425 2473 88
2440 2457 93
2458 2479 80
2471 2485 161
2486 2503 26
2488 2504 67
2491 2541 250
2507 2556 138
2507 2513 176
2508 2523 172
2524 2543 4
2540 2587 295
2548 2566 275
2574 2622 161
2596 2633 150
2618 2661 28
2636 2657 94
2664 2708 46
2665 2693 120
2674 2686 285
2680 2689 162
2693 2711 4
2698 2712 202
2728 2753 194
2746 2786 238
2753 2793 288
2760 2784 231
2786 2800 267
2804 2807 271
2816 2847 226
2835 2849 274
2864 2908 148
2871 2899 277
2899 2932 113
2925 2963 69
2925 2934 78
2926 2971 20
2934 2942 111
2943 2986 136
2959 2985 45
2971 2984 265
2989 2990 132
3001 3015 47
3003 3010 5
3032 3044 163
3036 3049 92
3049 3078 217
3062 3110 119
3075 3117 139
3077 3092 252
3100 3117 211
3101 3114 196
3127 3147 127
3150 3187 198
