200
19 68 226
37 57 87
49 56 87
69 70 134
73 91 237
96 119 22
117 165 108
145 169 120
167 189 292
181 188 250
187 208 146
213 258 203
238 262 274
240 282 149
243 276 204
254 260 79
260 302 268
267 286 178
284 325 31
298 322 108
319 337 38
326 368 129
355 358 295
369 385 32
399 439 37
402 451 77
417 443 162
427 433 209
454 459 218
479 480 27
503 536 278
503 551 21
532 565 248
557 571 252
562 579 62
562 594 223
563 569 250
564 601 78
566 585 33
571 576 179
600 649 214
620 656 71
633 656 50
654 668 41
677 701 236
705 752 27
725 772 48
736 780 191
751 792 128
752 778 20
754 785 162
781 812 209
794 829 285
813 833 152
843 858 57
865 898 80
879 890 98
889 901 14
912 949 247
933 968 162
959 986 290
969 986 217
998 1029 26
1000 1020 7
1020 1028 258
1041 1046 16
1043 1059 38
1070 1075 229
1081 1096 184
1083 1127 202
1084 1127 10
1091 1134 188
1095 1126 28
1123 1170 286
1130 1160 142
1156 1191 265
1180 1219 47
1203 1233 176
1221 1268 257
1238 1275 119
1252 1301 31
1267 1283 222
1274 1293 132
1296 1315 14
1317 1322 79
1344 1346 191
1351 1379 44
1364 1391 46
1383 1402 245
1386 1421 172
1411 1442 236
1426 1461 53
1452 1479 58
1471 1477 206
1479 1520 118
1488 1536 280
1509 1524 54
1528 1570 185
1551 1557 61
1572 1603 194
1602 1638 92
1631 1659 120
1656 1690 130
1675 1715 66
1688 1736 246
1697 1743 157
1712 1721 129
1734 1765 64
1759 1807 254
1782 1824 55
1807 1845 45
1807 1857 116
1832 1863 254
1847 1853 293
1875 1880 111
1891 1913 164
1896 1930 282
1898 1932 288
1915 1950 214
1940 1955 84
1950 1955 52
1960 1975 247
1986 2027 23
1994 2006 18
1998 2022 196
2028 2063 244
2036 2078 199
2054 2055 65
2060 2067 86
2080 2091 270
2099 2115 204
2112 2158 263
2140 2153 174
2163 2171 73
2192 2218 228
2208 2214 99
2211 2236 281
2215 2245 232
2233 2268 288
2247 2280 116
2264 2291 7
2281 2325 241
2311 2348 272
2341 2356 6
2343 2353 161
2356 2384 1
2356 2392 89
2366 2391 143
2380 2403 55
2393 2396 2
2421 2423 190
2427 2472 190
2427 2447 88
2440 2489 160
2469 2502 93
2496 2542 218
2508 2511 127
2522 2571 66
2531 2534 107
2554 2582 29
2584 2586 72
2585 2602 189
2595 2635 171
2607 2649 14
2633 2655 271
2650 2652 276
2678 2708 276
2686 2733 275
2687 2701 164
2713 2727 140
2720 2746 49
2724 2761 77
2749 2765 138
2770 2809 160
2777 2821 275
2792 2839 19
2792 2819 9
2801 2822 170
2829 2865 16
2855 2867 147
2877 2916 180
2886 2921 145
2910 2949 267
2910 2945 22
2928 2929 262
2940 2964 233
2951 2974 102
2978 3024 167
2982 3017 111
3004 3026 165
3005 3009 112
3021 3065 151
3028 3074 171
3048 3060 185
3052 3091 122
3055 3066 248
3080 3124 48
3086 3113 246
3116 3124 293
3143 3186 192
