200
27 47 51
50 82 8
64 101 40
93 128 166
95 109 57
97 145 163
125 166 153
151 186 142
176 184 204
176 189 101
201 235 166
225 260 281
238 262 256
252 262 102
252 271 26
254 290 274
266 269 294
269 273 246
286 295 134
301 342 136
327 375 281
342 376 183
356 391 286
356 358 108
383 425 61
412 433 72
420 435 92
431 467 147
443 489 244
469 473 198
495 530 177
496 529 121
509 553 238
514 563 78
537 553 297
554 575 256
577 592 164
598 606 61
603 627 151
611 614 223
633 675 246
661 710 258
663 709 104
682 713 120
691 716 268
697 720 121
726 728 39
754 783 161
756 801 47
762 789 174
779 807 173
798 814 271
824 868 293
834 860 113
839 885 93
867 883 166
894 909 12
909 947 5
924 957 23
950 986 210
979 991 294
981 1018 262
981 1010 30
1004 1020 191
1025 1074 193
1026 1054 69
1031 1033 125
1032 1074 231
1057 1088 125
1085 1097 287
1089 1113 26
1104 1118 197
1105 1153 63
1121 1160 115
1142 1144 24
1171 1213 53
1174 1208 55
1198 1234 209
1219 1262 292
1223 1235 248
1251 1260 139
1255 1305 21
1283 1307 297
1285 1300 177
1297 1332 113
1320 1341 7
1350 1371 53
1372 1414 153
1386 1397 30
1407 1455 154
1417 1431 23
1444 1493 238
1462 1467 2
1465 1471 37
1483 1490 252
1497 1538 23
1503 1526 289
1514 1516 190
1524 1560 196
1535 1566 1
1538 1557 251
1552 1585 250
1553 1597 27
1574 1614 135
1603 1613 195
1612 1659 125
1638 1662 113
1661 1676 248
1685 1686 99
1715 1744 239
1744 1771 133
1762 1793 49
1773 1813 207
1775 1824 148
1794 1809 108
1797 1799 217
1804 1850 56
1814 1852 114
1815 1824 97
1841 1873 165
1847 1863 173
1875 1913 261
1880 1899 177
1908 1954 240
1914 1942 159
1914 1923 196
1925 1947 146
1932 1943 221
1950 1994 17
1951 1959 205
1971 1980 126
2001 2045 285
2022 2063 206
2039 2064 206
2053 2066 159
2058 2066 26
2072 2120 54
2082 2093 50
2089 2093 89
2091 2108 87
2094 2132 183
2118 2160 292
2124 2142 257
2127 2148 238
2144 2175 147
2172 2178 269
2201 2208 228
2214 2258 205
2217 2235 137
2234 2271 164
2238 2243 284
2267 2273 297
2271 2303 233
2271 2292 23
2301 2302 10
2321 2339 82
2347 2352 101
2367 2374 262
2394 2395 3
2400 2447 142
2421 2429 2
2438 2448 294
2443 2453 183
2457 2482 227
2481 2507 34
2508 2511 256
2520 2540 14
2524 2569 232
2537 2554 174
2552 2571 215
2557 2568 108
2557 2582 117
2582 2632 225
2606 2622 123
2620 2624 155
2622 2632 223
2644 2693 55
2672 2686 252
2688 2713 107
2702 2710 188
2723 2750 264
2741 2750 82
2756 2768 26
2769 2804 258
2777 2822 256
2798 2828 126
2818 2839 51
2819 2824 103
2840 2845 202
2840 2876 290
2842 2853 300
2855 2901 136
2857 2899 97
2868 2888 5
2873 2912 182
2892 2909 171
2912 2932 285
2923 2928 139
2924 2961 98
2946 2984 75
