200
14 39 34
26 40 96
43 47 169
47 89 76
66 102 97
77 127 68
77 93 155
88 112 191
113 150 107
127 163 34
132 155 43
156 201 163
157 161 63
185 220 43
201 223 287
220 250 115
233 240 278
242 275 137
272 292 233
287 302 242
308 332 253
338 345 222
350 352 40
353 374 118
378 406 155
391 402 45
417 438 267
424 462 81
452 473 266
472 516 270
501 522 114
502 527 123
527 536 291
535 556 262
556 575 209
576 623 87
590 611 173
617 618 22
626 634 203
630 665 282
638 651 113
651 677 154
663 697 201
680 712 82
704 707 24
728 736 185
741 760 181
743 756 172
769 817 261
781 822 182
784 796 142
787 791 224
802 838 230
822 868 286
837 883 268
862 870 109
892 909 35
902 949 245
931 981 276
942 976 73
967 1001 60
974 978 137
976 984 300
989 1037 90
994 1018 233
1006 1038 247
1015 1053 281
1024 1070 19
1033 1056 134
1055 1081 252
1085 1110 255
1091 1101 272
1113 1147 191
1116 1119 247
1123 1127 267
1127 1160 39
1130 1166 264
1154 1184 126
1181 1192 59
1185 1234 215
1202 1206 230
1206 1236 204
1206 1211 71
1210 1243 254
1238 1265 274
1253 1301 193
1278 1320 264
1293 1299 259
1299 1319 263
1320 1356 121
1345 1373 206
1345 1380 226
1351 1386 140
1353 1370 238
1383 1425 92
1412 1436 173
1413 1419 117
1413 1420 250
1423 1469 157
1432 1477 208
1439 1477 117
1466 1515 58
1472 1508 75
1491 1514 209
1495 1514 99
1514 1554 141
1530 1543 191
1548 1598 226
1548 1558 140
1550 1588 62
1560 1605 84
1582 1632 165
1597 1624 122
1606 1644 181
1618 1668 62
1638 1655 25
1668 1718 132
1673 1699 221
1692 1700 148
1719 1742 207
1732 1777 107
1761 1787 273
1786 1795 128
1795 1813 241
1805 1818 281
1806 1840 9
1826 1832 121
1854 1862 254
1881 1922 81
1904 1914 55
1910 1945 275
1934 1984 76
1963 2000 23
1974 1999 290
1988 2025 284
1991 1994 126
2000 2024 114
2016 2045 136
2028 2053 73
2042 2080 67
2043 2048 117
2048 2072 210
2053 2071 220
2081 2084 207
2101 2123 216
2101 2141 39
2101 2148 255
2114 2136 1
2133 2179 265
2141 2183 167
2166 2196 216
2175 2209 204
2194 2221 49
2211 2241 293
2225 2259 268
2228 2264 236
2247 2291 39
2267 2296 57
2276 2304 98
2279 2313 53
2279 2317 245
2300 2303 86
2312 2329 295
2338 2344 65
2341 2369 290
2349 2382 125
2374 2389 263
2393 2396 175
2399 2427 204
2406 2455 68
2413 2460 42
2427 2444 184
2446 2453 17
2457 2493 26
2484 2516 198
2492 2540 79
2519 2527 275
2538 2557 201
2564 2610 226
2576 2584 280
2592 2596 207
2613 2618 163
2629 2672 131
2631 2676 200
2652 2686 197
2679 2718 13
2692 2714 49
2701 2711 108
2720 2749 228
2739 2759 153
2762 2779 105
2770 2811 6
2783 2794 38
2794 2830 70
2795 2839 130
2808 2821 32
2823 2834 299
2831 2860 218
2835 2873 92
2838 2862 146
