200
22 64 162
45 71 223
59 79 125
67 90 68
88 96 147
109 140 248
130 140 227
160 195 166
181 207 80
192 217 43
197 229 79
203 236 103
206 247 96
224 235 31
250 261 152
265 288 299
273 318 14
295 327 285
311 315 20
334 357 122
353 370 146
382 418 262
395 417 105
421 463 57
433 439 49
445 489 80
455 501 294
475 492 227
483 530 206
500 546 30
520 528 74
528 554 263
555 604 298
567 610 243
585 600 290
602 647 13
618 635 40
625 668 206
652 685 223
653 689 22
675 704 199
697 731 146
709 716 32
726 765 243
748 754 68
773 800 52
790 814 234
801 819 118
815 848 211
830 875 11
855 883 199
865 904 280
869 901 115
887 906 112
901 943 229
911 942 273
929 946 60
951 981 197
958 982 65
966 973 212
991 1033 297
1012 1025 221
1021 1059 74
1048 1065 75
1050 1076 202
1073 1117 20
1079 1120 280
1086 1128 199
1107 1119 118
1108 1126 111
1115 1123 205
1125 1160 289
1125 1147 264
1144 1181 70
1161 1196 237
1189 1209 126
1191 1213 292
1209 1218 147
1236 1250 111
1253 1265 183
1277 1291 138
1278 1305 183
1284 1298 225
1311 1354 100
1311 1319 233
1335 1347 175
1361 1389 285
1362 1394 187
1374 1397 206
1389 1418 276
1392 1421 155
1404 1427 171
1407 1448 74
1436 1477 106
1465 1500 187
1475 1484 37
1490 1500 269
1508 1544 260
1529 1576 129
1536 1547 85
1552 1561 12
1578 1613 237
1590 1599 1
1613 1619 152
1636 1681 111
1639 1688 107
1653 1691 277
1683 1690 37
1702 1717 253
1732 1764 24
1743 1779 5
1743 1748 219
1769 1801 104
1788 1834 8
1789 1810 127
1813 1826 34
1817 1865 4
1826 1848 187
1856 1876 82
1875 1880 81
1901 1948 171
1910 1955 251
1922 1966 46
1925 1931 272
1940 1975 194
1964 1971 255
1982 1998 278
2002 2014 122
2011 2024 52
2034 2069 257
2054 2095 128
2062 2073 139
2086 2093 198
2086 2089 91
2098 2132 159
2120 2148 194
2144 2164 46
2153 2169 176
2165 2206 156
2189 2234 69
2193 2235 247
2217 2260 137
2225 2261 161
2235 2282 40
2258 2273 137
2285 2320 236
2313 2363 241
2341 2346 25
2357 2381 47
2368 2369 53
2395 2440 4
2403 2418 67
2427 2472 212
2437 2467 261
2439 2485 292
2462 2488 236
2474 2503 113
2480 2488 86
2493 2502 254
2500 2539 278
2502 2530 290
2525 2571 116
2549 2589 128
2578 2590 211
2591 2628 163
2593 2626 32
2599 2639 258
2629 2655 201
2634 2640 94
2649 2650 32
2666 2705 147
2683 2690 51
2686 2726 130
2711 2727 34
2738 2740 293
2739 2787 119
2746 2754 64
2760 2763 141
2765 2793 88
2776 2792 65
2788 2791 30
2806 2816 118
2829 2845 81
2842 2887 81
2863 2902 204
2889 2898 72
2896 2945 121
2924 2958 221
2938 2985 122
2959 2995 48
2979 3017 181
3009 3052 291
3020 3026 49
3044 3079 81
3062 3077 16
3071 3117 235
3087 3097 34
3102 3114 258
3131 3179 125
3148 3196 176
