200
13 42 76
14 21 57
19 69 67
24 37 75
41 78 145
64 104 174
92 139 213
122 153 260
138 161 286
143 170 262
170 205 207
172 217 215
183 230 248
189 232 141
199 223 113
213 251 42
241 277 144
243 280 205
260 294 79
283 301 74
296 343 106
322 339 33
352 395 62
371 401 262
399 416 207
420 467 300
425 454 142
431 474 137
437 450 80
464 513 129
470 515 106
489 520 51
508 533 178
508 555 45
515 553 91
527 545 88
552 600 274
578 595 12
602 636 189
626 659 262
633 675 250
650 673 262
662 690 59
675 686 141
704 730 111
721 762 164
745 794 102
763 779 40
783 802 275
783 825 256
797 810 27
801 823 200
819 853 17
834 853 74
863 890 193
890 921 202
915 932 68
924 929 2
925 961 34
949 957 164
967 987 193
967 978 53
984 1007 281
990 1039 51
1013 1022 50
1022 1034 65
1045 1048 215
1054 1061 227
1067 1112 267
1090 1116 87
1094 1126 189
1100 1107 47
1102 1128 111
1105 1148 15
1127 1169 50
1157 1183 66
1170 1183 76
1177 1221 148
1186 1218 160
1212 1225 279
1222 1259 34
1228 1275 75
1233 1283 112
1242 1257 271
1260 1283 54
1266 1272 92
1275 1320 247
1304 1350 226
1327 1331 217
1327 1351 53
1342 1376 202
1352 1372 65
1364 1378 129
1391 1412 104
1403 1407 230
1411 1429 1
1431 1479 113
1442 1455 153
1447 1473 248
1471 1492 170
1492 1513 33
1504 1518 21
1525 1572 190
1534 1574 190
1548 1591 90
1558 1577 158
1570 1620 116
1591 1639 185
1600 1625 37
1630 1650 285
1652 1655 8
1666 1700 76
1690 1740 48
1705 1706 296
1716 1729 166
1725 1754 156
1730 1766 14
1756 1771 204
1783 1795 139
1812 1851 164
1821 1856 277
1828 1832 11
1844 1869 50
1870 1897 243
1899 1907 95
1920 1945 82
1938 1942 271
1943 1971 43
1948 1986 291
1973 1996 295
2003 2015 206
2012 2044 185
2027 2041 221
2037 2058 189
2059 2065 298
2063 2067 119
2087 2112 172
2093 2099 146
2115 2157 294
2132 2171 190
2155 2195 152
2169 2186 79
2196 2218 181
2202 2218 295
2209 2242 216
2232 2263 97
2241 2266 171
2271 2300 140
2276 2283 126
2295 2338 133
2319 2346 272
2333 2377 69
2360 2382 95
2375 2382 9
2389 2408 184
2395 2427 187
2397 2442 239
2420 2430 11
2437 2438 297
2450 2451 125
2477 2519 207
2495 2527 94
2501 2538 203
2503 2548 95
2519 2549 208
2545 2577 62
2573 2604 233
2579 2590 100
2603 2619 174
2613 2623 240
2642 2684 39
2656 2676 267
2675 2715 244
2696 2700 88
2705 2709 181
2706 2743 193
2723 2766 285
2750 2777 96
2764 2799 23
2792 2840 289
2804 2820 18
2827 2864 166
2849 2858 90
2861 2864 57
2878 2892 276
2880 2906 188
2894 2899 65
2923 2972 119
2928 2950 41
2946 2983 31
2956 2962 148
2959 3004 149
2974 3020 24
2975 3015 118
2982 2994 203
2995 3008 177
3025 3073 283
3049 3083 111
3067 3113 270
3087 3103 263
