200
9 55 83
12 18 56
37 69 153
53 92 217
65 107 35
89 129 230
95 135 249
107 146 190
135 172 189
146 147 106
169 181 229
169 192 113
182 225 142
199 217 145
226 241 187
231 261 134
235 252 213
246 286 65
268 283 169
282 314 49
310 333 187
329 358 300
335 385 14
337 347 76
337 340 46
342 343 10
366 397 112
381 386 218
400 447 52
406 445 38
422 458 78
424 441 158
427 448 216
453 468 39
475 523 168
485 503 229
507 551 191
518 563 29
527 535 293
549 594 174
555 589 254
560 590 285
580 625 100
606 623 41
619 635 22
641 679 206
660 699 10
669 691 238
685 726 124
714 717 127
715 724 44
723 750 42
749 793 104
778 808 139
802 824 50
823 831 288
830 868 131
844 888 213
856 906 198
866 899 273
886 903 296
903 924 23
933 971 101
951 996 18
956 967 37
971 1015 257
996 1033 101
1011 1019 108
1029 1043 164
1044 1055 134
1071 1085 134
1098 1107 138
1102 1135 259
1120 1129 282
1138 1164 297
1139 1163 179
1146 1192 105
1161 1198 296
1191 1216 114
1202 1245 257
1217 1248 160
1217 1250 249
1246 1294 99
1266 1284 98
1273 1303 146
1301 1311 170
1308 1314 45
1328 1341 112
1348 1366 185
1372 1400 72
1392 1412 267
1396 1444 290
1415 1439 59
1417 1449 137
1437 1446 145
1458 1494 125
1482 1492 298
1484 1523 251
1499 1532 59
1513 1534 147
1543 1580 235
1549 1582 207
1552 1566 245
1564 1588 53
1585 1623 235
1602 1636 271
1627 1672 242
1654 1681 35
1656 1683 114
1676 1724 288
1706 1719 253
1731 1741 263
1742 1767 236
1763 1789 175
1792 1795 153
1798 1810 211
1820 1828 206
1830 1871 142
1845 1884 225
1871 1897 80
1899 1919 122
1927 1964 141
1945 1991 170
1974 1998 46
1993 2033 20
2023 2033 266
2041 2090 289
2067 2117 10
2078 2091 216
2108 2137 237
2127 2158 174
2154 2168 294
2156 2170 113
2175 2178 216
2186 2192 228
2205 2210 296
2212 2226 8
2241 2283 40
2249 2273 87
2261 2273 210
2263 2305 91
2268 2296 251
2273 2287 272
2294 2302 170
2307 2343 195
2308 2346 277
2312 2347 233
2339 2363 114
2342 2380 180
2371 2395 269
2374 2378 27
2384 2434 110
2394 2398 267
2416 2448 154
2423 2467 65
2453 2488 238
2473 2494 176
2502 2543 94
2510 2560 114
2531 2547 162
2556 2599 57
2560 2574 81
2573 2606 231
2587 2607 149
2599 2612 101
2627 2664 233
2646 2647 120
2650 2673 8
2663 2683 67
2683 2726 272
2698 2724 241
2699 2724 32
2711 2760 133
2724 2763 134
2734 2767 41
2754 2778 216
2777 2813 197
2780 2812 41
2780 2783 42
2800 2805 173
2807 2848 159
2816 2840 274
2834 2860 221
2844 2863 260
2871 2920 268
2891 2905 228
2903 2950 272
2916 2964 28
2937 2969 139
2941 2963 270
2951 2954 96
2955 2975 236
2961 2981 66
2988 3028 68
3015 3064 194
3038 3074 166
3041 3075 167
3042 3065 90
3056 3075 251
3074 3119 288
