200
16 58 98
36 80 39
50 79 226
68 94 239
81 92 110
88 109 197
109 143 145
137 139 164
143 155 49
156 164 62
174 180 201
180 192 188
203 210 199
218 242 219
231 249 65
252 276 184
267 303 11
294 308 287
318 345 24
328 366 22
350 369 283
375 417 238
379 395 117
403 443 186
415 464 152
430 438 205
439 449 262
456 502 273
464 479 44
474 495 228
502 537 51
510 532 194
516 556 254
546 574 154
560 571 36
579 606 80
593 626 110
623 636 247
631 667 49
645 649 78
653 686 21
655 670 107
667 682 61
684 724 265
692 702 136
717 731 111
737 746 178
742 792 240
749 765 282
770 809 148
796 798 99
803 827 123
819 858 300
842 859 251
849 866 118
867 911 204
874 920 210
903 932 44
914 933 49
922 937 36
927 963 182
929 935 15
930 941 92
956 967 252
980 1017 157
1003 1053 240
1003 1029 264
1029 1056 207
1052 1099 57
1060 1078 193
1078 1115 8
1090 1108 280
1115 1155 263
1140 1147 27
1166 1211 84
1184 1192 95
1201 1222 187
1217 1266 193
1221 1269 224
1222 1237 297
1231 1253 65
1235 1236 58
1243 1286 299
1248 1254 96
1263 1270 2
1277 1324 183
1296 1307 160
1319 1365 291
1327 1368 172
1351 1377 227
1371 1414 51
1390 1439 111
1409 1421 293
1409 1459 42
1439 1476 287
1459 1476 275
1469 1503 272
1498 1501 30
1521 1532 67
1544 1590 141
1563 1592 32
1568 1570 132
1579 1586 61
1607 1654 10
1621 1643 30
1621 1659 79
1649 1677 295
1675 1689 241
1694 1696 46
1710 1718 38
1715 1756 267
1725 1735 222
1755 1796 88
1769 1814 188
1789 1820 82
1815 1838 119
1840 1860 83
1849 1866 53
1874 1924 180
1876 1901 282
1876 1907 13
1901 1935 101
1927 1969 147
1940 1986 272
1950 1975 106
1959 1997 193
1989 2014 15
2018 2053 118
2029 2068 100
2043 2054 212
2050 2079 124
2074 2104 62
2103 2148 23
2110 2114 18
2120 2161 251
2127 2129 293
2153 2167 70
2182 2212 288
2183 2225 171
2193 2212 174
2221 2234 291
2228 2258 109
2239 2286 253
2251 2275 141
2274 2293 155
2301 2308 299
2315 2317 76
2340 2347 136
2352 2377 23
2380 2390 271
2391 2395 88
2404 2442 104
2413 2454 88
2443 2462 227
2456 2458 98
2465 2481 277
2485 2534 41
2510 2531 58
2537 2560 299
2542 2592 28
2546 2591 281
2562 2583 206
2564 2605 263
2581 2582 58
2607 2635 156
2622 2651 32
2645 2676 274
2665 2712 40
2694 2705 117
2709 2744 282
2717 2749 103
2730 2740 280
2730 2757 288
2731 2743 293
2735 2752 253
2749 2798 205
2774 2777 37
2798 2803 275
2809 2813 129
2823 2865 54
2835 2838 13
2844 2883 236
2870 2886 95
2879 2911 46
2881 2909 276
2893 2928 8
2912 2933 159
2936 2937 215
2961 2979 64
2969 2994 104
2978 3016 277
2999 3004 51
3023 3027 192
3038 3053 209
3063 3091 161
3084 3099 20
3100 3118 145
3116 3140 239
3123 3133 167
3126 3157 160
