200
18 56 51
19 48 192
22 71 83
24 26 54
41 51 134
46 51 117
50 60 140
69 115 48
72 101 248
73 93 216
77 90 185
96 145 146
122 152 141
141 159 184
162 171 59
173 206 105
184 212 283
205 239 11
205 209 25
206 214 217
227 247 52
242 269 207
261 307 53
274 302 270
300 331 271
327 340 152
352 367 204
377 422 205
405 438 62
412 417 71
413 433 50
428 434 76
448 475 215
455 503 80
480 516 141
485 507 125
508 546 221
518 566 281
545 588 262
571 585 1
584 596 217
589 591 159
592 638 243
621 668 269
649 699 49
649 667 252
660 663 299
671 684 213
701 716 133
713 741 181
733 778 209
738 743 165
764 791 35
765 768 11
766 785 246
792 837 122
821 830 169
843 877 57
851 860 161
865 875 209
887 891 61
911 912 13
936 982 97
962 966 211
974 1011 194
986 1009 88
995 1024 45
1023 1060 152
1028 1069 61
1050 1061 205
1059 1062 222
1059 1085 141
1087 1123 295
1093 1113 164
1097 1102 183
1109 1111 50
1117 1152 13
1145 1147 204
1152 1187 111
1175 1212 145
1188 1217 105
1213 1225 50
1241 1259 284
1259 1292 15
1280 1311 91
1280 1307 70
1286 1332 291
1313 1354 161
1329 1330 16
1344 1363 245
1365 1408 113
1373 1410 3
1382 1420 192
1386 1394 102
1413 1427 209
1434 1481 182
1446 1462 192
1456 1493 236
1468 1469 11
1491 1525 271
1517 1519 172
1526 1535 195
1528 1563 74
1540 1581 36
1543 1571 190
1560 1565 65
1572 1579 2
1573 1576 48
1590 1619 113
1620 1630 62
1634 1684 126
1635 1669 65
1649 1669 297
1659 1703 39
1661 1691 53
1670 1694 174
1696 1729 259
1700 1718 30
1702 1709 232
1723 1733 229
1743 1744 39
1758 1802 14
1787 1808 93
1790 1815 232
1815 1852 87
1838 1839 159
1846 1849 61
1857 1867 61
1878 1922 73
1892 1930 271
1893 1906 29
1922 1963 114
1942 1990 130
1964 1983 228
1964 1998 169
1978 1989 49
1994 2038 22
1998 2001 289
2011 2030 133
2023 2027 145
2026 2044 36
2040 2062 291
2055 2064 223
2075 2083 256
2104 2127 128
2130 2147 196
2140 2154 107
2166 2209 229
2177 2211 88
2198 2223 42
2217 2227 42
2243 2249 271
2268 2303 177
2268 2300 60
2289 2317 246
2301 2319 277
2317 2346 3
2319 2362 134
2348 2379 42
2366 2412 240
2387 2425 234
2397 2401 31
2409 2424 34
2438 2483 180
2444 2477 111
2474 2512 241
2484 2526 52
2484 2507 94
2488 2536 294
2503 2517 76
2513 2557 26
2519 2544 176
2544 2555 163
2554 2556 96
2561 2597 236
2582 2622 16
2598 2623 1
2607 2637 160
2633 2652 72
2656 2670 147
2677 2689 174
2692 2704 53
2706 2710 68
2731 2754 198
2746 2793 175
2746 2778 125
2754 2783 275
2766 2772 110
2795 2819 16
2825 2839 274
2841 2864 205
2848 2893 92
2868 2901 128
2892 2937 139
2902 2915 206
2909 2911 159
2917 2918 167
2944 2964 194
2954 2974 100
2963 3013 246
