200
21 56 122
44 62 104
64 94 205
82 103 203
112 150 35
142 160 240
162 170 299
172 180 186
175 185 45
199 213 115
203 206 70
222 246 215
232 244 229
240 287 282
255 273 10
259 286 97
276 316 8
279 287 183
279 326 194
304 317 267
306 317 60
311 336 98
325 346 113
352 365 8
379 399 171
406 449 39
420 450 163
423 472 249
448 455 43
467 507 170
482 516 209
500 525 183
511 547 258
536 539 244
549 593 138
559 605 99
589 624 71
619 649 167
622 655 277
633 654 196
661 686 95
682 727 189
708 745 157
736 759 101
737 767 168
763 772 16
764 810 13
770 789 229
777 805 105
798 801 134
823 825 4
842 868 224
843 862 23
855 865 16
859 875 291
876 914 81
894 932 27
914 941 77
927 959 110
941 988 228
967 987 211
991 1034 153
1021 1030 277
1043 1057 13
1063 1102 299
1088 1109 279
1088 1110 36
1105 1109 8
1111 1152 265
1122 1147 76
1146 1166 120
1149 1183 128
1175 1225 180
1176 1215 257
1193 1216 172
1218 1239 30
1241 1287 196
1246 1268 81
1268 1301 186
1281 1287 61
1289 1326 276
1319 1362 61
1340 1341 231
1350 1383 235
1351 1370 63
1376 1406 39
1391 1413 103
1407 1457 111
1418 1441 27
1436 1464 197
1448 1466 170
1460 1473 26
1462 1468 160
1479 1502 117
1484 1489 16
1504 1525 189
1518 1523 211
1521 1558 98
1536 1567 42
1563 1576 76
1582 1598 29
1609 1627 132
1632 1667 276
1649 1686 61
1649 1650 90
1651 1652 123
1674 1689 251
1700 1728 133
1701 1745 61
1720 1751 228
1741 1749 196
1768 1810 237
1775 1802 294
1776 1801 238
1799 1815 128
1818 1830 294
1840 1862 178
1841 1858 168
1841 1857 130
1851 1880 108
1873 1888 232
1897 1942 170
1899 1907 133
1906 1950 138
1930 1942 206
1938 1948 19
1943 1948 35
1965 1999 130
1966 1968 64
1976 2010 229
1993 2001 190
2018 2045 178
2025 2037 28
2047 2093 206
2051 2101 270
2056 2083 262
2058 2097 45
2076 2101 44
2081 2094 119
2085 2112 46
2112 2154 272
2126 2141 285
2140 2170 203
2160 2210 279
2162 2202 10
2187 2204 96
2198 2241 43
2208 2248 110
2219 2258 18
2238 2243 202
2264 2281 145
2284 2325 160
2309 2323 289
2310 2324 263
2315 2360 81
2339 2348 161
2353 2381 190
2369 2388 115
2378 2399 180
2383 2405 96
2410 2438 20
2413 2446 96
2422 2430 83
2443 2453 99
2464 2489 172
2471 2502 138
2498 2506 209
2519 2544 250
2526 2573 54
2556 2565 20
2569 2616 32
2591 2637 209
2600 2602 165
2618 2626 209
2622 2654 262
2628 2655 269
2642 2673 149
2670 2718 276
2678 2721 110
2700 2742 80
2707 2714 47
2726 2732 54
2736 2785 225
2736 2780 257
2739 2743 7
2742 2755 80
2767 2809 122
2785 2814 35
2799 2849 192
2808 2829 287
2820 2861 184
2822 2832 170
2844 2857 67
2872 2895 289
2887 2919 256
2897 2932 55
2916 2925 97
2924 2952 86
2950 2974 108
2968 3009 87
