200
7 34 82
23 37 29
34 69 279
43 65 282
67 91 57
71 109 157
101 144 84
121 156 53
133 145 60
137 152 285
167 168 97
182 199 170
209 227 182
225 262 47
237 250 272
253 272 110
277 305 14
294 339 132
320 333 1
338 344 78
339 364 203
343 379 187
368 400 53
371 390 57
382 397 244
404 436 247
434 481 91
442 455 91
460 495 143
471 473 140
490 502 46
518 556 93
537 563 238
565 580 20
585 590 5
592 609 268
620 622 6
630 637 67
634 660 90
653 695 273
679 726 300
699 724 146
723 772 71
736 769 240
738 739 74
751 795 193
762 776 80
777 820 204
785 834 189
788 824 240
813 845 53
836 854 285
855 857 38
859 873 89
867 896 287
876 892 122
899 927 273
929 969 280
931 945 264
937 970 243
947 963 281
956 961 8
979 1011 248
981 1024 143
985 1012 287
1010 1044 256
1024 1034 35
1053 1065 92
1078 1120 111
1089 1106 233
1102 1136 55
1126 1172 250
1139 1156 26
1147 1193 194
1173 1207 25
1182 1212 230
1203 1218 232
1222 1226 119
1222 1240 174
1222 1232 39
1222 1258 236
1223 1226 274
1252 1295 7
1277 1281 189
1298 1311 150
1328 1375 246
1338 1350 42
1366 1412 45
1391 1421 10
1395 1443 231
1396 1440 129
1397 1405 58
1407 1422 18
1411 1448 34
1419 1448 266
1442 1464 278
1443 1473 69
1449 1485 109
1450 1472 185
1456 1498 89
1466 1496 153
1475 1516 261
1501 1528 283
1502 1520 206
1527 1539 281
1551 1554 34
1562 1596 107
1574 1610 31
1576 1599 277
1603 1649 192
1616 1629 33
1619 1649 233
1622 1635 159
1642 1680 245
1645 1685 125
1646 1666 178
1663 1706 47
1692 1732 88
1707 1742 96
1714 1730 153
1730 1731 23
1736 1781 292
1743 1758 12
1760 1790 233
1770 1808 70
1782 1825 100
1790 1811 188
1805 1834 286
1816 1850 193
1841 1847 188
1861 1862 289
1885 1932 162
1890 1913 87
1913 1958 172
1915 1916 279
1941 1984 247
1951 1967 265
1964 1966 290
1975 1982 259
1987 2021 230
2009 2046 194
2012 2047 190
2018 2054 268
2036 2051 255
2061 2077 208
2084 2109 49
2114 2139 229
2128 2147 204
2136 2137 135
2146 2152 124
2160 2206 266
2182 2231 250
2197 2239 281
2217 2240 10
2232 2264 299
2233 2238 194
2249 2257 133
2279 2301 174
2299 2326 180
2305 2332 204
2307 2342 113
2322 2368 44
2344 2367 84
2354 2391 174
2361 2372 28
2377 2389 212
2402 2418 184
2402 2422 300
2411 2447 190
2439 2462 49
2460 2486 76
2472 2492 56
2478 2489 12
2507 2518 23
2527 2533 140
2533 2536 61
2535 2547 173
2537 2538 211
2545 2578 148
2559 2561 31
2588 2615 45
2601 2607 3
2609 2638 76
2611 2646 184
2619 2636 19
2631 2644 65
2644 2678 7
2651 2669 287
2656 2683 227
2677 2726 47
2696 2697 37
2696 2737 38
2697 2744 64
2710 2724 248
2738 2750 16
2743 2785 197
2747 2791 98
2771 2775 86
2787 2830 279
2795 2814 131
