200
16 21 132
38 60 254
64 67 294
81 124 194
85 128 245
90 137 279
116 153 62
145 195 105
146 177 190
156 204 11
166 180 170
169 207 162
192 235 166
207 218 192
216 232 228
220 249 240
245 263 163
254 274 9
277 294 98
291 299 158
311 333 194
333 337 102
333 361 16
358 373 226
386 411 73
392 427 166
417 442 189
446 456 195
472 481 139
485 495 159
497 521 19
513 520 101
515 540 94
545 573 131
573 615 252
599 616 266
604 642 76
617 632 138
636 676 123
651 671 75
658 689 14
661 701 100
674 676 121
678 694 168
681 694 260
684 722 169
705 716 233
707 714 188
708 718 293
724 743 214
750 752 167
765 812 210
776 797 56
787 835 196
787 813 226
788 808 101
790 799 46
813 841 137
814 852 212
843 873 37
848 870 162
870 909 130
898 913 72
920 937 207
927 961 114
931 980 201
959 992 187
986 1034 15
1004 1043 198
1030 1077 80
1033 1042 293
1052 1065 7
1056 1059 4
1061 1085 264
1061 1107 129
1064 1082 125
1091 1133 225
1104 1121 252
1114 1158 182
1139 1172 214
1140 1145 193
1148 1164 161
1150 1157 29
1175 1208 60
1194 1229 214
1195 1200 177
1207 1233 264
1223 1225 212
1249 1253 17
1260 1289 220
1288 1293 265
1300 1347 244
1325 1364 241
1347 1369 65
1348 1388 204
1361 1406 233
1363 1373 39
1364 1383 45
1383 1425 2
1389 1432 204
1397 1435 200
1415 1436 88
1422 1445 178
1431 1457 195
1439 1461 180
1459 1496 114
1477 1522 233
1480 1515 290
1495 1509 66
1509 1550 292
1517 1538 116
1535 1553 80
1538 1564 143
1564 1569 112
1579 1599 200
1586 1589 3
1595 1623 120
1601 1650 289
1616 1663 56
1628 1657 181
1640 1690 65
1657 1707 91
1684 1732 101
1700 1749 133
1721 1728 73
1744 1767 191
1758 1801 227
1772 1820 27
1800 1801 49
1800 1827 200
1807 1830 205
1821 1825 119
1839 1866 227
1845 1887 214
1845 1872 76
1867 1871 261
1897 1902 226
1907 1910 93
1932 1958 89
1948 1953 167
1953 2002 38
1962 1990 249
1981 2008 1
2009 2014 100
2027 2070 200
2033 2059 139
2039 2058 271
2053 2067 2
2082 2104 292
2100 2113 146
2117 2140 54
2118 2149 48
2119 2127 51
2128 2144 158
2146 2171 90
2159 2172 42
2160 2207 187
2187 2195 2
2202 2203 136
2230 2272 80
2260 2263 112
2261 2276 45
2274 2301 160
2281 2300 254
2296 2301 122
2319 2351 6
2319 2339 193
2345 2381 89
2374 2410 202
2390 2403 140
2405 2447 5
2423 2446 280
2438 2459 126
2443 2456 170
2449 2468 147
2472 2511 23
2495 2540 255
2501 2527 38
2503 2516 134
2529 2564 3
2557 2606 44
2586 2602 14
2609 2618 83
2638 2675 184
2642 2670 266
2671 2676 119
2697 2702 143
2725 2774 244
2735 2736 83
2760 2762 193
2760 2806 33
2761 2773 292
2763 2779 151
2763 2796 166
2789 2836 286
2793 2820 24
2819 2868 39
2838 2869 136
2856 2889 87
2865 2871 11
