200
9 59 45
24 61 281
50 98 226
74 82 9
93 133 98
97 103 133
117 123 48
125 158 234
128 132 216
157 166 256
183 231 158
196 222 142
226 257 117
249 263 221
263 264 27
271 302 127
280 309 89
299 304 201
306 344 145
321 344 260
346 363 10
354 366 76
380 418 244
385 400 40
412 459 9
413 441 132
413 426 282
423 457 149
424 472 249
433 448 177
443 459 217
471 499 255
474 497 218
503 518 268
506 550 180
530 556 223
547 553 170
550 591 209
561 569 56
586 613 38
613 621 131
620 670 104
635 683 30
651 688 213
675 706 56
680 703 280
689 737 224
702 738 58
719 722 84
736 772 230
740 782 162
758 771 109
772 777 157
772 800 214
785 823 55
790 814 251
806 813 177
828 840 198
845 895 118
862 887 10
889 918 33
891 939 188
895 923 35
918 949 133
924 934 17
929 964 12
940 979 35
963 997 256
974 983 54
983 997 211
1012 1017 286
1042 1068 209
1050 1059 83
1068 1109 106
1098 1110 195
1099 1113 9
1100 1136 257
1102 1125 280
1103 1108 218
1132 1147 54
1152 1166 72
1177 1219 177
1179 1198 164
1197 1240 135
1221 1247 238
1235 1243 231
1265 1306 298
1276 1297 105
1295 1302 235
1313 1340 233
1315 1352 211
1336 1369 111
1364 1410 40
1385 1401 296
1405 1424 45
1424 1432 186
1441 1479 271
1464 1474 25
1467 1510 86
1480 1509 21
1483 1533 188
1488 1536 135
1510 1550 80
1511 1555 299
1534 1576 199
1562 1571 218
1590 1626 70
1618 1637 170
1648 1680 82
1673 1716 147
1682 1700 162
1682 1716 270
1711 1734 91
1738 1760 8
1743 1770 133
1772 1803 213
1778 1824 212
1792 1833 51
1797 1798 50
1816 1858 116
1838 1877 7
1843 1847 12
1857 1884 214
1869 1896 258
1880 1902 243
1887 1910 128
1913 1931 29
1929 1940 219
1946 1993 73
1959 1977 120
1972 2013 183
1993 2032 184
2021 2038 217
2035 2050 80
2054 2069 53
2078 2126 203
2103 2134 232
2110 2123 3
2113 2146 135
2115 2158 128
2145 2195 15
2172 2183 17
2183 2231 276
2196 2241 76
2197 2239 72
2201 2235 300
2204 2243 35
2218 2221 34
2243 2278 90
2272 2303 271
2296 2304 95
2320 2369 64
2320 2343 32
2345 2385 136
2360 2363 106
2377 2406 287
2404 2412 122
2432 2459 189
2457 2500 248
2477 2506 118
2501 2510 202
2512 2547 185
2542 2583 67
2565 2592 67
2589 2622 77
2601 2641 157
2631 2633 111
2650 2656 197
2655 2694 156
2667 2681 225
2686 2687 292
2715 2727 135
2744 2786 64
2752 2791 144
2760 2771 185
2763 2796 291
2778 2782 89
2781 2795 283
2785 2832 131
2815 2823 88
2834 2877 188
2849 2883 261
2873 2892 33
2887 2927 145
2889 2939 178
2918 2930 204
2934 2966 223
2935 2982 215
2954 2963 85
2969 3009 234
2975 3008 60
2977 2996 56
2992 3004 125
3018 3026 289
3038 3076 100
3054 3063 17
3062 3083 294
3067 3097 276
3088 3123 66
3093 3104 41
