200
20 66 140
21 49 145
30 48 164
55 91 291
74 77 134
74 109 98
86 118 138
114 140 95
127 160 29
150 187 162
153 167 18
158 178 21
163 211 169
179 199 72
195 241 210
221 245 111
235 260 291
247 256 270
264 302 245
266 313 68
267 309 42
284 287 281
284 333 20
310 343 133
323 344 120
324 367 184
354 377 267
360 369 134
382 431 49
389 439 47
416 423 159
427 439 54
442 468 232
461 489 204
467 473 271
492 503 288
499 532 99
523 534 39
541 588 137
549 572 88
557 566 82
575 620 197
591 612 193
621 669 41
624 639 265
627 668 72
641 686 122
662 674 57
675 678 21
698 738 87
716 721 101
717 751 30
734 771 64
762 787 197
780 821 17
783 794 38
800 815 224
824 842 117
852 883 14
852 892 178
857 866 232
865 902 226
886 934 222
916 920 67
927 943 201
944 967 11
954 980 44
978 980 294
1006 1018 225
1006 1032 278
1022 1033 74
1040 1047 100
1069 1109 294
1095 1117 137
1103 1119 252
1132 1143 268
1140 1178 277
1142 1153 220
1145 1174 173
1175 1221 53
1175 1216 146
1186 1233 7
1204 1243 176
1230 1233 78
1241 1291 200
1245 1289 254
1273 1279 197
1295 1320 241
1311 1326 277
1322 1336 257
1336 1370 220
1360 1380 194
1370 1400 50
1384 1419 5
1406 1414 195
1427 1438 13
1434 1464 150
1456 1465 109
1473 1498 248
1476 1501 192
1489 1499 163
1512 1550 90
1539 1555 177
1559 1591 153
1582 1585 67
1611 1622 88
1612 1659 241
1633 1666 210
1640 1643 132
1644 1658 253
1669 1705 49
1691 1692 142
1719 1739 128
1746 1780 187
1754 1803 48
1772 1807 64
1772 1797 233
1782 1804 136
1784 1817 23
1792 1813 278
1800 1833 47
1800 1822 234
1807 1814 3
1807 1831 296
1809 1826 163
1819 1838 231
1821 1849 40
1825 1868 70
1829 1859 151
1842 1882 114
1863 1867 276
1872 1920 176
1874 1917 186
1884 1897 56
1890 1920 51
1898 1917 195
1919 1938 185
1936 1980 40
1940 1976 265
1963 2002 254
1990 1993 94
2016 2029 56
2031 2041 162
2046 2075 222
2070 2086 217
2079 2113 94
2083 2107 3
2100 2124 62
2105 2115 39
2133 2173 29
2140 2163 15
2165 2167 208
2179 2185 177
2179 2220 39
2197 2206 22
2204 2205 180
2226 2230 9
2237 2260 128
2248 2259 273
2252 2296 295
2268 2313 83
2269 2305 73
2277 2320 6
2307 2330 218
2325 2356 189
2338 2350 208
2353 2395 62
2354 2384 65
2355 2383 132
2374 2423 70
2394 2433 32
2397 2439 168
2418 2433 265
2432 2477 62
2437 2443 41
2439 2484 195
2454 2456 246
2482 2492 271
2509 2545 2
2535 2569 249
2555 2564 65
2561 2591 288
2579 2586 183
2603 2634 251
2612 2644 239
2638 2687 99
2666 2680 179
2682 2692 56
2703 2729 249
2717 2722 226
2730 2767 42
2739 2774 20
2753 2766 76
2755 2781 129
2773 2788 217
2790 2836 112
2790 2817 56
2792 2826 291
2792 2834 279
2806 2820 252
