200
12 28 176
31 49 78
32 36 170
34 66 168
59 83 207
67 90 101
68 72 24
71 110 177
98 104 107
118 131 97
136 149 293
158 193 183
172 180 77
189 203 236
213 216 128
223 225 281
247 270 257
251 294 68
251 270 30
276 326 294
296 318 200
297 326 85
310 311 245
329 361 234
335 344 171
347 367 15
373 407 13
378 416 40
401 426 36
419 444 129
433 478 183
453 458 123
476 516 239
480 505 274
507 554 221
509 547 150
510 557 216
516 559 151
546 586 49
566 606 161
591 611 197
594 631 298
594 626 258
606 616 158
624 670 219
625 653 1
655 692 195
684 715 126
691 704 68
717 728 242
722 746 130
737 779 274
758 760 226
760 773 43
783 832 162
813 825 232
836 845 176
851 856 196
874 879 73
889 900 203
907 920 115
921 965 206
932 963 262
941 961 229
955 979 89
964 999 91
964 991 160
968 1008 258
989 1035 3
1001 1021 228
1012 1036 154
1027 1062 287
1037 1052 141
1045 1094 64
1062 1069 170
1065 1097 37
1067 1105 46
1073 1122 58
1088 1119 72
1112 1147 284
1129 1157 251
1140 1181 12
1147 1177 236
1169 1186 142
1192 1199 299
1207 1213 164
1232 1268 187
1240 1253 203
1245 1289 104
1247 1271 187
1263 1312 131
1277 1322 126
1280 1308 198
1283 1296 204
1288 1306 297
1309 1320 175
1327 1345 144
1356 1381 140
1367 1373 285
1369 1384 167
1383 1423 52
1394 1417 128
1403 1452 293
1418 1450 123
1443 1460 214
1468 1476 299
1478 1504 261
1508 1515 32
1529 1547 237
1547 1586 254
1576 1589 72
1600 1646 66
1628 1662 53
1641 1665 229
1657 1669 73
1687 1706 61
1691 1712 107
1702 1728 283
1727 1760 143
1728 1769 82
1745 1759 223
1759 1772 25
1772 1783 56
1780 1792 87
1805 1838 220
1807 1821 264
1810 1832 85
1840 1872 288
1854 1890 31
1867 1886 46
1867 1893 168
1868 1898 43
1891 1909 93
1896 1932 10
1909 1929 223
1928 1975 299
1944 1951 58
1954 1967 225
1956 1985 55
1965 1999 135
1989 1998 81
2008 2046 58
2037 2063 169
2046 2078 28
2050 2055 113
2059 2106 267
2078 2109 152
2087 2135 270
2113 2147 183
2132 2142 298
2151 2199 129
2177 2220 201
2179 2184 116
2179 2194 296
2192 2241 32
2195 2213 102
2224 2267 86
2229 2275 3
2259 2279 272
2265 2310 32
2275 2301 168
2305 2347 113
2333 2348 79
2343 2391 90
2358 2368 32
2376 2394 263
2404 2419 297
2409 2429 145
2412 2417 218
2427 2448 264
2434 2445 83
2459 2504 69
2461 2490 283
2477 2525 271
2504 2505 23
2523 2555 221
2535 2557 273
2561 2586 12
2563 2583 246
2584 2622 298
2607 2655 279
2607 2620 82
2633 2682 210
2641 2649 9
2671 2678 7
2679 2727 89
2680 2705 51
2703 2726 299
2725 2735 73
2755 2796 103
2766 2792 47
2778 2782 196
2801 2831 70
2831 2856 88
2833 2867 191
2834 2854 11
2856 2873 55
2877 2891 117
2901 2950 13
2919 2925 18
