200
10 50 59
26 31 208
53 79 260
53 93 12
73 90 246
88 131 222
100 127 189
101 141 56
110 151 269
116 127 81
119 139 19
149 163 71
166 192 125
176 217 219
191 209 3
209 246 180
226 229 256
242 247 283
251 296 75
256 294 272
280 329 205
281 320 105
308 325 173
324 373 36
341 353 203
359 362 131
387 413 254
398 436 83
423 452 159
438 455 219
439 445 244
442 461 239
469 482 179
476 478 269
482 522 297
505 526 288
515 552 180
542 554 290
557 579 219
587 628 131
591 603 226
606 610 140
634 641 205
643 660 8
669 712 79
696 727 143
707 733 27
710 730 182
738 786 92
752 800 6
780 789 14
794 800 266
822 871 207
835 873 245
861 911 112
866 868 292
893 928 234
912 922 247
917 955 288
934 944 215
961 973 293
989 1017 276
1014 1063 280
1031 1048 145
1036 1040 132
1045 1054 279
1059 1071 107
1059 1098 280
1071 1119 175
1092 1129 275
1103 1111 204
1132 1138 280
1140 1163 205
1161 1206 122
1179 1190 171
1181 1215 53
1209 1213 296
1218 1241 78
1219 1243 74
1248 1284 179
1262 1290 51
1283 1294 188
1288 1333 297
1305 1311 200
1332 1341 140
1334 1379 100
1359 1387 244
1386 1424 116
1388 1408 86
1398 1412 145
1400 1438 134
1427 1441 60
1454 1473 98
1484 1525 56
1487 1505 234
1505 1547 217
1521 1526 118
1527 1538 258
1553 1591 105
1574 1598 25
1597 1632 192
1623 1641 153
1653 1684 55
1676 1677 51
1705 1724 80
1732 1761 40
1756 1790 201
1785 1806 234
1785 1805 209
1796 1808 275
1810 1840 220
1818 1840 199
1827 1877 96
1853 1871 245
1857 1876 121
1863 1891 183
1870 1886 37
1892 1929 138
1899 1949 77
1919 1920 9
1927 1968 74
1957 1995 66
1963 1983 4
1992 2010 41
2019 2050 140
2027 2055 289
2054 2100 15
2080 2118 244
2101 2103 74
2105 2133 112
2127 2150 249
2149 2159 155
2156 2168 249
2182 2226 223
2189 2195 300
2210 2225 232
2239 2289 42
2247 2280 162
2266 2267 142
2281 2304 286
2288 2298 106
2310 2329 296
2319 2347 174
2319 2323 38
2338 2351 148
2344 2366 220
2347 2365 220
2367 2417 272
2388 2416 18
2389 2434 174
2402 2430 31
2413 2437 145
2413 2432 63
2429 2436 141
2457 2499 169
2476 2526 248
2498 2516 23
2514 2536 177
2541 2552 177
2568 2572 168
2589 2608 203
2595 2609 234
2607 2626 242
2634 2665 241
2654 2669 115
2676 2690 143
2697 2716 116
2722 2762 283
2728 2763 227
2728 2748 46
2730 2754 100
2755 2765 60
2771 2807 212
2798 2799 134
2812 2838 297
2816 2854 65
2836 2885 247
2856 2884 62
2856 2887 92
2874 2910 224
2903 2932 218
2927 2955 101
2927 2954 239
2940 2975 263
2945 2995 175
2968 2975 291
2982 2989 42
2983 3011 290
2985 3034 204
3003 3024 277
3008 3039 160
3024 3037 162
3042 3055 153
3070 3094 15
3093 3129 263
3098 3111 146
3119 3151 205
3148 3180 216
3166 3207 67
3191 3194 7
