200
15 43 199
38 71 288
45 84 142
64 89 47
68 109 250
87 103 11
97 119 40
111 158 199
132 171 250
151 160 233
172 173 228
194 198 281
223 259 147
244 254 266
249 263 194
277 290 165
292 302 102
303 319 109
327 332 263
350 368 125
379 380 155
396 442 174
409 413 215
427 429 298
452 468 236
459 483 109
461 464 186
491 520 46
511 533 117
541 542 59
560 563 142
569 590 35
578 615 74
607 629 238
610 636 228
616 625 276
625 654 213
651 658 263
675 712 94
693 703 284
706 726 38
726 759 230
733 760 30
758 800 210
764 813 168
778 791 68
794 799 190
801 807 123
828 864 10
848 877 140
858 866 167
859 894 291
863 909 226
879 887 207
908 919 170
936 967 208
964 968 110
992 1006 182
1021 1028 105
1049 1098 39
1068 1083 141
1072 1094 138
1091 1139 203
1111 1150 195
1111 1155 48
1117 1121 64
1134 1166 34
1149 1176 87
1166 1209 187
1175 1210 75
1197 1215 178
1214 1263 110
1219 1233 156
1244 1260 46
1269 1307 183
1294 1323 231
1315 1358 138
1320 1361 97
1320 1364 95
1324 1356 138
1344 1353 266
1374 1394 228
1386 1387 63
1388 1421 241
1403 1437 202
1404 1429 28
1406 1413 248
1415 1429 132
1433 1483 256
1461 1485 155
1464 1510 59
1477 1493 162
1478 1488 107
1485 1513 283
1508 1553 299
1536 1546 146
1556 1573 5
1582 1623 189
1600 1629 124
1600 1625 229
1616 1645 175
1635 1671 93
1648 1692 195
1665 1712 161
1669 1718 236
1688 1731 294
1694 1732 67
1711 1761 46
1723 1743 193
1741 1769 61
1760 1779 190
1785 1800 270
1795 1845 31
1822 1852 212
1827 1829 55
1836 1845 18
1851 1873 289
1857 1897 31
1873 1897 103
1880 1895 80
1897 1915 270
1913 1938 176
1922 1953 80
1929 1972 223
1931 1971 201
1946 1988 218
1948 1963 162
1966 2005 138
1979 1994 229
2001 2035 48
2019 2026 275
2029 2045 237
2037 2045 113
2059 2060 164
2070 2086 262
2090 2112 221
2116 2124 289
2117 2131 112
2142 2182 54
2151 2161 136
2170 2209 43
2176 2183 153
2178 2225 30
2201 2210 155
2209 2229 83
2215 2237 105
2228 2263 75
2237 2242 141
2266 2267 263
2271 2314 144
2281 2317 102
2289 2306 16
2304 2319 50
2307 2350 58
2321 2325 256
2328 2331 216
2344 2372 281
2368 2391 291
2393 2426 113
2409 2429 86
2426 2431 21
2447 2473 68
2467 2477 9
2489 2534 294
2513 2546 239
2527 2542 8
2531 2556 82
2538 2571 269
2539 2567 98
2560 2579 66
2575 2607 166
2605 2619 18
2628 2644 210
2644 2661 2
2657 2692 21
2684 2708 45
2687 2720 242
2703 2725 125
2711 2736 121
2716 2748 146
2732 2744 170
2741 2777 298
2766 2814 174
2790 2798 290
2810 2845 176
2818 2836 27
2836 2846 185
2839 2848 76
2842 2881 125
2867 2914 199
2873 2898 286
2878 2897 176
2882 2916 75
2895 2897 78
2895 2907 226
2896 2903 43
2896 2944 110
2909 2913 36
2915 2934 86
2934 2958 10
