200
13 50 67
41 60 232
51 100 72
51 89 280
63 92 249
85 132 36
93 95 81
99 134 167
127 155 295
154 198 254
181 229 229
200 204 147
218 264 207
231 234 160
249 251 38
263 274 241
293 302 190
293 308 249
302 346 49
319 339 37
325 358 212
333 362 226
361 407 170
372 386 290
383 399 277
395 417 206
411 454 289
434 446 208
462 509 133
475 514 273
488 519 212
496 530 282
517 537 212
525 563 202
536 546 47
565 592 152
570 585 43
600 633 48
619 637 214
629 671 134
642 665 277
652 700 66
667 712 198
695 744 110
709 719 31
733 771 190
746 751 35
756 784 204
761 775 283
781 831 82
789 827 136
815 859 146
816 856 2
823 841 295
852 897 161
859 880 112
864 910 105
893 910 173
922 936 285
935 977 59
947 994 252
963 1011 276
993 1018 170
1020 1061 177
1044 1066 191
1045 1077 25
1063 1107 193
1069 1075 46
1095 1120 141
1113 1125 105
1137 1168 16
1167 1180 159
1173 1191 198
1182 1228 259
1210 1252 255
1230 1236 260
1244 1289 140
1274 1297 166
1301 1310 142
1310 1334 181
1332 1333 257
1345 1372 64
1361 1383 91
1383 1429 26
1402 1418 146
1407 1429 85
1435 1474 291
1448 1487 32
1473 1484 198
1480 1513 275
1488 1491 1
1500 1534 109
1512 1524 139
1528 1562 243
1547 1559 240
1564 1566 264
1590 1619 104
1618 1622 75
1629 1637 198
1631 1636 100
1654 1670 257
1660 1696 267
1689 1709 109
1698 1708 295
1698 1719 173
1708 1738 213
1725 1741 31
1734 1783 37
1747 1783 34
1759 1799 27
1761 1769 209
1769 1784 262
1782 1823 259
1809 1859 130
1839 1879 164
1841 1882 266
1856 1862 165
1875 1899 203
1876 1902 267
1882 1915 150
1889 1898 155
1904 1919 118
1912 1962 11
1924 1942 130
1943 1953 103
1951 1988 204
1974 2022 155
1988 2032 84
1998 2015 298
2018 2035 161
2020 2056 33
2033 2037 261
2047 2051 160
2058 2063 209
2064 2065 180
2081 2122 208
2083 2093 273
2103 2111 46
2112 2123 214
2115 2123 236
2130 2149 210
2130 2139 133
2147 2179 184
2155 2200 278
2158 2186 47
2183 2226 227
2202 2233 192
2213 2225 180
2232 2259 263
2259 2286 296
2265 2273 104
2271 2319 264
2273 2322 248
2293 2336 107
2301 2333 49
2324 2346 6
2354 2373 260
2370 2408 192
2392 2418 49
2412 2460 247
2422 2428 142
2434 2462 72
2457 2473 117
2477 2481 171
2498 2506 13
2506 2514 201
2512 2525 278
2530 2566 286
2545 2561 294
2571 2578 272
2586 2607 251
2613 2618 217
2614 2650 280
2631 2660 1
2661 2679 219
2664 2671 206
2681 2718 220
2704 2726 88
2704 2743 67
2722 2747 30
2723 2768 27
2747 2779 251
2765 2799 291
2787 2826 283
2813 2821 282
2833 2850 275
2833 2841 286
2854 2891 183
2874 2908 129
2903 2905 243
2919 2933 241
2922 2935 98
2936 2968 94
2943 2973 126
2966 2974 277
2970 3003 151
2987 2999 23
2995 3027 275
3024 3028 249
3029 3072 97
