200
24 45 34
27 74 89
28 31 258
46 96 140
47 90 297
51 91 37
80 90 270
88 125 232
114 135 107
129 166 48
158 200 33
178 180 42
193 194 225
207 249 263
215 233 203
227 245 63
256 301 9
278 316 246
289 320 100
317 349 226
333 370 296
334 350 83
353 377 253
373 381 200
397 441 75
413 444 120
426 439 285
456 501 189
460 487 272
466 488 261
484 512 42
506 519 140
530 557 74
553 555 217
571 584 161
578 622 244
580 609 243
600 626 101
616 663 268
643 667 24
660 668 166
660 661 87
690 711 210
695 739 293
706 754 248
718 745 70
732 775 245
739 756 35
768 807 241
790 801 213
816 866 38
824 856 26
838 862 298
845 855 42
873 913 42
887 911 195
909 925 207
909 921 112
932 953 127
949 976 159
970 978 274
988 1000 123
997 1033 220
1018 1037 36
1019 1031 171
1048 1090 204
1052 1069 202
1064 1111 71
1068 1084 269
1081 1127 103
1083 1120 27
1105 1138 160
1108 1155 80
1133 1158 263
1160 1171 43
1190 1215 248
1213 1252 70
1242 1258 176
1252 1286 123
1255 1277 228
1270 1299 248
1279 1307 14
1309 1312 65
1315 1356 31
1323 1351 186
1335 1379 54
1354 1383 297
1381 1399 165
1401 1429 78
1406 1423 112
1435 1462 158
1465 1501 175
1483 1515 271
1490 1498 155
1497 1528 103
1517 1535 218
1544 1560 296
1573 1575 144
1587 1592 240
1599 1645 15
1627 1667 142
1652 1679 122
1652 1665 170
1680 1729 141
1698 1704 181
1725 1763 299
1727 1750 177
1736 1743 166
1742 1787 199
1752 1775 190
1766 1815 194
1795 1821 232
1807 1820 28
1822 1846 258
1842 1879 47
1861 1880 212
1883 1920 230
1888 1923 126
1917 1937 282
1921 1939 138
1946 1979 140
1954 1975 276
1980 2020 181
2005 2043 198
2008 2055 115
2022 2070 118
2045 2094 99
2051 2059 213
2065 2090 237
2093 2128 246
2093 2141 82
2117 2132 91
2121 2134 298
2136 2172 244
2148 2160 191
2162 2195 122
2177 2191 228
2185 2200 174
2214 2249 76
2239 2247 34
2256 2283 32
2271 2291 123
2298 2302 186
2298 2316 64
2306 2318 120
2332 2382 271
2357 2366 240
2376 2383 50
2377 2411 133
2384 2416 223
2412 2429 202
2426 2436 219
2426 2460 66
2456 2505 61
2463 2498 165
2468 2471 6
2478 2483 112
2502 2545 148
2502 2535 68
2532 2557 203
2544 2590 40
2549 2584 198
2556 2562 106
2558 2600 34
2586 2625 158
2587 2634 45
2605 2615 181
2635 2647 267
2663 2672 10
2667 2715 105
2668 2686 152
2691 2700 114
2703 2741 118
2722 2752 215
2731 2732 67
2758 2808 147
2785 2835 40
2811 2837 119
2834 2840 137
2848 2865 277
2858 2889 249
2860 2873 83
2867 2888 25
2872 2915 211
2878 2915 142
2884 2890 52
2897 2945 239
2915 2942 169
2941 2964 13
2962 2968 145
2988 3004 198
2996 3023 86
3012 3056 252
3021 3025 176
3043 3065 32
3072 3090 67
3094 3095 169
3117 3136 277
3141 3146 176
3150 3189 126
