200
8 51 103
12 28 283
25 73 98
38 51 34
40 56 150
62 71 162
80 121 11
107 126 152
131 143 275
149 175 63
174 178 63
190 238 171
211 235 217
216 226 134
217 238 24
241 266 126
264 289 87
287 324 174
310 349 5
314 326 79
329 376 142
338 364 298
362 412 217
372 379 217
379 410 17
408 420 258
412 448 141
426 445 242
429 479 114
441 475 16
452 463 128
458 483 286
465 495 208
489 500 33
512 549 34
513 543 279
518 544 67
537 544 167
552 600 53
561 595 219
569 609 19
595 606 201
602 603 47
632 664 197
650 664 64
656 706 174
682 687 233
683 684 8
691 719 109
696 734 38
707 710 248
725 743 260
727 763 261
751 763 264
753 789 73
778 822 61
806 828 177
819 827 288
821 822 202
842 867 193
851 879 205
881 919 153
889 922 228
911 946 129
936 955 189
959 961 49
987 992 174
1016 1039 223
1028 1046 32
1048 1082 164
1049 1073 87
1073 1076 42
1091 1108 127
1114 1140 255
1144 1177 257
1144 1153 152
1171 1174 245
1191 1204 196
1194 1229 232
1219 1221 169
1240 1248 147
1253 1299 251
1275 1316 73
1304 1314 246
1330 1345 24
1358 1385 102
1374 1400 213
1396 1411 98
1407 1434 202
1432 1455 151
1439 1457 196
1442 1448 212
1466 1503 13
1466 1489 30
1475 1508 248
1501 1513 70
1525 1560 110
1547 1590 82
1568 1600 140
1568 1588 267
1593 1636 265
1595 1621 223
1620 1655 185
1649 1682 83
1660 1663 286
1672 1679 173
1698 1734 244
1710 1736 59
1713 1715 181
1720 1742 224
1749 1785 182
1777 1821 195
1784 1794 271
1808 1812 119
1826 1870 21
1847 1850 257
1857 1900 30
1878 1879 269
1890 1937 166
1911 1923 8
1925 1932 60
1928 1968 162
1946 1971 8
1965 2011 29
1995 2042 64
2015 2033 157
2026 2047 65
2026 2048 133
2044 2045 169
2070 2102 72
2080 2126 245
2089 2093 154
2109 2136 57
2133 2181 136
2145 2168 258
2164 2168 142
2175 2206 221
2180 2196 184
2188 2221 219
2210 2234 79
2234 2266 55
2236 2272 288
2243 2286 27
2266 2268 94
2273 2309 8
2273 2289 152
2300 2319 223
2326 2336 132
2326 2350 96
2335 2373 19
2365 2404 97
2391 2396 249
2416 2418 72
2441 2444 27
2450 2499 230
2458 2491 115
2485 2486 163
2499 2523 247
2520 2557 181
2522 2531 122
2524 2528 139
2547 2575 154
2576 2579 60
2603 2632 145
2610 2655 134
2619 2629 215
2648 2670 19
2653 2696 252
2660 2700 190
2679 2722 205
2708 2749 21
2716 2742 31
2727 2728 83
2757 2761 80
2772 2805 71
2790 2819 113
2799 2829 300
2821 2864 10
2827 2828 285
2853 2862 207
2862 2864 219
2882 2905 151
2885 2902 27
2894 2936 5
2908 2940 158
2917 2932 84
2946 2989 83
2947 2966 244
2962 2970 107
2973 2978 12
2979 2987 17
3003 3042 149
3018 3037 181
3018 3021 178
3032 3045 2
3057 3096 183
3082 3131 60
3097 3119 110
3098 3144 11
3099 3126 48
