200
27 45 212
33 36 97
50 55 57
52 59 37
75 82 146
86 116 65
89 109 44
107 134 154
136 183 4
160 179 133
171 216 112
173 202 128
191 235 67
207 228 222
231 244 52
252 255 86
279 317 65
301 317 96
329 377 29
331 380 272
336 360 74
365 379 255
385 433 1
413 423 94
443 465 138
466 481 41
487 531 44
489 499 193
491 512 98
506 556 190
529 564 48
529 570 67
557 605 178
558 607 102
560 577 146
588 623 194
597 639 259
627 672 84
649 690 169
661 692 286
673 721 288
677 681 146
697 732 7
698 736 215
703 730 272
719 755 249
741 778 137
744 751 17
754 781 131
756 771 71
756 777 266
777 803 213
778 814 87
787 828 209
793 830 168
811 859 189
835 859 248
847 857 31
850 890 99
859 900 90
862 879 67
884 933 25
890 903 288
893 900 169
901 919 115
906 940 138
921 923 188
939 953 109
945 995 113
972 1020 299
993 1008 23
1003 1015 69
1004 1017 241
1018 1027 286
1041 1065 199
1057 1089 56
1079 1096 257
1093 1098 282
1103 1135 249
1108 1112 300
1120 1161 268
1135 1151 162
1147 1182 97
1153 1158 224
1172 1189 295
1190 1220 169
1194 1208 211
1218 1234 22
1248 1286 226
1250 1256 144
1278 1282 289
1301 1319 150
1312 1358 58
1325 1341 126
1348 1379 36
1377 1414 236
1390 1424 158
1395 1420 12
1401 1403 246
1419 1466 130
1426 1440 29
1448 1454 189
1478 1519 96
1486 1499 35
1511 1526 115
1524 1544 22
1544 1547 56
1558 1605 221
1560 1584 223
1582 1625 219
1597 1640 175
1624 1672 186
1628 1670 159
1652 1692 120
1661 1700 96
1668 1701 167
1692 1718 116
1696 1737 141
1710 1759 1
1712 1760 81
1731 1757 179
1744 1779 276
1750 1777 203
1755 1781 251
1761 1802 106
1770 1778 112
1784 1787 163
1795 1839 48
1812 1821 245
1829 1856 39
1842 1890 35
1856 1874 45
1882 1924 87
1895 1939 73
1898 1907 163
1900 1902 141
1927 1934 290
1943 1983 103
1958 1973 207
1979 2027 129
1989 2012 279
2008 2026 13
2016 2058 134
2040 2060 73
2049 2052 180
2058 2107 76
2058 2062 1
2076 2113 237
2079 2086 230
2079 2082 278
2103 2105 136
2113 2132 127
2135 2179 197
2155 2172 76
2177 2220 135
2181 2221 156
2203 2234 290
2207 2233 147
2210 2216 265
2223 2236 190
2230 2245 188
2237 2238 110
2246 2266 95
2273 2276 85
2302 2303 163
2317 2330 230
2332 2382 141
2358 2365 121
2359 2409 64
2365 2412 187
2369 2383 166
2399 2401 2
2409 2418 29
2435 2482 134
2457 2483 18
2481 2529 187
2488 2514 38
2490 2521 9
2504 2509 187
2533 2577 279
2562 2608 267
2590 2640 39
2615 2632 11
2625 2644 132
2631 2666 23
2650 2681 50
2666 2714 244
2669 2705 221
2687 2712 170
2693 2733 83
2704 2707 55
2730 2779 7
2737 2759 67
2752 2778 58
2755 2760 215
2772 2783 128
2799 2811 245
2800 2826 242
2800 2839 38
2821 2870 213
