200
5 10 66
24 68 27
48 76 119
66 107 241
78 105 156
94 128 133
97 118 93
118 163 40
139 181 140
163 173 97
171 177 125
175 194 252
202 251 37
216 252 46
234 264 211
262 305 288
266 302 38
270 290 19
276 321 132
298 334 194
323 350 8
347 386 105
355 361 280
366 369 38
395 412 60
395 425 122
409 438 297
428 458 114
452 500 211
454 491 60
456 462 86
484 492 132
495 506 158
512 531 230
534 556 6
549 550 221
571 596 164
576 622 272
581 584 120
588 607 18
593 642 49
599 627 177
621 670 7
636 646 98
636 672 34
637 679 274
642 658 255
652 688 182
664 696 41
685 687 196
696 732 32
725 772 99
730 765 108
744 771 230
745 752 134
763 811 203
778 795 300
791 833 134
809 840 54
827 859 275
847 853 155
852 901 160
859 890 11
886 893 226
908 946 245
919 925 83
943 947 272
945 972 23
973 1022 120
985 1028 282
991 994 276
1019 1031 24
1024 1033 285
1041 1063 16
1070 1073 205
1083 1113 166
1099 1146 23
1100 1126 68
1126 1131 235
1152 1172 287
1166 1181 84
1183 1194 163
1184 1219 257
1211 1260 10
1231 1274 109
1243 1283 64
1254 1280 80
1260 1273 282
1287 1299 291
1289 1339 1
1295 1325 298
1312 1313 297
1324 1370 63
1324 1336 69
1340 1371 24
1348 1397 27
1369 1386 183
1389 1416 177
1390 1430 96
1398 1444 112
1425 1442 234
1440 1474 261
1450 1491 228
1467 1493 234
1494 1520 266
1513 1520 155
1537 1560 273
1557 1607 69
1574 1622 67
1578 1604 247
1602 1633 279
1628 1667 190
1655 1697 31
1656 1657 75
1685 1707 47
1714 1729 224
1738 1781 36
1762 1772 135
1781 1809 235
1809 1855 243
1821 1863 271
1836 1863 17
1855 1887 112
1864 1909 168
1883 1926 35
1886 1920 43
1909 1910 116
1938 1944 227
1961 1996 249
1969 1975 182
1985 1999 209
1995 2035 18
2025 2046 129
2054 2101 171
2070 2097 37
2086 2114 58
2111 2142 291
2140 2181 133
2145 2155 227
2169 2195 119
2191 2225 128
2217 2247 196
2220 2260 112
2249 2274 143
2275 2313 142
2304 2308 142
2317 2333 255
2329 2371 160
2357 2361 254
2373 2398 94
2403 2407 37
2422 2439 269
2425 2428 77
2427 2452 176
2455 2499 66
2465 2479 14
2494 2520 79
2504 2551 254
2533 2572 100
2551 2589 254
2575 2582 164
2602 2616 90
2617 2659 110
2625 2673 231
2639 2655 145
2653 2697 115
2654 2682 214
2680 2687 296
2699 2745 6
2701 2729 291
2702 2737 30
2724 2767 240
2725 2758 265
2743 2779 78
2756 2794 51
2778 2811 28
2793 2836 96
2813 2818 253
2829 2866 103
2856 2859 259
2869 2909 28
2873 2920 26
2893 2899 34
2913 2957 205
2915 2949 258
2939 2973 88
2966 2998 182
2979 3026 9
3002 3019 217
3024 3051 177
3044 3093 127
3061 3111 92
3077 3118 28
3095 3118 9
3123 3169 262
3123 3172 193
3134 3154 300
3136 3138 105
3151 3154 149
3175 3184 235
