200
28 35 6
39 83 254
53 81 101
74 93 131
102 105 142
107 136 180
134 150 282
139 172 272
145 188 253
174 185 154
188 231 61
195 216 200
220 267 175
247 249 59
275 325 145
296 304 144
323 329 114
324 373 117
345 389 137
368 387 46
383 409 121
399 426 61
421 438 93
442 453 232
464 484 180
491 493 119
495 527 299
504 541 292
524 552 99
528 574 87
546 586 55
560 601 199
584 598 284
588 624 147
600 602 287
609 619 72
623 650 201
653 672 270
674 689 89
695 705 107
719 728 146
748 791 84
772 796 8
773 774 82
775 806 230
777 780 81
787 818 280
809 859 45
828 864 79
858 861 297
880 900 16
909 954 192
913 916 204
942 992 255
944 985 221
945 986 243
963 981 254
972 1011 48
984 1010 295
1005 1051 245
1018 1039 158
1027 1061 299
1034 1039 61
1049 1052 183
1073 1103 244
1078 1110 151
1102 1111 262
1130 1153 92
1144 1151 259
1161 1167 40
1162 1199 227
1164 1169 246
1185 1234 115
1209 1255 40
1213 1250 208
1242 1254 198
1247 1279 234
1253 1297 83
1280 1318 263
1281 1302 108
1305 1315 108
1334 1337 15
1348 1368 143
1355 1365 261
1367 1374 1
1377 1379 225
1380 1396 144
1407 1419 62
1414 1446 14
1429 1460 119
1456 1490 194
1472 1509 265
1495 1524 203
1516 1534 114
1532 1534 275
1534 1545 276
1556 1588 128
1585 1586 252
1600 1601 248
1600 1616 120
1607 1643 240
1628 1629 232
1651 1698 257
1655 1695 82
1658 1690 110
1658 1679 56
1671 1698 285
1701 1711 74
1725 1744 106
1747 1750 220
1776 1816 81
1789 1819 271
1817 1851 140
1846 1861 192
1851 1871 131
1854 1871 251
1859 1891 211
1887 1910 154
1907 1908 171
1910 1928 5
1935 1976 147
1962 2005 212
1962 1986 194
1968 2002 8
1993 2013 53
2022 2070 27
2028 2064 153
2051 2066 266
2074 2116 196
2089 2114 212
2096 2120 175
2107 2144 267
2114 2162 101
2128 2155 161
2150 2196 49
2170 2207 32
2189 2211 147
2198 2217 113
2210 2230 174
2218 2224 199
2223 2252 2
2228 2253 186
2256 2306 72
2273 2279 96
2288 2304 62
2301 2303 106
2320 2355 107
2342 2360 239
2362 2380 229
2391 2393 202
2412 2423 57
2434 2461 244
2451 2485 284
2478 2520 279
2497 2545 152
2516 2542 199
2525 2536 234
2550 2593 164
2577 2580 8
2594 2598 116
2594 2625 289
2602 2646 226
2616 2651 164
2625 2644 25
2634 2643 296
2636 2647 261
2666 2695 173
2686 2722 221
2711 2717 198
2713 2727 212
2740 2786 250
2747 2762 49
2765 2796 210
2790 2835 278
2797 2833 72
2814 2830 235
2814 2855 44
2823 2827 76
2845 2862 17
2860 2903 242
2869 2914 27
2897 2902 84
2913 2944 46
2922 2969 279
2935 2945 156
2937 2982 89
2963 2998 216
2963 2979 274
2977 2994 3
3000 3047 254
3010 3037 37
3015 3036 10
3016 3041 300
3017 3039 215
3041 3053 154
3070 3097 221
3079 3100 266
3107 3119 108
3122 3143 165
3134 3164 268
