200
23 30 211
26 45 116
38 83 83
56 57 242
71 76 22
77 119 288
78 125 39
106 127 62
136 161 247
141 178 298
170 216 46
199 235 169
205 224 45
210 213 258
231 257 211
235 272 233
238 278 90
250 252 57
269 285 169
297 332 3
297 305 33
317 348 67
327 358 121
355 386 207
377 383 50
399 422 187
412 455 247
417 455 61
438 445 255
449 491 187
473 494 187
500 540 228
527 544 286
556 591 132
586 601 68
594 636 205
609 656 246
610 656 82
611 622 11
624 648 80
626 657 14
645 664 148
665 698 22
688 703 165
696 719 30
702 707 101
711 759 86
712 721 132
714 742 77
743 761 292
772 795 39
774 809 227
789 818 293
809 825 32
812 858 248
832 863 263
836 852 221
837 887 188
845 856 268
871 889 100
889 935 243
891 925 46
900 936 123
920 939 40
947 977 162
961 975 67
973 1008 246
975 1007 24
984 996 48
989 996 210
991 1024 23
1011 1024 72
1037 1058 165
1057 1077 201
1069 1082 210
1098 1129 108
1102 1136 285
1112 1134 173
1120 1170 230
1126 1146 50
1141 1144 225
1142 1166 293
1162 1185 70
1174 1178 154
1187 1212 87
1215 1223 66
1239 1261 257
1249 1289 257
1265 1269 146
1286 1312 85
1313 1344 136
1333 1334 177
1351 1354 197
1358 1367 232
1371 1420 294
1390 1396 169
1410 1434 251
1411 1426 263
1427 1471 167
1444 1472 151
1457 1467 133
1487 1510 193
1500 1526 47
1520 1558 188
1540 1581 262
1570 1614 279
1591 1592 11
1611 1624 119
1640 1646 190
1653 1678 250
1655 1665 223
1668 1707 252
1677 1713 110
1688 1690 41
1707 1750 276
1721 1729 42
1737 1751 145
1767 1793 99
1793 1794 273
1794 1841 7
1801 1848 62
1824 1854 241
1826 1862 94
1841 1887 207
1848 1878 299
1872 1902 197
1889 1939 229
1914 1958 282
1941 1958 95
1952 1982 263
1980 2020 210
1989 1993 249
2001 2005 73
2005 2019 124
2032 2063 171
2046 2078 266
2060 2075 201
2073 2121 110
2103 2143 183
2123 2146 228
2139 2140 206
2166 2184 85
2191 2224 171
2204 2254 173
2220 2247 1
2220 2263 64
2222 2253 155
2228 2255 133
2254 2268 272
2284 2298 296
2288 2320 58
2291 2327 273
2291 2315 184
2292 2325 156
2312 2322 63
2328 2335 285
2333 2343 272
2363 2412 86
2366 2412 175
2387 2432 21
2393 2435 231
2411 2454 234
2420 2467 184
2448 2452 151
2461 2476 47
2478 2521 239
2478 2508 276
2486 2492 101
2507 2535 255
2536 2575 21
2555 2590 79
2557 2562 267
2562 2598 233
2591 2638 89
2621 2631 275
2621 2653 202
2628 2668 41
2639 2657 40
2661 2704 139
2691 2697 60
2721 2771 62
2734 2757 49
2740 2775 185
2750 2764 87
2770 2803 210
2779 2798 216
2800 2850 47
2804 2838 86
2827 2865 99
2857 2870 241
2862 2904 260
2887 2899 146
2904 2953 153
2933 2939 291
2958 2967 31
2964 2997 128
2972 2985 271
2984 3023 220
2995 3006 110
3012 3033 44
