200
29 42 27
41 71 193
48 67 5
73 101 125
99 124 1
102 123 146
117 119 82
136 145 197
140 160 104
158 178 66
165 196 246
173 209 278
192 204 222
208 224 188
226 254 165
233 264 113
239 265 90
253 279 5
259 279 186
279 314 178
300 350 137
313 351 84
321 340 85
349 385 75
365 403 295
392 399 212
406 434 36
420 438 103
423 468 218
430 460 150
435 476 269
452 453 103
462 472 11
469 482 209
498 538 96
499 515 220
507 539 10
521 532 228
522 552 123
551 594 33
561 581 52
569 586 76
573 590 204
577 587 267
591 615 296
614 628 205
626 652 221
650 690 285
659 702 22
668 694 18
686 720 77
686 715 107
699 723 281
728 733 245
757 799 189
779 785 21
787 811 202
794 838 19
808 817 78
838 846 10
863 892 100
884 919 207
907 937 21
935 951 244
953 977 25
967 1013 82
990 1036 17
1020 1047 124
1041 1072 281
1071 1082 159
1083 1111 246
1086 1111 77
1106 1156 152
1106 1118 36
1121 1152 211
1145 1176 150
1167 1214 195
1177 1185 204
1202 1249 288
1225 1255 126
1242 1251 274
1265 1308 181
1287 1335 128
1311 1323 54
1341 1343 136
1341 1361 294
1364 1387 209
1377 1386 176
1380 1384 109
1410 1460 296
1413 1437 210
1417 1430 156
1430 1444 100
1441 1462 157
1462 1503 41
1479 1529 243
1488 1534 110
1491 1538 53
1501 1508 264
1514 1546 153
1518 1545 200
1520 1527 116
1524 1562 147
1535 1584 157
1538 1563 109
1541 1572 82
1550 1583 255
1575 1620 109
1578 1613 250
1607 1652 12
1627 1670 284
1633 1642 77
1635 1667 66
1650 1666 102
1674 1721 204
1689 1721 116
1701 1731 148
1706 1712 216
1713 1720 107
1730 1753 139
1757 1783 137
1781 1822 239
1799 1800 63
1820 1849 282
1835 1871 68
1848 1881 217
1860 1871 55
1868 1894 215
1871 1909 276
1873 1880 109
1891 1911 159
1912 1957 201
1941 1978 300
1970 1986 265
2000 2004 180
2013 2020 82
2021 2053 25
2051 2070 194
2072 2115 117
2094 2132 259
2095 2119 92
2121 2128 225
2134 2158 41
2152 2178 45
2173 2212 257
2176 2183 2
2201 2219 153
2231 2261 258
2240 2266 107
2265 2298 99
2295 2335 162
2309 2337 89
2331 2367 148
2332 2375 45
2343 2376 262
2351 2392 153
2363 2393 51
2370 2398 274
2393 2396 54
2414 2420 131
2430 2475 157
2454 2473 151
2459 2501 132
2472 2505 70
2492 2536 152
2517 2519 158
2517 2549 55
2526 2567 268
2542 2544 53
2559 2608 133
2567 2572 231
2594 2617 136
2598 2603 180
2626 2643 99
2646 2674 229
2664 2666 165
2668 2712 162
2697 2725 179
2714 2754 152
2741 2791 182
2768 2793 217
2797 2822 42
2813 2857 215
2821 2853 125
2830 2876 239
2842 2885 264
2843 2885 101
2861 2892 162
2878 2914 283
2907 2933 226
2911 2915 46
2918 2922 91
2922 2952 227
2922 2924 213
2950 2971 179
2952 2954 23
2962 2994 289
2978 3024 5
2986 3020 267
2998 3036 147
