200
22 60 36
33 41 1
47 92 20
67 76 3
92 100 298
96 139 284
118 138 88
147 163 110
161 194 75
188 189 274
216 242 170
217 219 72
247 282 93
268 279 214
275 305 62
281 326 42
291 336 117
308 314 119
337 346 96
365 374 134
370 380 187
382 423 197
382 432 271
408 445 274
419 436 269
437 462 181
465 489 210
487 491 80
506 525 281
522 531 125
542 578 51
543 551 121
567 568 131
575 583 176
598 642 196
611 615 78
614 629 87
644 687 58
662 671 16
671 712 178
687 732 76
704 714 53
721 737 253
745 794 233
771 779 295
771 815 93
773 780 78
779 817 275
793 837 267
820 858 99
837 867 223
856 872 95
862 892 235
878 882 170
897 944 73
914 943 290
923 932 231
938 958 242
967 998 235
969 979 207
980 1000 135
1010 1028 146
1034 1044 171
1035 1081 287
1043 1090 176
1057 1087 109
1060 1105 88
1084 1113 243
1106 1154 281
1122 1138 45
1149 1163 96
1172 1174 164
1200 1206 186
1214 1230 182
1217 1253 57
1234 1272 39
1242 1275 56
1263 1301 252
1279 1282 296
1308 1332 217
1309 1350 217
1317 1366 195
1346 1379 182
1358 1388 185
1365 1407 141
1379 1392 241
1386 1427 212
1394 1438 91
1411 1453 90
1431 1455 109
1442 1463 244
1464 1489 150
1486 1496 225
1508 1550 252
1510 1556 275
1523 1537 295
1534 1548 172
1540 1541 104
1547 1582 109
1577 1608 34
1580 1611 43
1580 1583 15
1598 1633 262
1600 1646 254
1629 1643 298
1638 1685 204
1663 1703 27
1666 1695 4
1681 1708 163
1708 1717 7
1710 1754 67
1740 1762 296
1743 1771 269
1767 1780 242
1794 1819 132
1811 1813 9
1831 1854 161
1845 1880 171
1851 1879 285
1877 1925 261
1882 1925 142
1883 1923 231
1890 1925 71
1919 1946 180
1946 1948 22
1956 1988 213
1977 2022 144
1986 1995 259
1990 2026 78
1998 2034 42
2000 2031 227
2013 2019 50
2017 2065 189
2043 2071 39
2058 2088 31
2065 2096 285
2065 2110 266
2065 2106 72
2070 2076 9
2096 2125 139
2113 2114 91
2139 2178 134
2155 2198 182
2175 2212 106
2197 2214 72
2204 2229 76
2219 2254 261
2228 2238 22
2236 2238 100
2240 2250 155
2256 2294 204
2284 2306 166
2302 2338 28
2308 2333 166
2310 2345 25
2316 2318 110
2320 2321 167
2341 2353 206
2341 2389 64
2350 2355 251
2377 2411 37
2386 2424 78
2396 2416 35
2418 2461 41
2423 2473 24
2445 2446 147
2445 2465 289
2454 2485 127
2460 2494 258
2470 2518 259
2488 2527 30
2511 2513 91
2521 2549 110
2546 2595 37
2551 2579 118
2567 2616 154
2596 2630 59
2613 2648 268
2638 2640 164
2646 2693 83
2653 2701 263
2654 2681 278
2678 2712 243
2701 2721 224
2707 2747 265
2708 2750 135
2725 2736 4
2744 2759 86
2758 2806 155
2788 2791 13
2791 2816 249
2807 2836 42
2823 2840 36
2829 2833 14
2839 2867 244
2845 2877 102
2866 2895 127
2888 2937 39
2907 2952 189
2935 2972 80
