200
21 25 194
31 50 66
49 66 59
52 74 187
69 99 50
69 90 244
90 92 250
107 145 25
115 125 28
116 153 10
142 147 54
160 166 41
180 218 88
185 223 3
193 217 32
216 234 207
236 280 102
261 306 274
283 318 67
288 293 59
312 344 217
341 374 199
362 397 154
375 400 4
401 411 275
410 458 47
413 440 246
423 451 52
429 466 44
450 453 14
470 496 214
484 514 134
514 536 94
522 569 228
547 577 176
564 575 33
565 614 49
575 603 58
580 600 171
609 654 187
613 628 83
633 648 163
645 656 18
664 707 28
687 721 144
697 741 114
712 738 147
721 741 179
731 735 276
757 782 137
757 780 204
759 796 213
777 794 146
791 804 78
800 831 45
827 854 111
852 876 253
864 877 47
879 924 280
887 902 296
902 951 172
918 951 17
945 988 243
954 982 14
972 989 268
993 997 283
1006 1013 174
1012 1054 213
1041 1061 298
1064 1077 193
1074 1088 289
1081 1129 117
1105 1146 6
1121 1124 145
1122 1169 14
1146 1149 14
1171 1184 191
1182 1199 32
1200 1240 173
1216 1256 204
1222 1249 178
1236 1250 225
1265 1315 82
1274 1322 127
1296 1313 198
1302 1328 111
1305 1325 68
1335 1381 7
1354 1393 6
1384 1428 57
1413 1420 119
1432 1441 295
1434 1465 147
1451 1469 133
1472 1501 160
1487 1531 1
1499 1521 161
1529 1570 278
1539 1552 184
1550 1582 32
1564 1572 209
1574 1611 247
1597 1606 225
1620 1628 184
1626 1673 148
1641 1645 179
1647 1683 40
1672 1716 33
1675 1714 232
1688 1722 213
1693 1712 209
1703 1712 90
1707 1743 278
1734 1780 156
1749 1796 206
1778 1780 25
1793 1841 226
1794 1805 206
1823 1864 189
1838 1875 245
1838 1877 175
1845 1848 146
1873 1923 126
1898 1899 8
1925 1973 98
1955 1960 274
1966 1985 245
1967 1976 245
1982 2022 298
1990 2009 148
2010 2050 194
2015 2023 207
2039 2089 179
2067 2111 70
2094 2132 81
2116 2164 140
2122 2172 296
2149 2187 85
2177 2192 142
2177 2214 109
2180 2212 57
2202 2243 85
2231 2259 66
2250 2280 119
2260 2298 105
2274 2285 262
2282 2330 273
2311 2341 225
2318 2358 153
2322 2341 91
2343 2351 96
2364 2378 67
2388 2401 203
2404 2439 58
2428 2438 194
2444 2445 96
2458 2499 58
2471 2521 179
2494 2543 51
2515 2517 23
2528 2548 124
2530 2555 241
2554 2567 191
2561 2603 270
2591 2625 269
2594 2637 174
2600 2646 200
2627 2666 177
2652 2673 84
2664 2679 190
2692 2695 293
2697 2738 131
2698 2739 105
2711 2722 158
2730 2741 246
2745 2792 168
2757 2795 128
2763 2810 246
2774 2813 194
2799 2843 10
2810 2832 262
2827 2855 210
2846 2847 79
2861 2910 169
2891 2917 275
2915 2923 205
2942 2986 244
2946 2960 175
2964 2995 15
2965 3012 47
2970 2995 222
2975 2998 267
2986 3012 180
2997 3031 142
3019 3029 4
3032 3079 132
3040 3053 165
3056 3065 121
3080 3087 45
3096 3129 18
