200
10 17 165
34 39 247
56 106 201
60 107 36
86 123 48
102 108 38
131 142 143
145 169 89
157 179 245
157 186 113
179 214 149
181 225 220
206 226 105
216 242 194
240 242 55
258 284 291
281 305 219
292 310 103
304 312 80
332 337 16
358 369 189
361 378 59
368 409 45
396 444 257
418 429 189
437 442 179
464 479 70
479 526 221
504 528 173
527 558 21
549 559 83
569 603 204
592 599 153
599 616 226
607 648 284
620 630 129
626 666 268
643 693 296
643 661 236
651 691 72
676 683 136
682 708 32
686 697 12
710 720 254
730 749 183
734 757 189
755 791 60
764 813 229
770 820 224
776 800 58
781 792 167
786 804 17
812 822 175
818 856 198
838 881 52
851 854 164
879 886 274
897 912 184
917 957 134
921 937 242
926 939 205
937 957 164
962 984 296
971 998 135
975 998 82
995 1017 116
998 1034 103
1003 1028 197
1007 1018 280
1012 1058 52
1032 1075 215
1055 1094 46
1077 1127 55
1087 1092 82
1098 1114 98
1112 1157 217
1130 1148 267
1147 1190 137
1174 1199 163
1195 1204 33
1214 1260 199
1234 1277 108
1235 1240 155
1244 1275 93
1266 1282 155
1270 1285 35
1278 1321 280
1299 1324 283
1324 1354 119
1332 1343 199
1358 1384 260
1364 1398 129
1374 1404 26
1385 1394 11
1389 1422 108
1390 1417 258
1413 1443 108
1431 1471 35
1437 1472 207
1445 1467 95
1469 1477 17
1488 1530 288
1517 1552 207
1527 1569 70
1533 1583 49
1550 1596 30
1554 1583 123
1564 1579 249
1575 1619 52
1596 1599 12
1602 1609 257
1614 1618 219
1620 1621 188
1646 1696 110
1674 1686 44
1693 1704 179
1695 1740 25
1725 1726 118
1736 1761 72
1742 1784 66
1771 1785 178
1793 1809 65
1815 1864 291
1845 1856 141
1846 1896 240
1856 1870 133
1866 1878 137
1882 1898 230
1905 1912 28
1925 1950 87
1932 1965 10
1944 1991 257
1950 1971 139
1978 1995 128
1984 2017 133
1987 2025 96
1988 2022 135
2015 2024 288
2037 2078 285
2052 2069 128
2078 2079 213
2108 2127 118
2124 2130 123
2136 2156 150
2137 2173 51
2160 2206 217
2172 2187 121
2175 2207 218
2189 2190 17
2218 2266 99
2233 2235 31
2238 2267 217
2268 2286 52
2278 2311 163
2287 2317 4
2317 2319 163
2331 2344 52
2338 2358 137
2352 2368 217
2367 2413 95
2385 2405 215
2410 2418 36
2438 2463 58
2446 2490 134
2473 2496 214
2502 2515 72
2526 2571 261
2528 2538 25
2547 2551 198
2570 2572 99
2574 2590 198
2576 2604 269
2579 2615 37
2584 2588 190
2596 2617 162
2610 2616 157
2634 2667 4
2653 2701 49
2668 2705 153
2679 2686 45
2696 2734 34
2726 2742 264
2745 2784 19
2746 2772 259
2762 2776 240
2762 2794 67
2777 2791 111
2779 2783 8
2779 2800 278
2788 2830 271
2813 2854 244
2833 2835 235
2849 2869 42
2865 2894 82
2881 2896 229
2905 2934 255
2926 2942 268
2934 2967 112
2935 2949 71
2950 2985 253
