200
11 42 76
35 74 186
45 73 26
47 58 282
76 99 99
86 125 28
111 150 176
140 176 62
151 176 240
155 179 77
180 191 129
182 190 288
197 232 298
201 239 100
229 252 244
258 293 266
262 277 253
263 304 272
292 311 280
312 349 215
342 373 4
361 395 155
391 440 14
395 401 276
419 465 71
424 441 235
438 465 217
447 478 90
458 476 192
481 526 157
492 517 95
502 520 50
521 557 272
551 558 232
580 610 140
606 645 119
609 620 237
632 641 162
658 700 115
673 677 29
694 695 151
701 731 241
725 739 200
745 780 271
750 760 120
754 799 194
755 797 112
774 780 259
775 818 49
795 804 284
812 813 250
841 862 31
868 909 248
874 897 99
879 906 58
906 949 236
912 939 56
940 976 36
956 988 237
956 973 104
960 1004 133
978 979 34
982 997 73
985 997 108
990 1014 184
1011 1024 60
1031 1075 48
1053 1063 118
1064 1077 263
1064 1089 300
1088 1089 285
1117 1118 15
1136 1155 7
1144 1190 110
1168 1178 166
1173 1178 212
1203 1215 146
1220 1269 150
1220 1243 163
1244 1284 188
1258 1291 295
1263 1291 228
1266 1296 190
1272 1292 158
1300 1336 258
1309 1322 100
1321 1327 224
1337 1368 2
1340 1371 227
1362 1403 106
1369 1379 148
1371 1417 167
1390 1396 80
1417 1447 251
1433 1481 291
1462 1490 127
1485 1487 93
1508 1553 213
1537 1549 260
1540 1572 113
1565 1569 132
1592 1595 276
1621 1626 147
1648 1667 20
1655 1681 277
1680 1700 84
1680 1695 264
1709 1713 280
1719 1759 29
1733 1735 59
1757 1800 180
1764 1790 85
1765 1783 250
1774 1805 154
1782 1808 205
1793 1826 29
1793 1796 292
1823 1824 168
1836 1865 295
1849 1880 101
1861 1888 250
1862 1903 236
1887 1932 83
1894 1908 86
1920 1961 4
1944 1962 171
1964 1992 54
1983 2004 193
1996 1998 298
2005 2031 198
2033 2074 109
2052 2056 183
2071 2106 98
2092 2116 205
2093 2116 126
2121 2152 208
2130 2178 228
2137 2158 161
2149 2199 222
2152 2173 139
2155 2178 193
2160 2162 156
2182 2213 243
2188 2235 68
2195 2230 101
2200 2209 261
2209 2254 120
2216 2238 121
2219 2231 67
2222 2258 194
2244 2279 29
2255 2294 283
2260 2296 199
2267 2305 184
2292 2309 130
2302 2332 71
2306 2317 77
2331 2341 223
2336 2373 142
2357 2403 30
2386 2434 138
2408 2425 6
2418 2427 89
2438 2472 204
2446 2495 8
2467 2472 1
2468 2506 227
2474 2485 129
2503 2547 82
2533 2540 223
2537 2573 43
2538 2546 75
2563 2577 232
2569 2581 114
2592 2613 195
2612 2636 156
2613 2623 209
2635 2660 95
2645 2654 261
2650 2692 268
2659 2692 286
2668 2677 159
2681 2704 253
2682 2705 297
2693 2726 87
2712 2738 223
2732 2760 264
2758 2787 29
2787 2789 229
2795 2832 207
2818 2855 173
2836 2843 118
2852 2888 126
2866 2903 237
2890 2894 295
2905 2926 264
2924 2946 184
2930 2942 255
2944 2981 290
2953 2961 235
