200
30 53 104
34 72 12
34 64 7
35 37 295
55 56 253
55 74 206
76 96 133
84 108 35
109 153 247
136 150 89
142 153 14
158 195 122
183 199 22
199 241 57
216 260 47
227 234 138
249 253 157
255 273 281
273 314 69
285 304 110
299 323 274
316 323 16
330 347 135
346 347 129
360 407 199
390 426 298
414 436 258
417 459 183
431 477 263
458 464 230
470 498 32
488 506 226
496 514 193
518 556 100
526 562 7
529 552 44
544 558 298
571 593 157
601 620 33
618 629 246
648 672 193
655 703 54
658 704 124
679 710 266
709 723 4
726 767 54
740 765 209
768 792 210
792 839 209
822 860 31
822 835 158
831 858 193
840 851 225
867 911 102
877 892 41
903 906 58
921 928 70
938 977 155
948 954 285
977 1005 132
992 996 76
1019 1036 294
1040 1056 116
1067 1102 257
1069 1115 78
1073 1118 117
1075 1122 140
1090 1139 190
1110 1159 161
1123 1154 248
1124 1172 71
1146 1193 45
1168 1169 296
1176 1206 170
1177 1206 176
1202 1209 36
1215 1231 207
1235 1280 87
1243 1292 283
1272 1298 148
1294 1311 7
1300 1331 70
1303 1345 208
1312 1337 243
1335 1363 7
1346 1356 46
1359 1360 165
1370 1415 224
1380 1407 126
1395 1416 111
1412 1460 170
1432 1437 140
1453 1490 255
1480 1491 160
1496 1500 28
1525 1574 140
1554 1567 130
1570 1608 185
1582 1608 76
1587 1637 147
1591 1601 149
1601 1651 83
1626 1671 34
1648 1678 87
1651 1689 31
1659 1665 92
1682 1702 26
1711 1716 193
1740 1788 175
1741 1761 90
1758 1761 124
1781 1814 186
1800 1815 71
1826 1842 134
1832 1846 190
1840 1869 7
1851 1877 86
1881 1892 192
1885 1895 56
1902 1930 118
1932 1973 63
1952 2000 78
1976 2019 200
1995 2004 117
2016 2029 161
2031 2040 124
2031 2080 175
2031 2048 274
2055 2068 55
2072 2114 207
2074 2116 176
2081 2108 206
2096 2121 229
2123 2147 223
2134 2171 250
2160 2165 29
2183 2203 97
2194 2222 261
2202 2233 138
2225 2256 252
2230 2254 221
2234 2262 268
2236 2253 217
2266 2315 97
2292 2337 130
2313 2319 272
2334 2335 111
2361 2372 194
2389 2419 178
2412 2430 46
2423 2435 102
2428 2472 259
2444 2459 62
2459 2473 154
2482 2507 65
2484 2520 140
2503 2518 168
2509 2515 241
2528 2538 191
2543 2577 108
2552 2569 149
2557 2561 94
2573 2592 71
2595 2596 31
2612 2631 200
2628 2643 243
2635 2662 49
2644 2656 290
2666 2668 195
2674 2681 22
2687 2714 192
2702 2724 220
2725 2741 25
2751 2760 88
2767 2782 226
2783 2810 257
2811 2840 49
2813 2822 151
2839 2862 183
2864 2886 104
2884 2929 248
2892 2929 242
2894 2912 292
2921 2942 41
2938 2979 21
2945 2995 124
2959 2995 260
2973 2992 240
3000 3025 28
3009 3018 236
3010 3020 212
3037 3067 184
3062 3093 137
3087 3129 219
3095 3116 67
3104 3116 117
3122 3137 170
3125 3136 276
3131 3139 146
3151 3159 77
