200
11 21 122
20 48 154
45 59 41
59 73 49
68 108 53
71 101 199
92 116 159
99 118 43
116 125 239
146 172 221
156 167 21
185 187 211
193 214 220
217 228 256
233 275 37
244 272 197
271 279 144
273 314 291
299 306 80
315 344 259
324 342 201
353 359 175
378 408 110
380 415 181
384 395 13
407 424 94
419 429 129
438 476 200
441 443 191
459 467 146
461 463 26
469 493 59
493 508 192
517 560 98
535 580 220
553 564 107
558 600 182
571 593 11
584 619 110
596 643 282
621 652 125
647 658 191
674 718 263
685 688 274
698 712 35
718 761 69
719 751 88
746 785 65
769 806 24
780 826 178
794 818 211
801 817 151
812 850 174
832 853 300
853 865 84
862 869 93
879 908 128
900 913 141
902 948 157
923 925 200
930 948 291
945 982 25
961 976 279
969 993 97
993 1003 84
1016 1019 156
1023 1032 195
1043 1063 203
1070 1079 295
1091 1100 131
1102 1117 274
1117 1151 13
1122 1155 151
1150 1160 62
1152 1198 74
1157 1202 95
1172 1212 83
1185 1190 287
1198 1235 156
1213 1247 98
1226 1250 25
1250 1293 208
1257 1292 131
1257 1282 45
1258 1302 252
1286 1303 291
1300 1311 46
1311 1352 138
1324 1338 102
1339 1383 133
1355 1392 192
1361 1375 13
1368 1411 222
1381 1396 208
1399 1439 224
1415 1424 143
1441 1474 115
1453 1471 147
1477 1524 79
1483 1514 58
1510 1536 293
1518 1539 166
1527 1565 24
1533 1567 18
1555 1570 26
1555 1568 156
1570 1592 203
1581 1591 260
1611 1616 76
1618 1635 290
1643 1660 196
1664 1678 219
1678 1710 46
1703 1728 164
1731 1734 157
1736 1755 229
1766 1795 142
1796 1802 272
1800 1832 22
1817 1824 153
1846 1880 88
1855 1862 260
1869 1882 247
1879 1907 211
1884 1890 79
1891 1903 101
1919 1949 166
1937 1965 35
1951 1956 285
1964 1984 95
1985 1993 102
2010 2013 116
2012 2015 234
2014 2038 129
2027 2049 6
2055 2084 130
2080 2101 69
2099 2121 102
2118 2133 89
2125 2168 224
2145 2153 59
2151 2195 99
2171 2192 7
2187 2202 238
2202 2225 298
2221 2240 64
2243 2282 277
2262 2275 264
2270 2292 198
2300 2317 223
2320 2367 252
2337 2345 81
2355 2395 180
2371 2413 1
2386 2393 132
2413 2421 18
2423 2426 140
2450 2489 67
2454 2479 63
2475 2478 152
2477 2486 277
2483 2499 250
2508 2556 262
2512 2531 105
2525 2538 151
2527 2541 37
2554 2571 146
2565 2581 45
2586 2600 78
2589 2626 189
2590 2600 124
2617 2630 185
2646 2657 108
2663 2689 247
2681 2722 216
2686 2709 153
2713 2739 300
2728 2733 133
2755 2774 299
2771 2784 17
2799 2834 287
2803 2820 136
2804 2807 17
2821 2830 69
2833 2851 38
2859 2870 48
2881 2891 226
2888 2920 290
2888 2920 42
2917 2939 143
2923 2944 145
2939 2962 128
2939 2952 140
2954 2990 66
2975 2998 214
2979 2991 83
3001 3022 229
3020 3066 256
3049 3074 187
3070 3107 248
