200
6 32 222
27 56 171
47 57 271
60 81 151
64 89 298
70 100 246
100 113 162
117 129 191
133 161 270
137 160 265
137 172 40
140 154 59
140 173 203
160 204 109
169 180 183
186 195 1
213 217 35
221 234 216
242 265 161
258 272 97
272 283 22
278 328 82
292 313 32
304 312 156
325 367 293
337 382 201
352 376 275
376 422 120
400 441 30
413 423 150
424 455 100
447 451 57
463 489 242
468 506 200
495 537 197
521 527 34
542 566 87
566 577 176
590 627 298
600 606 288
613 647 233
632 635 188
660 667 4
682 730 111
708 710 69
717 722 201
737 746 66
752 796 151
777 800 72
803 850 190
813 822 117
839 854 6
848 866 110
876 878 41
878 901 152
888 932 63
908 915 259
914 916 181
941 987 267
956 974 120
971 985 155
1000 1026 69
1000 1012 283
1004 1040 245
1011 1040 265
1018 1019 55
1044 1076 121
1063 1079 120
1078 1097 205
1103 1106 111
1116 1166 130
1131 1170 97
1132 1141 240
1153 1158 98
1171 1202 48
1190 1205 47
1214 1242 265
1223 1227 132
1229 1259 266
1232 1275 121
1240 1276 252
1265 1285 140
1285 1286 35
1298 1323 250
1305 1323 228
1322 1370 208
1347 1358 208
1376 1417 276
1391 1418 298
1395 1441 293
1405 1445 68
1424 1434 117
1435 1448 149
1438 1464 55
1449 1465 203
1465 1503 54
1473 1502 241
1476 1481 149
1482 1490 160
1484 1533 167
1506 1520 196
1508 1521 156
1510 1550 221
1527 1566 1
1556 1584 215
1570 1614 180
1573 1597 235
1584 1611 233
1604 1648 231
1629 1662 157
1629 1673 221
1658 1699 7
1686 1722 242
1716 1719 89
1736 1778 25
1739 1743 15
1762 1789 71
1765 1773 49
1791 1818 163
1799 1833 163
1803 1843 171
1823 1856 48
1848 1877 108
1850 1859 128
1872 1892 12
1899 1907 82
1924 1948 109
1935 1979 233
1950 1953 92
1966 1991 212
1983 1995 290
1989 2020 290
2004 2044 129
2016 2058 50
2038 2048 159
2047 2078 196
2054 2092 86
2057 2069 182
2072 2099 292
2083 2108 160
2102 2127 127
2129 2149 247
2142 2190 61
2149 2193 137
2156 2157 263
2178 2199 42
2208 2210 274
2225 2230 241
2240 2261 293
2253 2303 21
2275 2318 223
2292 2320 228
2314 2340 167
2328 2354 220
2333 2375 148
2360 2397 229
2381 2422 271
2391 2423 255
2421 2448 297
2421 2454 193
2435 2450 9
2439 2486 180
2469 2514 208
2486 2522 119
2500 2524 60
2503 2543 28
2508 2523 132
2528 2536 140
2535 2549 192
2554 2567 54
2579 2614 97
2604 2613 113
2616 2621 221
2618 2665 175
2621 2666 22
2632 2634 123
2638 2674 69
2638 2682 285
2641 2650 299
2662 2705 6
2677 2727 184
2707 2718 274
2721 2749 122
2739 2756 21
2741 2758 192
2749 2768 141
2765 2788 122
2779 2787 180
2804 2853 173
2804 2824 232
2826 2860 282
2852 2883 292
2865 2905 61
2872 2922 148
2901 2947 15
2919 2969 130
2923 2970 295
2948 2987 275
2965 3008 279
2973 3004 244
