200
18 29 186
48 97 300
60 73 229
70 75 158
99 141 274
109 139 171
111 132 257
116 141 239
121 139 150
127 146 251
133 169 244
151 201 140
171 217 61
182 220 22
210 245 116
211 238 142
219 264 149
227 277 266
235 273 6
264 281 67
292 339 138
305 328 258
305 314 30
315 320 130
320 364 234
325 366 47
327 365 18
329 379 293
335 381 243
349 373 205
361 410 111
384 419 297
410 442 155
413 426 20
420 423 211
445 470 163
462 496 101
476 506 153
495 496 51
508 509 66
517 524 22
530 555 210
553 588 222
574 595 93
604 633 201
612 654 224
624 645 31
625 672 59
653 689 198
657 688 74
681 688 116
709 759 80
739 789 64
740 768 239
745 780 176
764 803 162
771 801 262
796 807 143
821 831 34
846 864 206
859 872 6
872 899 280
876 883 294
898 919 88
913 918 158
942 952 38
952 960 271
954 983 229
968 999 34
977 1010 142
981 1004 66
999 1009 184
1014 1056 273
1036 1060 84
1045 1081 12
1063 1095 123
1089 1101 71
1117 1132 274
1135 1174 165
1159 1179 187
1170 1208 138
1170 1173 220
1198 1232 149
1203 1216 67
1224 1270 120
1237 1258 201
1264 1281 270
1292 1294 196
1311 1327 81
1337 1358 33
1360 1372 85
1364 1396 145
1390 1417 106
1414 1439 128
1437 1452 73
1441 1456 70
1468 1499 233
1497 1526 59
1515 1533 250
1541 1576 108
1565 1585 250
1572 1619 16
1584 1615 26
1613 1641 177
1613 1662 204
1628 1646 89
1650 1682 6
1652 1679 5
1678 1688 195
1693 1742 237
1700 1725 242
1712 1719 249
1719 1759 224
1749 1753 39
1769 1804 206
1787 1797 196
1791 1839 55
1820 1844 6
1831 1844 100
1841 1854 130
1859 1878 201
1875 1887 16
1905 1955 128
1915 1963 296
1927 1959 214
1939 1965 272
1941 1990 21
1958 1976 164
1964 1972 96
1969 2007 128
1971 2021 13
1995 2033 289
2004 2015 158
2021 2024 215
2033 2035 264
2049 2080 137
2050 2071 78
2066 2097 215
2093 2138 293
2095 2118 72
2098 2138 123
2110 2117 12
2112 2133 151
2139 2159 172
2160 2165 75
2161 2167 275
2186 2236 291
2206 2212 94
2227 2260 218
2249 2260 277
2269 2296 96
2282 2287 41
2287 2319 20
2301 2326 247
2328 2356 286
2338 2353 263
2347 2383 220
2367 2384 13
2387 2431 211
2394 2427 26
2413 2448 182
2422 2428 135
2428 2469 203
2455 2479 184
2472 2488 13
2484 2531 141
2505 2520 152
2514 2559 222
2543 2561 278
2547 2553 163
2565 2568 22
2577 2588 58
2585 2592 62
2614 2650 100
2626 2662 6
2650 2669 119
2659 2681 3
2671 2679 176
2701 2734 135
2702 2746 100
2707 2747 46
2709 2714 100
2725 2726 27
2739 2747 113
2762 2790 118
2762 2801 262
2789 2822 47
2817 2820 119
2844 2875 65
2854 2891 256
2884 2912 124
2899 2900 216
2906 2928 265
2916 2962 287
2923 2960 3
2932 2960 85
2958 3007 284
2980 3000 175
2987 3001 63
2998 3029 118
