300
1 51 234
11 31 284
12 55 94
14 37 140
26 76 124
40 69 187
45 55 79
48 91 260
59 79 267
83 115 97
105 135 128
131 169 37
153 175 185
153 174 4
163 181 42
186 224 45
203 214 117
215 244 17
215 265 239
245 270 104
260 275 272
273 284 279
301 330 115
310 335 6
335 348 59
354 373 190
368 417 100
396 444 263
400 440 148
400 433 157
403 429 268
409 412 19
410 445 17
433 483 256
439 464 128
459 492 48
478 512 300
490 526 181
509 529 255
515 537 98
542 567 92
569 618 262
587 627 263
591 610 212
608 639 70
635 646 187
641 681 238
669 670 271
671 721 183
695 712 104
719 734 147
721 745 106
742 764 12
749 758 272
776 818 27
788 833 247
788 801 227
788 811 121
795 828 34
824 849 251
839 888 172
861 884 13
872 898 265
898 920 131
903 919 253
906 916 190
917 934 285
931 946 38
931 951 273
949 979 237
967 1008 274
977 1013 2
996 1030 135
1016 1055 98
1039 1059 170
1051 1059 275
1077 1113 156
1093 1109 73
1121 1169 180
1144 1174 33
1173 1208 274
1188 1226 294
1217 1257 276
1241 1287 211
1259 1281 195
1287 1292 137
1315 1325 75
1315 1327 78
1325 1369 250
1348 1376 83
1349 1350 20
1358 1361 120
1375 1419 146
1383 1400 270
1406 1452 233
1419 1426 106
1435 1469 135
1456 1495 27
1483 1506 300
1511 1560 212
1527 1536 294
1550 1573 164
1577 1599 121
1602 1624 56
1612 1662 9
1623 1628 267
1634 1676 214
1645 1654 163
1651 1661 300
1673 1686 38
1686 1709 205
1687 1688 169
1707 1732 199
1731 1735 54
1758 1786 226
1772 1817 185
1795 1805 237
1817 1828 179
1835 1863 32
1838 1851 190
1867 1884 216
1868 1904 75
1894 1905 44
1914 1939 285
1916 1952 233
1945 1969 23
1975 1979 204
1989 2004 293
1998 2006 146
2005 2028 235
2011 2034 173
2027 2052 45
2048 2084 264
2057 2062 217
2087 2113 258
2108 2143 163
2122 2153 39
2138 2170 300
2155 2168 259
2180 2209 84
2191 2228 280
2213 2244 95
2233 2249 113
2242 2268 204
2263 2277 149
2273 2296 277
2284 2328 282
2314 2325 9
2336 2385 181
2355 2394 174
2384 2396 300
2385 2409 116
2405 2443 121
2429 2443 143
2456 2467 2
2470 2487 159
2498 2528 249
2517 2526 128
2517 2566 94
2522 2531 30
2531 2553 18
2531 2560 239
2535 2542 72
2565 2580 224
2588 2608 124
2598 2617 280
2626 2652 146
2634 2664 200
2657 2678 224
2685 2733 59
2690 2710 143
2701 2741 210
2721 2759 216
2733 2779 58
2736 2768 174
2755 2802 232
2770 2796 269
2779 2791 190
2789 2811 6
2795 2842 234
2809 2858 127
2822 2836 270
2824 2858 54
2824 2869 153
2827 2849 207
2855 2880 168
2858 2897 183
2883 2929 195
2909 2935 96
2915 2951 257
2929 2954 69
2938 2941 184
2955 2995 275
2970 2996 214
2987 3028 181
3014 3036 165
3031 3049 286
3035 3065 61
3041 3048 190
3061 3075 289
3063 3101 73
3071 3093 206
3080 3096 110
3104 3137 104
3114 3136 126
3119 3131 113
3148 3166 127
3153 3176 69
3164 3210 88
3182 3226 50
3193 3240 113
3205 3227 176
3217 3252 137
3240 3248 203
3261 3296 6
3291 3304 136
3304 3344 72
3331 3364 55
3354 3390 125
3364 3369 254
3391 3412 109
3398 3422 88
3420 3461 73
3432 3447 26
3453 3501 160
3460 3483 191
3478 3509 48
3496 3531 205
3510 3533 238
3525 3530 145
3529 3573 264
3545 3557 242
3554 3569 212
3562 3596 251
3572 3595 58
3577 3601 172
3593 3639 80
3620 3666 34
3621 3648 195
3633 3681 192
3642 3658 223
3672 3717 168
3672 3717 46
3702 3735 186
3716 3723 73
3741 3777 151
3771 3814 92
3771 3772 233
3798 3807 212
3826 3833 33
3851 3883 249
3855 3905 233
3867 3900 242
3886 3913 12
3912 3947 296
3923 3961 203
3940 3950 148
3960 4010 158
3979 4005 293
4005 4026 193
4027 4053 15
4039 4060 250
4054 4080 55
4068 4070 171
4085 4105 20
4101 4117 260
4119 4137 45
4127 4173 10
4148 4179 168
4159 4164 143
4177 4197 144
4180 4192 222
4185 4201 259
4204 4247 14
4232 4281 243
4250 4266 246
4268 4270 263
4294 4315 105
4313 4340 295
4338 4380 139
4365 4408 28
4388 4414 131
4403 4437 37
4431 4461 21
4456 4473 270
4465 4503 112
4492 4542 179
4505 4533 164
4522 4543 173
4546 4573 284
4557 4587 54
4562 4577 21
4585 4591 175
4596 4620 295
4618 4629 139
4624 4651 108
4628 4630 127
4643 4690 3
4659 4665 10
4680 4723 131
