300
0 14 227
26 49 194
48 82 91
71 110 243
94 138 282
102 104 170
108 136 153
108 153 102
111 148 91
135 162 76
151 159 33
156 177 219
173 204 26
174 212 296
200 239 102
210 217 9
231 265 246
232 258 245
243 276 181
266 267 30
279 284 19
304 342 158
304 316 40
331 335 214
338 366 12
357 381 76
363 400 244
369 418 60
392 398 6
401 422 116
427 431 40
441 450 56
448 466 83
449 467 199
471 517 48
485 535 174
505 525 116
532 538 203
555 560 228
583 592 200
596 618 244
597 638 248
618 655 64
639 676 122
659 672 53
668 681 28
685 730 90
686 714 18
711 741 259
713 736 148
743 774 107
748 780 123
761 805 266
775 793 260
796 806 293
822 872 26
825 854 39
827 868 221
849 876 63
864 913 29
880 895 129
883 899 190
886 909 294
911 932 203
914 932 290
928 960 217
933 945 246
947 952 88
960 976 131
976 1007 191
981 989 227
1009 1055 288
1018 1055 210
1019 1029 283
1042 1074 246
1054 1080 276
1079 1104 300
1099 1144 70
1117 1122 148
1140 1176 151
1144 1190 277
1158 1179 232
1180 1196 39
1191 1205 64
1220 1270 149
1225 1258 61
1245 1295 91
1264 1286 179
1293 1298 4
1297 1329 108
1302 1330 81
1325 1338 152
1334 1352 166
1340 1350 143
1342 1371 187
1357 1401 300
1369 1389 157
1371 1420 38
1389 1399 168
1419 1453 237
1446 1456 204
1456 1463 71
1474 1504 17
1492 1518 272
1498 1511 91
1504 1522 219
1508 1509 8
1530 1576 72
1545 1579 146
1567 1599 106
1594 1629 177
1616 1635 20
1646 1647 254
1646 1667 109
1661 1687 260
1682 1700 100
1698 1719 215
1710 1741 170
1714 1744 202
1738 1770 97
1755 1777 92
1762 1791 104
1785 1808 221
1807 1857 5
1809 1825 177
1827 1850 7
1842 1891 13
1860 1898 229
1861 1873 156
1865 1896 28
1880 1919 14
1891 1904 96
1908 1922 280
1929 1944 192
1938 1966 54
1960 2006 284
1976 2023 75
1998 2044 271
2023 2068 270
2051 2077 196
2065 2078 72
2094 2125 11
2124 2147 274
2130 2139 212
2146 2151 171
2155 2165 294
2180 2194 155
2182 2228 251
2196 2242 4
2197 2206 9
2221 2255 162
2230 2242 13
2258 2290 177
2274 2317 192
2289 2300 49
2307 2324 222
2311 2317 51
2320 2358 1
2326 2350 231
2338 2367 238
2352 2376 292
2364 2383 54
2383 2427 19
2398 2436 298
2412 2437 178
2441 2444 134
2447 2448 149
2469 2509 99
2478 2527 33
2499 2519 154
2510 2532 145
2530 2578 85
2546 2574 47
2574 2620 122
2597 2635 100
2600 2632 294
2605 2615 265
2635 2655 53
2641 2680 134
2667 2668 7
2690 2722 187
2717 2737 212
2717 2719 229
2745 2752 203
2767 2800 43
2767 2808 68
2789 2790 93
2797 2840 298
2805 2838 172
2829 2837 198
2847 2883 192
2863 2900 102
2876 2878 180
2891 2914 196
2905 2923 239
2919 2967 215
2943 2944 247
2945 2946 156
2951 2970 71
2963 2985 227
2974 2989 187
2992 3012 137
2996 3022 172
3008 3052 162
3011 3059 116
3025 3054 264
3042 3064 257
3068 3104 23
3070 3096 289
3087 3134 66
3106 3107 18
3111 3131 44
3121 3164 55
3146 3189 298
3171 3218 94
3181 3205 166
3197 3244 189
3205 3232 283
3212 3221 93
3240 3241 75
3257 3285 159
3262 3263 291
3281 3311 202
3283 3308 154
3286 3330 274
3286 3312 67
3308 3334 175
3313 3329 91
3335 3375 187
3343 3370 25
3370 3386 264
3371 3412 41
3400 3408 198
3403 3449 156
3415 3433 54
3430 3459 214
3432 3462 268
3458 3478 9
3473 3517 139
3500 3532 182
3511 3557 132
3537 3542 297
3560 3575 7
3565 3595 136
3582 3622 17
3588 3595 234
3616 3655 157
3642 3675 55
3672 3714 218
3682 3702 129
3694 3719 105
3710 3758 212
3714 3739 151
3718 3743 12
3738 3746 50
3758 3760 14
3771 3776 189
3795 3844 283
3820 3825 270
3841 3876 274
3865 3890 295
3878 3906 26
3897 3911 233
3897 3928 20
3914 3950 249
3938 3971 80
3949 3999 66
3955 3964 198
3977 3982 153
3985 4001 111
4002 4012 147
4008 4026 53
4012 4037 98
4021 4045 108
4037 4057 147
4040 4059 136
4047 4094 134
4072 4078 248
4094 4116 261
4110 4159 272
4116 4124 299
4133 4174 202
4154 4166 69
4174 4224 276
4195 4241 232
4202 4231 73
4219 4239 25
4247 4281 157
4269 4288 95
4292 4337 194
4310 4342 61
4322 4348 177
4341 4374 29
4362 4378 39
4378 4405 297
4405 4452 228
4434 4449 141
4443 4488 56
4463 4482 280
4483 4496 267
