300
10 30 295
33 66 275
57 63 5
81 96 161
82 122 45
105 130 1
120 122 257
121 156 60
147 188 60
174 219 91
201 222 153
229 235 134
258 267 234
288 300 11
297 327 266
302 324 133
306 343 86
313 319 231
328 368 176
357 394 186
364 365 59
375 396 44
375 398 127
388 430 298
402 403 278
412 432 90
427 433 161
436 444 79
461 497 23
462 491 42
462 502 18
487 492 15
507 534 142
509 554 298
528 542 271
536 582 153
557 590 172
579 601 150
603 625 74
621 654 152
625 659 275
649 668 157
673 674 238
686 725 29
701 706 172
725 728 207
736 750 81
748 754 152
755 763 99
765 791 249
783 831 37
791 840 209
801 829 103
817 822 264
827 858 246
831 873 4
840 888 27
845 879 23
865 871 248
874 914 104
875 898 103
896 907 96
908 932 139
922 967 159
943 966 107
957 1007 242
970 1018 2
995 1005 244
1025 1067 71
1054 1085 105
1071 1089 34
1091 1116 71
1120 1121 290
1120 1159 287
1133 1142 39
1153 1187 288
1160 1193 229
1175 1192 236
1184 1225 253
1199 1212 139
1229 1273 150
1236 1276 116
1260 1288 76
1262 1310 225
1274 1303 198
1285 1327 282
1288 1313 195
1288 1296 3
1288 1324 226
1297 1322 11
1322 1329 204
1333 1359 136
1362 1395 277
1376 1384 221
1390 1411 182
1401 1410 11
1421 1457 28
1444 1475 297
1468 1511 273
1497 1513 297
1505 1539 148
1525 1538 99
1530 1580 81
1558 1600 203
1588 1630 161
1604 1651 2
1633 1635 186
1645 1661 154
1664 1677 156
1676 1685 294
1683 1716 95
1701 1735 132
1722 1730 283
1725 1751 137
1744 1783 253
1758 1806 130
1772 1781 35
1790 1826 42
1807 1854 45
1825 1841 173
1839 1860 269
1858 1876 182
1877 1882 159
1886 1894 213
1896 1917 104
1924 1959 40
1943 1968 227
1971 1976 121
1983 2023 259
2013 2062 199
2023 2055 221
2024 2074 11
2051 2072 134
2080 2082 235
2087 2106 262
2116 2134 40
2124 2134 142
2153 2168 139
2175 2209 256
2199 2210 42
2220 2221 295
2243 2279 107
2250 2294 161
2266 2312 186
2270 2291 94
2299 2311 36
2316 2337 100
2332 2333 132
2344 2353 1
2366 2375 167
2377 2422 13
2405 2443 208
2416 2452 59
2428 2436 293
2448 2457 1
2473 2510 177
2490 2512 249
2490 2509 100
2498 2520 80
2523 2527 109
2530 2565 286
2555 2604 287
2582 2583 95
2599 2620 182
2617 2623 216
2620 2651 17
2622 2630 108
2641 2664 24
2651 2685 275
2679 2720 30
2696 2740 235
2708 2755 37
2729 2754 217
2748 2797 144
2775 2821 61
2777 2778 92
2806 2831 286
2810 2829 296
2837 2845 101
2847 2872 202
2847 2863 258
2850 2856 175
2867 2869 150
2867 2890 91
2890 2894 3
2894 2920 12
2920 2924 57
2926 2964 154
2946 2964 207
2966 3001 91
2973 2990 30
2992 3015 207
3009 3013 165
3022 3064 55
3041 3063 204
3055 3096 1
3062 3084 151
3062 3067 146
3092 3118 182
3109 3140 176
3133 3169 253
3136 3185 92
3146 3189 299
3167 3212 151
3191 3235 60
3193 3206 159
3204 3235 146
3211 3222 31
3229 3266 1
3241 3248 148
3260 3298 122
3269 3280 199
3293 3343 209
3318 3351 198
3322 3347 245
3351 3356 179
3381 3401 122
3411 3417 214
3428 3468 12
3444 3487 122
3467 3468 236
3476 3516 206
3489 3523 138
3513 3542 185
3539 3561 172
3542 3567 297
3550 3597 260
3560 3603 261
3585 3606 290
3603 3624 115
3624 3662 30
3652 3662 94
3652 3687 256
3658 3673 22
3674 3715 24
3693 3728 15
3707 3744 227
3715 3750 60
3744 3791 277
3756 3769 12
3763 3793 39
3791 3809 2
3810 3841 108
3826 3858 175
3828 3877 36
3854 3876 162
3857 3893 251
3885 3895 280
3914 3928 275
3914 3954 250
3933 3959 195
3955 3969 265
3957 3980 220
3985 4015 1
3998 4040 151
4007 4051 95
4011 4030 55
4021 4046 65
4031 4062 250
4032 4036 32
4037 4074 46
4040 4041 38
4047 4088 181
4055 4071 256
4056 4102 273
4079 4122 101
4085 4092 223
4095 4128 192
4125 4149 28
4142 4144 100
4163 4170 280
4165 4188 43
4179 4184 237
4198 4217 266
4201 4229 67
4212 4228 117
4240 4262 7
4256 4281 175
4260 4283 294
4284 4328 134
4300 4343 145
4311 4338 143
4311 4317 74
4312 4313 282
4338 4340 232
4364 4378 249
4374 4398 38
4381 4407 73
4388 4437 201
4391 4421 104
4417 4466 251
4442 4458 243
4459 4499 184
4479 4507 206
4505 4543 73
4535 4551 146
4549 4587 103
4565 4593 95
4591 4611 178
4601 4642 63
