300
23 40 162
29 40 90
48 89 107
69 94 270
88 122 66
114 146 20
137 142 153
161 201 64
180 207 96
188 201 102
216 251 189
240 281 55
242 248 188
271 290 174
272 275 282
283 296 177
305 353 37
314 354 163
334 341 70
341 383 134
363 408 45
374 391 216
386 405 59
411 442 131
441 483 281
445 458 268
462 473 102
468 482 143
489 524 164
518 563 99
536 566 216
548 595 276
571 604 183
580 596 207
609 642 102
630 633 8
659 687 80
685 698 146
708 729 87
738 783 44
767 769 7
793 825 279
802 819 284
818 850 239
839 869 245
850 865 157
878 919 183
907 934 99
913 953 26
941 970 236
958 1002 71
966 1010 279
987 997 289
1014 1061 141
1036 1084 87
1038 1075 176
1066 1100 23
1071 1085 34
1088 1097 280
1105 1147 241
1119 1122 18
1141 1185 249
1148 1193 179
1169 1186 228
1170 1189 199
1177 1190 240
1198 1233 21
1221 1251 157
1241 1273 170
1258 1261 138
1260 1267 189
1285 1299 149
1293 1304 16
1305 1348 192
1325 1348 49
1353 1374 157
1362 1368 86
1381 1398 128
1392 1397 88
1409 1443 219
1428 1437 223
1443 1466 54
1450 1499 175
1451 1473 251
1456 1475 264
1478 1483 157
1487 1498 161
1508 1519 42
1519 1556 278
1522 1543 194
1538 1544 250
1557 1571 130
1561 1569 136
1567 1584 197
1584 1631 238
1602 1617 220
1627 1646 278
1649 1650 109
1677 1719 203
1683 1712 139
1704 1710 10
1720 1763 296
1726 1741 238
1731 1759 66
1742 1764 279
1769 1786 91
1785 1825 218
1797 1824 291
1800 1821 57
1803 1819 6
1822 1850 140
1832 1851 48
1838 1847 168
1855 1870 259
1883 1908 114
1886 1888 39
1908 1947 253
1930 1945 11
1945 1974 233
1971 1998 106
1997 2000 120
2006 2034 161
2018 2056 171
2019 2046 221
2040 2062 84
2068 2098 43
2091 2126 76
2119 2164 171
2145 2168 190
2147 2178 85
2152 2187 214
2152 2194 268
2159 2173 220
2170 2182 161
2178 2199 105
2192 2237 198
2195 2240 144
2216 2218 47
2239 2260 228
2246 2274 226
2248 2288 101
2262 2271 67
2265 2291 296
2294 2317 291
2297 2330 87
2316 2331 279
2328 2376 249
2339 2348 170
2367 2397 263
2394 2443 7
2397 2416 156
2404 2436 278
2431 2473 8
2446 2470 33
2450 2464 175
2459 2495 248
2481 2504 251
2500 2536 227
2522 2560 151
2532 2579 236
2560 2608 204
2564 2609 163
2572 2581 76
2576 2609 298
2595 2602 56
2624 2661 133
2626 2651 104
2628 2661 256
2645 2692 256
2648 2674 177
2670 2719 267
2675 2696 59
2705 2732 141
2708 2733 188
2728 2739 143
2754 2800 71
2778 2789 278
2793 2796 61
2815 2828 203
2835 2856 99
2835 2881 263
2851 2862 70
2852 2902 254
2867 2909 193
2870 2878 113
2892 2922 163
2918 2927 116
2929 2943 64
2940 2960 58
2954 2980 249
2975 2991 67
2975 2987 188
2989 2993 49
3018 3060 165
3030 3078 277
3058 3081 186
3067 3117 200
3068 3106 87
3073 3114 282
3091 3134 14
3095 3140 147
3123 3161 93
3151 3191 275
3156 3199 69
3174 3197 78
3199 3242 66
3210 3223 56
3238 3249 11
3239 3241 268
3241 3254 82
3255 3279 83
3279 3325 229
3302 3315 139
3326 3330 143
3354 3403 181
3382 3420 9
3392 3404 212
3412 3449 62
3436 3460 248
3444 3486 277
3445 3482 266
3459 3497 62
3467 3513 50
3467 3517 144
3468 3492 278
3468 3506 119
3475 3484 204
3504 3543 252
3511 3550 244
3535 3565 251
3541 3577 197
3570 3578 33
3586 3596 108
3597 3633 273
3603 3617 134
3621 3643 101
3645 3678 278
3651 3679 293
3662 3677 13
3669 3690 94
3690 3708 179
3719 3756 188
3720 3743 101
3723 3745 175
3727 3746 182
3751 3767 123
3779 3800 207
3798 3831 171
3825 3874 52
3830 3853 297
3849 3893 149
3879 3903 267
3891 3893 30
3904 3930 105
3916 3946 113
3940 3978 251
3949 3993 299
3970 3995 48
3971 3972 71
3979 4005 124
4008 4028 55
4036 4043 26
4061 4075 272
4064 4076 239
4089 4122 202
4110 4121 149
4121 4131 295
4148 4191 87
4151 4158 178
4151 4190 105
4164 4192 216
4193 4206 67
4221 4258 20
4233 4269 198
4263 4277 299
4274 4304 117
4275 4308 27
4284 4295 276
4305 4340 184
4322 4349 70
4349 4394 144
4375 4376 160
4402 4417 141
4421 4453 110
4435 4453 75
4455 4470 5
4457 4503 136
4475 4521 27
4503 4517 61
4519 4536 292
4533 4543 139
4534 4546 122
4557 4578 38
4580 4623 85
4610 4656 27
4614 4643 26
4640 4682 180
4663 4673 137
4665 4686 126
4673 4710 194
