300
25 50 213
33 45 192
46 91 297
76 104 34
78 80 239
91 129 109
94 132 161
108 116 193
119 167 282
134 145 174
153 189 203
173 201 36
191 222 59
202 219 298
204 225 284
233 256 117
261 307 198
280 286 191
297 338 36
326 363 199
344 365 102
370 376 187
370 396 176
390 435 107
400 448 85
429 436 225
436 482 250
445 457 98
463 470 238
472 497 86
487 518 55
490 538 86
499 540 86
518 553 250
541 571 297
569 611 135
583 616 192
612 645 21
615 657 269
620 642 151
627 651 18
649 662 110
653 676 16
664 710 128
679 687 131
685 691 126
692 727 204
715 722 66
744 791 97
757 777 109
763 777 87
781 818 249
811 835 115
836 864 158
843 847 91
867 893 52
896 918 252
912 949 285
930 975 159
948 976 194
969 1000 219
988 1031 271
1017 1054 291
1037 1086 132
1038 1046 101
1056 1057 117
1082 1084 162
1083 1113 129
1101 1126 174
1106 1108 293
1135 1138 136
1163 1192 280
1186 1190 1
1198 1200 149
1199 1213 171
1226 1269 71
1249 1285 240
1263 1270 262
1287 1322 280
1311 1322 43
1333 1375 38
1344 1367 183
1348 1364 16
1355 1373 126
1382 1397 274
1407 1449 30
1411 1449 22
1421 1438 251
1436 1461 267
1443 1463 272
1451 1485 56
1453 1473 197
1471 1489 191
1474 1489 69
1497 1529 48
1527 1537 5
1552 1599 244
1559 1589 75
1583 1596 112
1605 1622 3
1605 1625 148
1617 1623 284
1627 1664 126
1655 1682 77
1680 1703 199
1680 1721 289
1694 1740 177
1694 1712 227
1710 1731 137
1719 1737 133
1733 1774 20
1755 1763 120
1772 1791 234
1799 1810 4
1799 1843 288
1818 1832 267
1825 1844 62
1846 1864 117
1873 1906 5
1884 1924 201
1903 1908 107
1908 1930 215
1935 1976 262
1941 1970 126
1969 1997 181
1971 2019 57
1995 2020 12
2017 2023 29
2042 2092 147
2072 2107 279
2082 2094 99
2106 2139 99
2110 2152 142
2128 2150 139
2146 2165 266
2171 2199 61
2173 2204 275
2180 2225 182
2193 2217 226
2217 2225 67
2226 2233 293
2240 2258 76
2263 2297 267
2279 2324 143
2289 2307 83
2308 2349 48
2317 2357 137
2340 2368 34
2351 2361 279
2372 2397 6
2384 2411 6
2397 2408 93
2422 2449 69
2443 2489 120
2461 2487 141
2465 2466 110
2484 2532 179
2495 2507 245
2514 2550 96
2533 2536 258
2554 2560 10
2573 2578 161
2580 2620 286
2582 2608 274
2595 2636 23
2620 2647 69
2639 2662 103
2647 2654 186
2648 2675 67
2664 2713 293
2673 2707 27
2680 2708 284
2683 2700 159
2690 2696 189
2698 2731 147
2704 2724 110
2705 2725 231
2717 2738 21
2723 2758 290
2727 2760 60
2749 2757 255
2751 2787 79
2777 2815 276
2781 2805 135
2799 2847 52
2809 2843 91
2835 2874 53
2851 2884 269
2854 2870 173
2884 2906 281
2912 2926 224
2915 2928 282
2933 2966 134
2939 2973 62
2949 2953 15
2975 2978 60
2983 3030 283
2998 3043 218
3023 3067 204
3024 3046 249
3048 3065 87
3073 3088 133
3085 3109 62
3104 3135 274
3133 3180 158
3161 3178 40
3176 3207 64
3201 3228 14
3219 3220 120
3238 3286 251
3243 3270 17
3247 3292 258
3259 3280 271
3269 3307 146
3279 3313 102
3306 3322 109
3312 3360 285
3327 3372 113
3355 3358 225
3385 3431 18
3392 3439 70
3404 3427 260
3405 3426 116
3432 3463 47
3455 3467 205
3456 3463 174
3462 3487 70
3467 3494 155
3473 3519 218
3487 3503 128
3509 3539 245
3539 3557 174
3547 3574 54
3549 3563 242
3549 3581 141
3556 3559 69
3575 3599 194
3579 3592 111
3588 3613 103
3610 3657 183
3640 3646 256
3641 3675 119
3646 3649 32
3648 3653 146
3650 3695 239
3657 3707 142
3670 3720 77
3678 3679 16
3690 3706 50
3705 3728 205
3734 3765 10
3757 3769 102
3762 3778 70
3768 3775 279
3782 3792 293
3791 3808 207
3817 3845 41
3831 3842 16
3846 3895 9
3870 3893 86
3876 3900 32
3880 3883 248
3903 3951 22
3917 3929 138
3935 3977 239
3950 3975 16
3977 4014 267
3990 4013 238
3997 4018 20
4016 4019 214
4039 4046 157
4065 4084 144
4071 4110 243
4076 4102 239
4098 4135 13
4121 4167 47
4124 4142 103
4136 4172 180
4145 4183 89
4149 4191 280
4171 4206 165
4190 4204 97
4197 4203 72
4216 4261 196
4218 4229 143
4239 4257 89
4253 4269 245
4266 4296 113
4268 4282 119
4297 4337 111
4326 4343 243
4340 4365 278
4366 4371 127
4378 4412 221
4404 4416 212
4432 4456 239
4450 4493 149
4477 4491 240
4504 4530 70
4532 4553 123
