300
23 25 21
48 53 289
74 79 73
75 110 277
87 103 210
92 125 97
93 135 9
116 154 152
142 173 11
165 214 289
190 234 119
192 221 8
206 235 189
231 265 250
256 291 21
272 286 128
283 293 289
305 349 50
307 310 55
310 315 243
314 321 74
320 366 299
333 347 264
363 401 63
392 397 208
395 399 193
419 441 168
420 433 207
436 472 233
445 448 64
468 518 42
476 493 155
481 483 162
499 547 102
511 538 88
519 563 207
519 559 229
547 550 56
558 586 188
586 594 45
596 616 118
618 632 164
639 653 135
661 676 154
678 691 208
691 737 68
716 727 99
735 752 117
742 760 35
764 813 161
775 820 113
777 786 54
797 816 22
823 844 43
842 845 217
869 897 115
876 922 231
878 898 3
881 912 110
895 943 42
899 942 294
927 965 292
931 978 38
941 954 184
953 1000 73
979 985 27
1004 1044 47
1014 1045 15
1042 1051 241
1052 1100 58
1078 1085 265
1093 1134 109
1117 1144 282
1145 1151 150
1162 1176 213
1186 1187 95
1197 1204 275
1214 1226 98
1235 1281 7
1262 1284 257
1278 1279 199
1296 1346 155
1311 1318 242
1321 1355 53
1347 1383 109
1355 1380 58
1379 1425 131
1402 1451 282
1411 1422 23
1420 1467 115
1429 1466 291
1445 1459 176
1471 1473 202
1484 1516 40
1504 1547 52
1524 1566 30
1539 1563 260
1562 1572 20
1585 1622 69
1591 1607 241
1597 1634 232
1600 1612 253
1609 1637 193
1614 1641 12
1631 1632 223
1649 1663 288
1670 1688 206
1684 1708 188
1687 1737 192
1688 1724 150
1717 1752 99
1730 1761 11
1736 1744 181
1736 1785 198
1741 1762 58
1760 1793 263
1762 1795 291
1789 1836 2
1800 1807 158
1828 1868 257
1835 1856 2
1835 1859 267
1841 1860 91
1863 1885 169
1870 1885 184
1886 1922 192
1902 1942 65
1917 1934 158
1941 1990 165
1944 1990 166
1944 1951 204
1957 1993 288
1958 2005 210
1972 1983 263
1989 1992 284
2014 2056 9
2015 2047 104
2028 2070 12
2043 2082 134
2069 2088 127
2070 2110 169
2087 2137 207
2107 2146 60
2121 2138 275
2134 2152 117
2138 2168 225
2161 2169 234
2169 2216 117
2187 2205 155
2191 2228 123
2206 2219 7
2234 2271 100
2258 2305 241
2282 2299 233
2284 2298 248
2295 2327 154
2324 2349 5
2329 2351 265
2346 2368 201
2358 2385 136
2373 2410 11
2377 2398 54
2402 2417 173
2402 2409 11
2411 2420 58
2435 2441 119
2446 2495 288
2472 2478 29
2502 2518 91
2518 2540 93
2538 2570 126
2554 2558 271
2579 2603 217
2583 2590 141
2589 2602 256
2610 2637 251
2627 2639 179
2636 2660 104
2661 2669 268
2672 2701 258
2700 2740 194
2723 2733 76
2746 2763 164
2767 2813 130
2782 2829 56
2788 2789 256
2814 2856 26
2823 2873 104
2853 2879 204
2872 2897 50
2883 2925 63
2892 2926 25
2909 2911 163
2926 2975 232
2956 2979 93
2974 2999 48
2993 3037 125
3003 3024 22
3020 3024 55
3028 3029 14
3037 3076 211
3058 3093 93
3086 3134 29
3092 3099 162
3095 3098 38
3106 3143 150
3127 3147 64
3151 3159 231
3180 3196 80
3206 3237 172
3225 3241 35
3226 3244 278
3252 3273 234
3256 3264 273
3279 3287 153
3281 3314 30
3294 3326 95
3317 3352 92
3345 3371 143
3350 3376 156
3360 3368 126
3388 3402 246
3388 3411 163
3396 3410 46
3424 3466 98
3434 3477 216
3459 3466 83
3467 3482 212
3471 3481 169
3472 3478 242
3499 3510 173
3514 3560 174
3539 3551 273
3552 3583 155
3552 3599 58
3569 3601 63
3596 3612 19
3599 3634 75
3601 3624 272
3629 3673 100
3645 3674 286
3662 3702 151
3681 3725 233
3691 3720 209
3711 3726 300
3741 3755 204
3769 3797 295
3778 3814 57
3808 3812 104
3831 3840 231
3843 3852 76
3864 3891 79
3894 3944 111
3902 3922 198
3925 3974 97
3936 3981 57
3941 3955 221
3955 3989 275
3972 3979 157
3995 4041 24
4021 4032 292
4021 4062 176
4045 4085 98
4062 4068 235
4072 4122 96
4075 4092 208
4096 4136 96
4122 4130 268
4132 4150 225
4154 4188 89
4181 4187 230
4198 4239 93
4225 4257 67
4250 4272 136
4255 4260 138
4256 4273 270
4256 4281 128
4285 4286 8
4306 4322 248
4312 4324 153
4332 4361 95
4347 4366 10
4359 4405 67
4368 4369 199
4369 4405 213
4379 4408 215
4407 4409 96
4428 4432 43
4448 4486 127
4478 4505 160
4484 4497 4
4507 4540 29
4520 4546 226
4523 4570 46
4523 4542 225
4551 4556 288
4576 4588 289
4599 4644 258
4615 4660 142
4617 4655 2
