300
19 43 72
48 88 40
52 88 18
75 112 57
85 112 106
89 113 236
99 111 10
124 133 47
150 193 250
162 180 245
184 208 25
187 215 196
196 203 263
201 231 76
202 212 285
228 247 83
240 255 126
269 307 159
276 298 53
286 306 111
309 315 79
338 367 53
363 368 16
368 418 128
393 422 211
401 429 213
404 406 139
422 433 68
425 440 280
427 437 291
456 488 112
462 486 61
465 500 162
490 510 91
497 521 92
498 513 211
526 538 292
550 572 149
561 597 120
574 590 164
603 616 298
612 623 239
624 668 144
628 629 201
650 676 202
666 697 294
674 686 256
701 715 271
731 737 37
749 781 165
774 813 45
786 812 256
810 860 29
812 842 165
817 855 63
836 862 144
864 866 96
864 900 27
867 886 198
894 911 32
898 908 269
927 974 221
954 990 136
969 984 107
973 996 91
979 983 148
1007 1031 291
1016 1058 149
1018 1041 200
1038 1059 86
1066 1109 285
1091 1103 54
1102 1147 243
1114 1115 45
1114 1115 289
1138 1175 176
1154 1179 245
1170 1188 142
1197 1198 297
1209 1257 118
1225 1263 102
1230 1268 160
1250 1255 122
1259 1279 147
1260 1293 123
1277 1283 208
1301 1316 209
1323 1331 238
1326 1342 122
1345 1389 143
1374 1390 271
1397 1411 152
1413 1416 14
1436 1479 104
1445 1479 106
1474 1506 256
1479 1504 244
1498 1527 77
1503 1504 135
1523 1534 130
1527 1552 13
1541 1591 296
1559 1582 294
1578 1599 298
1590 1593 213
1598 1618 30
1617 1654 5
1633 1649 86
1660 1697 126
1670 1720 39
1696 1729 160
1711 1759 40
1733 1776 137
1736 1743 290
1758 1804 55
1759 1768 287
1784 1786 54
1802 1827 247
1802 1816 25
1808 1849 100
1829 1833 83
1852 1871 65
1862 1894 230
1873 1909 129
1885 1900 49
1895 1910 285
1913 1953 5
1930 1949 1
1955 1961 97
1978 1993 239
1984 2022 260
1989 2020 226
2009 2035 272
2036 2066 142
2061 2102 270
2083 2101 241
2102 2110 144
2110 2116 134
2139 2141 80
2149 2189 32
2170 2196 163
2187 2210 95
2208 2216 182
2231 2274 220
2258 2273 67
2276 2283 14
2305 2330 281
2325 2374 180
2341 2343 190
2367 2383 5
2393 2422 49
2421 2470 58
2445 2465 245
2475 2522 136
2480 2502 277
2501 2539 283
2502 2539 207
2520 2542 50
2528 2553 293
2552 2602 154
2565 2611 155
2593 2602 249
2620 2669 212
2644 2663 196
2660 2708 61
2684 2722 294
2701 2732 189
2707 2718 249
2730 2739 53
2748 2786 232
2762 2772 258
2776 2777 152
2782 2787 55
2792 2818 289
2802 2846 66
2817 2859 280
2836 2870 205
2858 2874 60
2865 2888 76
2888 2890 165
2913 2939 139
2925 2930 15
2947 2994 98
2956 2969 176
2966 2987 238
2992 3022 192
3012 3030 173
3036 3055 291
3057 3106 247
3076 3087 71
3098 3132 120
3098 3103 106
3108 3119 69
3125 3156 300
3141 3150 146
3151 3197 225
3169 3198 121
3171 3197 47
3186 3189 8
3204 3218 47
3215 3263 24
3241 3264 235
3242 3289 89
3270 3286 247
3285 3333 263
3299 3307 53
3319 3357 3
3340 3388 262
3357 3373 178
3375 3392 248
3379 3410 26
3395 3413 190
3412 3452 34
3422 3472 131
3441 3475 61
3462 3492 124
3488 3493 191
3494 3505 255
3503 3508 84
3521 3559 108
3530 3567 215
3543 3557 66
3558 3576 98
3568 3595 297
3576 3585 76
3590 3636 184
3612 3653 199
3617 3621 121
3647 3677 90
3656 3662 23
3668 3689 122
3683 3692 208
3693 3734 289
3709 3722 217
3712 3759 245
3729 3769 6
3737 3766 99
3762 3780 195
3788 3818 194
3804 3852 167
3822 3839 13
3848 3856 215
3857 3864 126
3881 3898 5
3888 3900 244
3911 3921 52
3924 3970 259
3931 3963 156
3934 3945 148
3952 3956 97
3968 3993 274
3970 4003 254
3984 3993 65
4003 4035 13
4016 4048 148
4028 4045 253
4041 4066 131
4046 4065 140
4062 4075 253
4068 4100 287
4071 4072 238
4088 4118 266
4109 4112 279
4136 4180 104
4151 4201 74
4151 4176 33
4171 4186 121
4181 4226 178
4202 4230 103
4205 4233 182
4210 4231 83
4215 4216 264
4230 4252 215
4231 4235 144
4235 4248 226
4264 4278 98
4273 4293 99
4277 4286 58
4297 4321 287
4298 4326 4
4318 4326 275
4340 4388 176
4345 4355 237
4367 4414 60
4383 4426 245
4413 4457 290
4418 4434 183
4421 4426 294
4437 4463 244
4466 4486 272
4484 4534 237
4485 4528 20
4510 4511 37
4522 4532 114
4538 4571 184
4539 4540 205
4550 4591 117
4577 4614 183
4596 4611 50
4600 4648 76
