300
5 42 190
25 42 57
32 65 284
45 76 18
70 101 204
74 115 29
104 141 158
106 113 155
124 150 169
138 139 282
157 160 26
163 172 75
178 225 210
197 233 15
226 242 223
249 285 75
256 303 119
258 260 80
266 283 26
280 329 66
300 302 282
307 328 96
317 352 78
332 376 231
347 354 205
366 379 159
386 395 72
399 421 198
411 454 97
432 466 160
434 449 41
435 459 33
456 473 203
469 491 13
486 507 174
498 532 44
503 546 43
533 564 192
550 565 34
575 619 31
593 617 119
595 641 218
600 636 35
604 637 62
624 639 73
638 642 220
668 680 67
686 721 25
702 746 73
709 720 246
728 749 96
741 790 115
765 798 211
775 812 174
781 824 106
790 813 144
792 842 214
797 807 256
822 866 89
829 867 298
830 852 182
843 855 154
858 859 38
871 909 167
872 902 252
890 922 55
907 957 192
915 924 65
938 959 19
949 971 3
968 972 94
973 1019 234
984 1001 124
985 988 275
994 1001 170
1019 1032 169
1045 1084 229
1054 1062 233
1063 1086 15
1077 1107 34
1100 1101 29
1125 1142 250
1125 1141 166
1136 1165 7
1136 1148 75
1139 1188 24
1164 1183 66
1183 1185 154
1206 1220 70
1214 1253 267
1232 1265 46
1240 1265 269
1257 1291 139
1266 1309 37
1285 1295 89
1304 1354 49
1313 1342 46
1330 1358 182
1357 1382 137
1361 1394 116
1367 1399 213
1389 1434 68
1401 1423 28
1410 1413 27
1438 1476 289
1444 1460 170
1446 1487 265
1468 1502 291
1478 1510 223
1494 1536 65
1509 1530 184
1513 1549 186
1514 1544 154
1538 1547 254
1550 1553 96
1569 1585 276
1573 1618 297
1596 1597 146
1620 1630 108
1631 1650 280
1656 1667 126
1669 1698 151
1681 1693 87
1683 1733 156
1703 1705 45
1732 1756 300
1734 1746 283
1740 1753 174
1762 1809 184
1785 1827 278
1811 1840 107
1822 1845 107
1844 1845 9
1865 1888 294
1869 1900 279
1877 1925 266
1902 1929 59
1912 1940 86
1936 1939 71
1949 1956 178
1957 1979 245
1966 1991 299
1970 1973 274
1983 1998 236
1987 2036 146
1997 2021 232
2004 2027 87
2014 2044 272
2014 2024 226
2044 2077 196
2064 2073 288
2064 2077 186
2085 2092 159
2111 2113 277
2138 2159 194
2151 2188 234
2159 2162 223
2187 2195 283
2216 2240 140
2217 2230 293
2224 2233 34
2231 2250 90
2256 2281 93
2266 2315 253
2285 2294 292
2291 2300 191
2302 2335 171
2304 2335 70
2315 2360 49
2331 2347 294
2359 2387 97
2386 2392 223
2411 2425 247
2422 2450 203
2439 2486 81
2442 2473 88
2456 2500 147
2458 2490 211
2474 2520 37
2482 2526 100
2502 2511 39
2519 2554 242
2540 2544 61
2544 2547 31
2565 2598 276
2573 2601 8
2582 2632 249
2588 2625 255
2603 2649 115
2609 2620 135
2612 2613 167
2629 2633 288
2629 2639 159
2639 2649 195
2655 2696 169
2660 2704 156
2687 2716 172
2694 2734 164
2720 2734 50
2737 2786 175
2747 2750 234
2777 2787 31
2789 2839 279
2793 2843 80
2811 2820 139
2820 2855 270
2820 2861 130
2831 2875 136
2856 2883 112
2878 2921 152
2903 2918 118
2916 2943 254
2933 2966 200
2940 2944 169
2964 2983 46
2989 3008 133
3010 3017 147
3031 3036 296
3052 3096 154
3080 3086 19
3101 3115 155
3120 3153 70
3127 3142 43
3140 3184 11
3147 3174 2
3167 3199 48
3184 3192 283
3193 3204 219
3201 3205 34
3204 3229 78
3210 3258 234
3229 3234 234
3253 3288 157
3266 3310 172
3280 3312 287
3288 3298 47
3312 3335 184
3330 3346 182
3351 3365 274
3366 3410 207
3374 3418 77
3382 3414 185
3394 3407 236
3394 3403 47
3413 3463 245
3416 3466 94
3429 3431 210
3456 3468 62
3480 3509 81
3503 3542 95
3522 3525 214
3535 3539 88
3539 3576 86
3564 3614 213
3591 3638 219
3621 3661 106
3629 3662 54
3644 3682 184
3668 3673 170
3688 3717 64
3694 3740 135
3714 3720 134
3741 3773 212
3770 3801 298
3774 3800 185
3790 3833 137
3800 3824 173
3817 3852 204
3820 3861 96
3820 3841 227
3834 3842 175
3846 3880 265
3855 3874 35
3879 3889 71
3898 3937 37
3902 3952 70
3927 3963 284
3937 3944 86
3965 4002 126
3974 3978 43
4001 4004 194
4018 4028 116
4032 4044 101
4059 4099 256
4079 4105 51
4099 4132 92
4129 4152 2
4151 4158 251
4176 4204 18
4202 4227 219
4216 4265 225
4242 4290 183
4246 4251 293
4271 4274 196
4300 4340 52
4309 4325 55
4318 4339 276
4336 4355 139
4352 4385 142
4361 4388 48
