300
17 49 235
25 27 260
35 36 138
35 75 26
54 89 123
55 93 22
79 86 47
92 138 229
116 158 112
135 185 152
163 199 97
175 185 255
200 202 98
224 260 118
254 288 65
271 312 267
293 308 4
321 369 186
328 356 92
339 348 117
366 390 230
379 408 86
385 419 30
413 419 156
437 459 270
454 493 150
471 474 57
496 533 67
506 556 182
509 559 260
511 560 203
517 564 120
520 538 14
522 558 32
531 534 131
547 588 182
553 555 165
559 606 105
584 615 256
597 641 57
626 630 202
636 665 271
647 668 24
669 707 1
674 676 292
682 720 289
689 729 52
714 744 44
735 756 179
746 783 75
747 780 38
761 781 15
765 795 14
776 806 131
785 811 218
799 812 161
800 802 143
812 828 152
818 827 74
830 858 200
845 869 219
852 880 30
853 886 127
864 904 271
864 908 94
887 918 254
916 923 138
937 947 6
945 957 155
955 961 3
979 983 175
994 1044 261
1008 1027 261
1008 1042 172
1014 1020 290
1028 1070 74
1032 1079 266
1032 1071 298
1034 1068 112
1053 1070 192
1062 1076 184
1075 1113 211
1090 1140 18
1106 1147 121
1126 1138 14
1156 1181 216
1162 1191 116
1191 1225 82
1216 1265 291
1230 1249 272
1237 1272 53
1264 1304 17
1274 1302 269
1276 1307 37
1279 1324 74
1293 1329 259
1302 1320 100
1330 1333 31
1353 1401 193
1381 1423 118
1408 1438 192
1413 1438 49
1417 1466 173
1430 1442 122
1433 1459 53
1461 1489 38
1477 1495 212
1494 1496 150
1510 1538 260
1515 1551 124
1518 1535 139
1521 1565 107
1522 1560 109
1545 1581 157
1562 1612 106
1572 1575 216
1585 1626 177
1594 1635 252
1611 1631 154
1613 1653 222
1624 1640 225
1636 1684 39
1648 1676 200
1665 1702 99
1693 1698 34
1706 1716 238
1720 1760 75
1721 1767 251
1735 1758 129
1735 1738 18
1761 1800 211
1782 1786 23
1797 1820 245
1813 1844 68
1829 1839 93
1856 1895 206
1859 1906 260
1881 1925 94
1895 1928 230
1896 1912 59
1915 1934 180
1915 1926 202
1921 1963 272
1936 1941 167
1955 1989 221
1971 1998 295
1989 2009 240
2016 2022 13
2042 2085 34
2045 2064 150
2060 2069 102
2089 2138 238
2111 2151 214
2116 2121 162
2118 2154 237
2133 2138 221
2144 2163 153
2168 2185 226
2171 2196 90
2184 2195 7
2203 2234 265
2232 2252 98
2238 2266 113
2262 2264 276
2285 2291 260
2291 2330 203
2317 2340 234
2332 2356 55
2332 2369 281
2360 2380 201
2388 2402 236
2396 2416 298
2400 2419 57
2405 2422 201
2425 2433 66
2435 2439 199
2441 2488 218
2452 2454 92
2475 2499 283
2479 2501 80
2497 2534 188
2498 2503 109
2501 2537 199
2503 2541 267
2531 2581 242
2538 2578 267
2543 2571 288
2565 2569 185
2595 2626 136
2608 2650 280
2616 2621 174
2628 2630 273
2643 2691 297
2665 2668 204
2676 2681 125
2706 2733 17
2715 2721 212
2732 2757 55
2744 2781 49
2761 2776 155
2774 2804 92
2803 2829 165
2805 2853 55
2827 2840 60
2852 2899 27
2873 2891 171
2890 2907 94
2911 2918 232
2941 2975 296
2941 2988 97
2965 2982 168
2993 3001 90
2994 3030 93
3016 3064 108
3029 3060 141
3048 3068 211
3068 3118 172
3091 3097 268
3097 3109 239
3107 3129 100
3137 3187 171
3144 3165 30
3161 3184 161
3162 3208 178
3175 3224 283
3191 3234 260
3206 3238 196
3220 3255 212
3244 3271 111
3267 3279 10
3277 3287 256
3283 3305 62
3307 3327 295
3320 3358 216
3323 3328 40
3345 3380 131
3356 3392 152
3380 3402 101
3406 3429 225
3415 3459 154
3422 3426 192
3422 3453 202
3439 3484 148
3466 3468 8
3467 3494 90
3475 3513 124
3502 3543 98
3522 3526 195
3524 3557 269
3543 3561 214
3569 3611 265
3578 3596 56
3578 3591 78
3605 3652 189
3611 3657 220
3641 3666 156
3651 3698 225
3668 3703 52
3696 3725 212
3708 3749 124
3720 3741 162
3738 3747 188
3755 3798 184
3763 3813 132
3779 3817 70
3788 3817 63
3818 3866 5
3828 3872 260
3832 3844 216
3847 3878 12
3866 3870 191
3889 3892 162
3901 3933 195
3912 3922 249
3929 3968 109
3934 3961 145
3950 3958 45
3973 4015 251
3995 4016 270
4000 4042 89
4003 4025 15
4027 4033 135
4048 4077 199
4048 4086 2
4064 4079 254
4083 4131 295
4112 4128 171
4141 4159 85
4164 4194 179
4174 4214 231
4197 4201 179
4198 4242 276
4212 4230 196
4240 4265 26
4264 4302 37
4266 4270 188
4293 4340 240
4308 4311 146
4337 4361 38
4359 4364 74
