300
23 52 154
36 84 118
40 85 272
64 73 195
68 97 69
94 106 230
117 147 94
119 166 233
129 169 199
155 198 32
157 175 186
169 183 242
183 229 132
200 239 163
220 238 52
250 262 107
278 280 269
282 305 92
305 317 129
306 311 224
308 314 27
310 354 123
334 369 193
337 349 290
347 360 279
369 378 1
374 386 145
386 435 156
407 457 185
434 451 8
452 471 156
481 519 131
505 515 266
531 559 112
554 571 51
582 593 162
587 620 198
613 659 278
616 640 282
631 662 62
642 678 281
669 671 216
682 726 52
687 688 227
698 740 231
722 764 221
744 793 100
770 815 246
793 823 195
800 822 281
821 869 211
842 844 36
855 884 148
865 915 156
883 904 90
891 907 233
891 939 179
919 924 133
945 981 64
968 1007 74
992 1038 270
1010 1019 206
1035 1063 271
1065 1083 6
1074 1083 91
1102 1113 187
1103 1136 139
1104 1128 163
1119 1149 64
1142 1172 162
1170 1216 93
1185 1220 273
1194 1219 203
1222 1262 288
1229 1257 201
1248 1259 64
1259 1272 62
1289 1316 167
1306 1344 268
1332 1382 58
1339 1359 284
1350 1395 80
1369 1378 216
1370 1398 93
1389 1432 199
1398 1405 168
1422 1469 275
1451 1462 105
1453 1458 32
1454 1495 58
1455 1478 270
1468 1481 10
1481 1514 106
1502 1514 212
1503 1507 164
1521 1525 293
1546 1576 235
1553 1556 167
1558 1581 197
1588 1623 202
1605 1622 19
1634 1684 185
1662 1691 52
1686 1733 187
1708 1713 222
1728 1735 45
1735 1765 119
1735 1778 235
1748 1770 242
1763 1777 130
1792 1810 128
1818 1842 226
1819 1843 168
1821 1829 220
1850 1871 269
1868 1881 243
1889 1937 64
1915 1932 50
1927 1936 39
1931 1947 122
1947 1987 79
1962 1978 216
1988 2020 153
2001 2031 222
2031 2081 207
2056 2092 163
2070 2102 191
2087 2135 127
2115 2155 255
2131 2142 232
2158 2166 171
2176 2204 251
2181 2192 221
2203 2248 189
2212 2255 287
2212 2232 115
2217 2265 56
2227 2251 58
2237 2279 54
2253 2259 55
2272 2291 218
2294 2316 188
2308 2312 136
2326 2344 200
2338 2345 28
2341 2363 63
2362 2396 111
2378 2395 215
2406 2424 275
2426 2428 135
2449 2463 56
2469 2476 40
2478 2486 101
2507 2556 169
2515 2521 70
2520 2558 21
2538 2586 7
2538 2572 243
2558 2582 76
2585 2615 280
2609 2655 96
2614 2653 117
2622 2643 159
2643 2657 23
2661 2662 294
2687 2730 25
2700 2719 121
2723 2751 297
2735 2743 198
2764 2808 82
2783 2809 128
2788 2794 216
2798 2832 163
2828 2835 244
2836 2862 102
2849 2884 63
2861 2894 94
2886 2933 59
2886 2917 82
2903 2934 211
2910 2926 13
2923 2972 184
2924 2937 200
2924 2937 85
2951 2961 63
2977 3018 161
2977 3021 221
2978 3022 193
2999 3017 72
3021 3050 136
3040 3051 172
3070 3073 144
3076 3090 127
3084 3095 257
3084 3113 111
3097 3126 22
3126 3160 242
3154 3166 12
3167 3181 42
3184 3231 132
3184 3231 127
3193 3217 40
3210 3252 12
3214 3225 51
3217 3251 270
3245 3282 103
3253 3283 71
3265 3313 257
3290 3296 8
3306 3337 218
3334 3376 51
3354 3365 48
3380 3401 13
3383 3401 105
3394 3395 123
3409 3425 299
3415 3425 46
3438 3462 132
3450 3482 276
3472 3521 282
3482 3486 7
3487 3499 70
3510 3516 184
3533 3538 298
3534 3555 174
3540 3551 77
3546 3576 87
3554 3593 297
3581 3584 138
3597 3642 199
3600 3602 23
3612 3654 98
3631 3649 1
3639 3665 128
3640 3689 292
3656 3666 126
3670 3708 32
3672 3698 66
3690 3704 121
3702 3709 89
3714 3737 146
3740 3782 144
3749 3776 6
3762 3811 94
3780 3807 89
3799 3849 69
3807 3809 264
3827 3862 103
3836 3844 109
3840 3882 202
3840 3857 48
3850 3869 218
3855 3896 251
3878 3925 47
3882 3906 218
3903 3912 257
3916 3935 170
3941 3978 97
3951 3973 102
3970 4001 81
3984 4023 135
4004 4010 90
4028 4056 272
4043 4085 152
4047 4061 76
4049 4081 20
4064 4069 180
4084 4133 49
4102 4148 281
4117 4164 10
4135 4142 287
4163 4184 207
4173 4220 226
4200 4203 113
4208 4221 27
4211 4216 296
4226 4237 227
4229 4263 271
4239 4272 207
4245 4276 228
4258 4265 73
4271 4302 40
4294 4317 286
4322 4324 196
4330 4345 275
4344 4386 220
4355 4376 44
4375 4420 258
4389 4427 145
4413 4461 172
4434 4438 183
4460 4476 289
4487 4513 296
4502 4552 65
4516 4521 177
4532 4535 296
4560 4588 50
4589 4637 35
4596 4626 33
4606 4630 49
