300
28 74 54
50 95 3
50 97 290
78 113 21
84 134 256
88 126 80
114 161 54
137 168 291
161 169 27
185 192 37
211 227 79
214 241 185
223 235 36
243 287 198
252 284 47
256 263 156
283 312 187
288 304 211
289 331 251
311 321 299
332 378 246
339 350 260
367 409 89
393 404 183
395 405 169
407 453 46
425 430 154
438 440 113
460 491 188
482 525 287
490 497 191
519 568 230
527 550 130
530 552 152
539 568 238
557 572 205
584 611 260
611 643 7
629 669 193
645 650 44
646 690 33
669 715 202
676 681 40
679 694 184
687 727 179
701 731 287
708 737 30
721 752 1
724 735 170
741 767 168
755 802 178
768 783 96
789 826 67
802 846 291
812 834 247
819 843 213
823 865 158
845 878 263
872 900 102
897 904 135
922 942 237
950 952 90
966 968 29
979 981 128
980 1014 231
1003 1026 170
1012 1017 236
1038 1039 242
1061 1089 8
1063 1089 22
1080 1103 102
1108 1115 239
1131 1179 227
1155 1168 75
1177 1179 154
1179 1182 203
1202 1234 122
1204 1215 165
1234 1279 264
1264 1292 134
1285 1301 260
1288 1329 9
1312 1332 9
1323 1331 133
1328 1341 102
1337 1382 157
1346 1389 128
1372 1380 84
1374 1404 287
1399 1434 171
1405 1440 136
1430 1476 110
1459 1492 184
1483 1529 195
1505 1534 69
1516 1566 188
1538 1554 217
1554 1565 17
1570 1606 91
1570 1609 30
1577 1613 190
1589 1608 219
1600 1624 193
1609 1655 245
1619 1664 81
1641 1665 232
1671 1685 66
1690 1715 26
1695 1732 210
1700 1718 173
1706 1722 88
1725 1734 265
1730 1747 184
1747 1785 84
1771 1807 148
1774 1795 135
1783 1829 31
1803 1849 131
1811 1837 60
1840 1862 205
1853 1896 137
1862 1880 109
1871 1920 163
1898 1912 135
1916 1960 7
1938 1963 81
1943 1957 248
1961 2007 114
1981 1990 140
1989 1998 169
2007 2049 88
2016 2061 123
2025 2041 25
2045 2054 255
2070 2113 159
2085 2108 250
2099 2116 296
2124 2174 142
2151 2196 233
2175 2191 218
2191 2220 266
2217 2244 204
2228 2238 286
2253 2286 132
2280 2289 3
2280 2298 283
2292 2322 284
2303 2307 131
2310 2312 59
2336 2356 12
2361 2399 129
2361 2411 13
2386 2392 215
2388 2411 170
2398 2400 142
2416 2434 281
2442 2487 13
2443 2456 228
2453 2464 78
2473 2508 5
2483 2506 20
2506 2540 79
2519 2549 210
2540 2572 218
2561 2586 17
2590 2623 82
2600 2617 139
2626 2665 153
2648 2675 212
2664 2710 146
2689 2701 156
2708 2716 127
2720 2741 223
2738 2775 109
2742 2765 163
2753 2763 288
2756 2774 276
2781 2817 43
2795 2813 74
2817 2846 117
2838 2883 163
2863 2880 17
2883 2927 251
2893 2905 216
2904 2932 224
2926 2941 92
2934 2954 227
2937 2955 210
2947 2955 281
2960 2976 76
2978 2987 166
3008 3058 234
3020 3046 82
3037 3046 27
3037 3080 187
3055 3097 219
3084 3093 75
3087 3137 94
3095 3122 133
3110 3152 154
3115 3163 70
3139 3162 130
3169 3172 104
3180 3208 132
3184 3197 118
3212 3230 257
3226 3229 282
3251 3267 178
3270 3297 95
3298 3347 179
3307 3352 300
3315 3333 147
3331 3334 127
3345 3381 271
3369 3385 85
3376 3413 43
3379 3398 170
3409 3420 185
3437 3473 43
3458 3477 240
3476 3494 154
3500 3537 228
3503 3531 206
3525 3558 292
3531 3580 112
3534 3545 125
3540 3549 172
3548 3582 75
3576 3623 124
3592 3642 217
3622 3635 176
3651 3701 295
3661 3680 194
3679 3705 239
3701 3702 239
3721 3733 24
3736 3739 257
3751 3795 218
3752 3762 172
3780 3793 294
3782 3808 165
3792 3798 192
3804 3852 223
3822 3857 153
3822 3832 61
3842 3850 10
3857 3871 141
3863 3867 84
3866 3907 225
3893 3915 3
3916 3966 83
3932 3948 218
3945 3974 103
3958 3990 66
3962 3990 264
3970 3974 259
3989 4012 96
3994 4032 24
4016 4065 291
4022 4028 270
4039 4050 176
4044 4078 124
4065 4099 110
4089 4130 222
4110 4115 155
4122 4146 148
4125 4140 286
4142 4165 258
4154 4203 161
4163 4167 238
4182 4193 256
4190 4236 82
4204 4248 135
4233 4251 247
4240 4272 234
4264 4304 195
4281 4320 177
4292 4296 202
4292 4315 191
4293 4302 295
4299 4336 146
4328 4346 124
4331 4342 70
4344 4371 124
4357 4359 35
4370 4372 14
4390 4412 49
4417 4460 98
4432 4446 156
4450 4491 17
4466 4499 262
4473 4490 192
4473 4493 78
4499 4503 212
4526 4570 157
4536 4538 56
4558 4598 276
4559 4562 13
4560 4604 60
4586 4626 98
