300
21 53 6
36 84 39
52 58 31
54 87 97
66 79 66
68 71 54
92 138 181
115 138 22
121 139 190
149 161 30
169 211 268
181 191 261
185 206 141
193 233 28
193 226 243
197 231 87
214 234 263
218 266 80
230 270 238
234 273 82
239 255 6
265 313 235
290 292 220
311 330 23
339 357 293
346 372 92
348 393 133
372 394 53
375 398 54
385 394 103
389 421 291
399 423 66
420 455 38
444 457 187
449 492 82
458 464 84
467 478 56
478 490 287
491 534 69
520 557 149
549 571 211
559 609 7
578 588 247
597 618 13
622 629 297
629 655 221
653 701 167
668 699 296
683 713 103
709 749 145
727 739 297
738 755 92
751 778 113
771 805 172
796 804 242
810 828 100
819 841 43
834 865 195
851 891 59
862 894 247
869 874 195
893 926 29
907 932 72
928 950 94
939 981 125
941 977 282
960 976 38
963 1004 246
981 1017 44
983 1024 179
1002 1028 252
1022 1055 279
1047 1095 32
1077 1111 198
1105 1146 15
1122 1162 275
1129 1177 236
1158 1170 20
1160 1184 121
1182 1188 261
1192 1197 229
1211 1214 106
1217 1235 188
1237 1279 196
1237 1252 30
1265 1307 133
1290 1314 18
1306 1337 106
1328 1371 198
1340 1360 85
1344 1346 195
1344 1364 140
1374 1390 274
1400 1417 91
1420 1441 211
1440 1479 166
1453 1493 129
1461 1468 215
1481 1503 74
1501 1512 219
1522 1565 243
1524 1568 146
1526 1529 10
1555 1600 186
1584 1633 127
1606 1611 264
1611 1648 163
1633 1665 113
1635 1671 61
1658 1687 174
1686 1735 181
1704 1734 131
1723 1770 225
1723 1727 16
1737 1747 3
1767 1801 154
1779 1822 150
1806 1815 26
1833 1866 148
1851 1859 9
1864 1894 183
1883 1926 36
1910 1931 94
1922 1952 61
1930 1948 127
1940 1987 1
1966 1986 99
1987 2036 149
2012 2038 33
2033 2052 196
2062 2094 237
2063 2082 101
2093 2101 112
2094 2105 30
2104 2128 260
2107 2117 84
2109 2134 239
2111 2140 109
2129 2151 69
2139 2174 59
2164 2210 225
2180 2184 187
2185 2194 104
2195 2240 109
2196 2208 127
2218 2259 241
2236 2239 7
2266 2274 248
2286 2291 157
2305 2342 193
2325 2336 261
2341 2361 125
2349 2385 164
2352 2362 140
2352 2370 200
2358 2399 6
2380 2382 155
2383 2402 96
2393 2437 162
2397 2403 90
2397 2429 41
2397 2418 292
2408 2409 107
2413 2461 5
2439 2473 300
2459 2504 56
2475 2483 276
2498 2548 202
2505 2511 80
2531 2556 197
2549 2599 50
2573 2605 154
2583 2593 117
2594 2638 81
2617 2639 279
2629 2673 189
2650 2675 59
2679 2729 24
2693 2702 254
2702 2716 74
2712 2728 83
2742 2754 145
2764 2779 228
2765 2798 212
2773 2821 63
2788 2822 218
2791 2838 163
2800 2809 96
2817 2866 195
2817 2839 162
2845 2867 151
2858 2901 204
2884 2890 195
2911 2926 163
2935 2961 91
2952 2995 145
2976 3017 124
2999 3006 300
3022 3029 219
3038 3063 34
3062 3068 128
3087 3115 76
3101 3134 150
3117 3166 29
3124 3135 17
3140 3168 261
3144 3150 76
3153 3181 149
3155 3203 91
3159 3206 132
3161 3169 294
3186 3218 298
3186 3219 74
3199 3204 142
3206 3210 266
3207 3257 140
3216 3224 227
3227 3269 83
3236 3279 254
3263 3280 92
3280 3304 200
3307 3321 122
3335 3336 203
3339 3383 17
3360 3389 99
3389 3406 170
3419 3427 47
3440 3482 20
3441 3450 298
3442 3448 51
3456 3479 160
3466 3482 243
3495 3506 46
3524 3546 300
3553 3598 87
3567 3608 67
3583 3626 204
3591 3605 274
3609 3626 226
3632 3633 82
3634 3650 252
3662 3706 154
3669 3677 182
3684 3719 268
3704 3709 206
3707 3741 271
3735 3775 90
3745 3786 111
3763 3805 70
3780 3821 227
3785 3814 285
3796 3838 57
3799 3813 71
3817 3840 161
3825 3861 9
3845 3867 40
3850 3885 289
3851 3872 178
3855 3882 182
3858 3863 102
3874 3922 1
3893 3898 274
3922 3968 30
3933 3974 86
3957 3990 175
3971 3988 226
3986 4017 85
3991 4015 154
4010 4031 7
4024 4056 210
4032 4082 279
4035 4057 42
4064 4077 6
4092 4139 210
4118 4124 179
4147 4197 12
4156 4200 183
4158 4208 247
4166 4196 185
4191 4225 221
4195 4218 82
4220 4257 276
4236 4274 225
4253 4271 294
4274 4279 294
4277 4316 185
4282 4290 216
4297 4311 265
4327 4366 255
4345 4356 84
4368 4408 113
4383 4395 47
4403 4404 49
4420 4438 174
4437 4440 162
4445 4446 102
4454 4464 55
4472 4510 24
4494 4504 244
4518 4541 141
