300
23 31 157
40 73 192
61 95 242
84 89 155
95 138 284
96 119 248
96 98 241
101 131 87
121 142 130
130 157 147
134 142 247
145 179 195
145 174 205
148 157 248
154 188 147
165 179 252
178 187 74
191 206 54
212 246 83
226 245 78
228 256 143
242 278 70
252 267 151
273 321 62
287 292 10
297 315 189
304 336 213
332 365 84
355 401 109
370 389 143
383 387 158
396 444 119
424 450 222
435 450 6
456 494 288
461 491 244
483 520 87
501 508 147
521 555 35
544 583 167
569 579 152
573 576 16
585 623 50
602 628 257
620 625 173
624 628 36
640 660 27
646 659 285
664 704 277
686 711 264
714 756 213
718 735 30
748 782 292
764 800 214
781 824 63
802 836 295
830 878 112
848 879 191
851 900 195
869 890 266
871 906 55
895 919 277
921 943 94
924 949 27
950 953 169
953 982 288
953 979 93
961 986 87
974 1011 6
979 1011 261
979 987 238
989 1004 6
993 1004 195
1023 1040 226
1049 1079 41
1067 1082 122
1073 1097 8
1083 1131 47
1099 1141 272
1119 1133 169
1121 1136 154
1135 1170 196
1136 1185 225
1136 1161 92
1157 1205 270
1163 1198 54
1181 1197 268
1186 1221 220
1211 1242 106
1212 1251 147
1228 1229 264
1234 1269 16
1239 1256 51
1242 1257 148
1266 1289 11
1294 1328 183
1320 1364 66
1325 1350 26
1328 1359 70
1331 1361 287
1356 1392 283
1378 1411 120
1385 1406 195
1398 1441 50
1427 1475 188
1433 1437 250
1442 1450 116
1467 1505 91
1479 1505 112
1503 1519 26
1522 1539 165
1548 1575 46
1556 1591 131
1578 1589 198
1594 1635 236
1598 1605 285
1608 1657 151
1625 1626 277
1630 1631 113
1655 1659 165
1684 1697 5
1685 1688 58
1712 1730 48
1723 1753 268
1743 1763 223
1764 1780 275
1767 1788 210
1790 1832 274
1817 1849 40
1829 1860 280
1854 1897 50
1884 1930 299
1892 1912 265
1900 1917 124
1926 1968 22
1949 1950 106
1972 1984 192
1989 2033 297
2011 2050 248
2039 2056 65
2042 2043 81
2056 2057 261
2070 2114 108
2089 2095 59
2089 2116 251
2098 2110 258
2113 2156 197
2125 2158 101
2133 2180 283
2159 2180 232
2166 2207 34
2196 2209 119
2200 2204 60
2221 2271 170
2237 2247 161
2261 2263 119
2290 2333 113
2294 2315 211
2296 2337 185
2320 2359 166
2340 2378 283
2363 2386 266
2378 2383 106
2408 2448 62
2436 2471 117
2443 2493 73
2443 2485 273
2446 2473 235
2446 2491 294
2463 2504 30
2492 2498 297
2514 2561 185
2520 2536 141
2522 2572 233
2542 2569 150
2569 2589 264
2577 2611 123
2585 2614 157
2594 2640 157
2595 2639 101
2608 2646 95
2616 2621 279
2624 2659 204
2644 2686 217
2671 2709 266
2698 2734 150
2714 2737 37
2738 2769 275
2753 2793 145
2763 2803 94
2782 2788 260
2782 2797 285
2797 2802 169
2804 2825 121
2806 2818 98
2827 2869 268
2857 2858 156
2874 2894 215
2882 2915 142
2896 2940 213
2897 2937 14
2908 2947 5
2910 2948 282
2910 2959 280
2917 2920 108
2939 2972 224
2965 2983 45
2968 2969 299
2994 3026 129
2998 3018 82
3015 3017 45
3020 3065 290
3034 3067 2
3049 3073 77
3051 3063 62
3076 3110 262
3087 3116 188
3117 3131 178
3118 3162 14
3137 3174 7
3149 3178 291
3170 3213 39
3174 3218 266
3190 3228 142
3219 3255 248
3239 3286 151
3263 3299 297
3278 3315 134
3292 3340 124
3309 3334 99
3334 3356 116
3351 3388 217
3380 3411 138
3387 3411 243
3408 3449 98
3434 3441 223
3450 3452 219
3462 3464 248
3489 3505 134
3519 3557 203
3526 3533 285
3555 3588 30
3561 3562 246
3575 3609 77
3594 3636 79
3623 3651 158
3625 3627 113
3634 3672 72
3658 3695 99
3685 3695 52
3705 3737 266
3730 3748 54
3735 3769 74
3756 3764 254
3779 3780 205
3787 3829 18
3795 3824 298
3802 3829 13
3830 3853 251
3849 3870 261
3866 3897 150
3888 3929 173
3913 3922 36
3930 3946 191
3932 3980 172
3959 4002 276
3971 4020 65
3997 4033 283
4008 4012 295
4008 4052 230
4025 4069 178
4045 4080 181
4049 4054 55
4067 4087 166
4075 4085 159
4094 4097 89
4119 4135 247
4136 4185 9
4160 4175 257
4164 4207 208
4183 4209 137
4191 4200 111
4214 4235 65
4230 4237 88
4253 4303 101
4275 4309 6
4277 4310 93
4281 4282 173
4291 4316 41
4313 4344 183
4314 4331 291
4328 4333 295
4333 4376 294
4360 4406 170
4375 4393 208
4395 4420 2
4399 4438 149
4424 4451 147
4449 4478 239
4463 4512 84
