300
30 33 130
53 85 252
57 85 247
65 91 235
76 117 269
102 135 213
120 147 243
148 179 289
172 185 181
186 190 233
196 202 69
211 254 8
229 273 124
258 284 285
287 316 77
301 323 230
330 370 298
337 364 59
367 410 196
374 397 234
391 396 199
395 437 40
411 450 42
431 438 67
451 460 116
472 477 250
490 532 120
503 552 183
504 543 266
505 540 75
531 562 148
554 590 243
555 561 153
575 616 95
579 611 52
584 595 110
592 632 41
593 600 67
606 631 240
634 671 56
647 650 163
656 690 266
660 700 239
673 674 100
699 746 24
719 753 211
727 733 54
745 779 56
759 798 25
774 815 151
790 830 186
812 847 87
841 855 76
853 869 233
855 890 240
857 899 49
880 907 27
889 908 261
903 917 146
909 935 144
925 965 34
942 966 234
962 998 4
980 1005 280
994 1021 129
1022 1053 102
1026 1072 272
1031 1056 210
1040 1074 249
1066 1104 258
1086 1113 202
1090 1140 140
1093 1137 243
1107 1117 162
1126 1171 17
1139 1158 178
1165 1213 98
1179 1203 54
1207 1220 89
1211 1219 274
1214 1256 194
1219 1265 264
1236 1274 243
1251 1253 4
1268 1284 289
1285 1291 212
1313 1357 67
1327 1343 162
1344 1375 124
1374 1410 26
1404 1407 105
1419 1431 289
1440 1489 253
1468 1501 93
1496 1498 134
1518 1551 257
1537 1541 281
1553 1572 82
1582 1610 184
1590 1628 241
1593 1619 145
1608 1629 131
1615 1637 57
1630 1645 21
1649 1696 81
1667 1697 129
1696 1722 32
1700 1739 152
1719 1748 147
1746 1757 21
1758 1804 183
1787 1814 22
1812 1819 225
1833 1848 186
1848 1872 69
1876 1898 66
1877 1892 125
1891 1892 6
1902 1925 284
1931 1942 17
1954 1974 297
1969 2018 14
1978 1987 222
1988 2025 252
2017 2063 275
2040 2086 176
2043 2052 131
2054 2096 62
2079 2092 64
2097 2139 278
2119 2134 48
2141 2145 181
2154 2165 169
2183 2226 167
2210 2244 259
2235 2248 56
2258 2293 45
2262 2275 126
2274 2277 19
2304 2318 137
2308 2357 27
2311 2352 212
2329 2355 161
2346 2372 98
2363 2403 115
2366 2406 3
2388 2427 164
2396 2409 91
2404 2439 187
2425 2472 79
2453 2477 284
2478 2523 253
2485 2498 188
2512 2555 28
2532 2567 221
2536 2547 281
2555 2591 154
2568 2592 171
2581 2586 263
2604 2614 50
2624 2662 286
2631 2676 97
2632 2657 117
2632 2634 58
2647 2660 288
2667 2699 256
2687 2704 166
2717 2747 260
2726 2748 141
2736 2740 136
2738 2769 143
2767 2784 94
2785 2812 58
2806 2833 97
2830 2873 210
2850 2886 296
2864 2880 236
2876 2885 264
2878 2911 162
2887 2919 237
2905 2919 243
2924 2971 179
2937 2946 156
2948 2976 214
2975 3012 97
2989 2993 74
3016 3040 238
3037 3048 259
3049 3072 44
3049 3067 48
3070 3077 19
3097 3135 13
3111 3115 179
3125 3128 225
3143 3184 24
3156 3168 21
3171 3210 54
3188 3205 91
3198 3214 24
3224 3274 15
3227 3257 16
3257 3262 195
3281 3301 287
3303 3311 200
3304 3305 104
3324 3325 8
3339 3361 113
3358 3407 134
3387 3397 290
3406 3413 41
3431 3440 223
3446 3490 37
3446 3457 136
3473 3497 204
3496 3527 128
3507 3526 168
3507 3510 84
3514 3552 43
3518 3543 153
3527 3545 149
3535 3559 253
3549 3575 268
3560 3577 251
3586 3607 96
3598 3615 29
3599 3607 198
3608 3623 299
3632 3649 280
3653 3677 130
3660 3688 223
3688 3693 188
3706 3710 2
3726 3737 172
3731 3780 109
3734 3754 240
3741 3769 50
3766 3794 19
3788 3825 12
3790 3804 26
3819 3850 106
3827 3840 56
3828 3859 132
3851 3893 98
3869 3917 81
3882 3927 129
3895 3942 38
3920 3925 122
3929 3960 289
3938 3981 122
3943 3954 129
3944 3966 13
3958 4005 67
3983 3996 80
3996 4045 126
3996 4015 139
4019 4031 165
4048 4064 203
4049 4050 279
4077 4086 95
4086 4119 220
4106 4122 36
4107 4131 141
4118 4129 136
4134 4184 59
4138 4184 6
4155 4182 283
4157 4179 184
4171 4191 206
4172 4206 43
4177 4223 125
4191 4224 94
4204 4241 212
4213 4254 71
4238 4243 121
4262 4312 298
4263 4294 99
4272 4275 261
4274 4310 81
4290 4301 171
4304 4311 50
4320 4339 296
4333 4358 282
4357 4401 163
4362 4366 10
4374 4410 189
4402 4418 184
4423 4467 70
4448 4493 254
4476 4502 271
4501 4545 131
4520 4548 75
4531 4542 275
4544 4574 201
4555 4595 170
4555 4599 276
4585 4635 26
4585 4603 73
4590 4615 209
4606 4620 73
4620 4621 251
