300
6 14 167
7 40 74
20 49 136
33 41 134
41 67 86
45 93 146
59 108 19
68 106 146
69 113 96
86 97 172
107 117 155
134 146 76
134 160 206
137 173 5
160 198 61
172 215 205
176 208 93
179 210 296
190 198 67
203 227 129
215 242 143
240 289 163
246 251 276
249 250 72
273 274 218
286 329 31
308 309 41
325 375 157
336 366 167
360 395 32
364 407 4
384 416 138
410 436 15
436 471 265
449 466 164
463 465 86
488 527 153
502 533 81
523 539 22
546 571 154
562 611 126
576 578 122
590 600 79
606 641 287
608 654 22
627 640 9
638 655 74
647 654 64
654 683 22
675 712 36
683 687 285
713 724 94
716 743 152
726 765 187
751 762 188
762 792 48
781 826 226
796 802 88
809 815 267
819 822 54
842 852 156
859 900 145
862 896 293
884 909 133
898 931 153
907 952 21
909 920 233
912 962 152
926 967 230
953 973 153
961 962 255
986 1021 116
991 1030 96
1018 1049 19
1040 1047 132
1043 1055 172
1070 1091 294
1099 1141 92
1120 1133 80
1134 1148 211
1160 1182 245
1186 1187 12
1203 1241 138
1212 1226 193
1227 1274 103
1231 1274 252
1258 1285 260
1275 1323 61
1289 1321 134
1319 1349 197
1323 1330 260
1342 1390 60
1357 1389 98
1363 1400 271
1366 1414 89
1369 1384 181
1380 1429 85
1386 1407 169
1392 1400 167
1411 1446 117
1414 1420 106
1424 1465 191
1427 1451 250
1443 1478 241
1470 1510 299
1473 1475 294
1503 1512 182
1509 1519 259
1517 1567 119
1520 1539 103
1534 1558 227
1534 1538 82
1548 1576 262
1574 1581 125
1580 1601 21
1606 1623 105
1616 1622 31
1634 1683 130
1644 1652 173
1661 1702 299
1679 1700 69
1694 1695 244
1708 1756 208
1713 1761 43
1726 1770 298
1733 1775 174
1752 1786 170
1768 1788 123
1793 1800 267
1817 1847 291
1841 1859 69
1852 1900 290
1867 1886 27
1867 1912 191
1875 1884 127
1897 1934 50
1899 1923 220
1903 1945 175
1910 1916 79
1915 1948 100
1933 1966 122
1939 1951 62
1963 1984 186
1974 2009 186
1985 2026 236
2012 2026 220
2023 2051 40
2045 2087 217
2065 2097 86
2087 2107 204
2108 2139 152
2129 2149 261
2132 2179 120
2132 2169 171
2150 2167 264
2171 2178 72
2194 2233 295
2220 2247 110
2225 2262 92
2250 2255 261
2276 2289 37
2296 2299 257
2303 2315 136
2319 2361 131
2332 2353 104
2332 2361 127
2350 2397 19
2379 2429 82
2385 2427 199
2412 2425 113
2421 2452 218
2429 2474 162
2451 2453 257
2466 2485 9
2489 2522 73
2499 2542 102
2502 2512 9
2506 2551 168
2512 2556 244
2526 2532 148
2530 2551 231
2541 2559 256
2542 2568 66
2571 2580 149
2601 2615 11
2609 2626 187
2631 2644 286
2640 2655 194
2640 2682 65
2655 2659 252
2659 2683 135
2680 2726 277
2703 2744 119
2720 2760 71
2720 2754 67
2739 2782 108
2769 2809 17
2775 2802 173
2780 2781 75
2795 2841 4
2815 2865 110
2839 2856 294
2851 2868 213
2864 2891 26
2886 2927 285
2905 2910 282
2930 2958 285
2954 2992 192
2954 2972 287
2969 2977 237
2983 2997 153
2995 3023 116
3016 3037 227
3027 3045 223
3028 3073 165
3052 3073 203
3069 3091 41
3069 3095 168
3087 3094 113
3087 3100 253
3089 3127 112
3094 3144 133
3111 3135 54
3114 3123 164
3127 3172 1
3129 3154 80
3150 3197 48
3160 3180 278
3177 3181 191
3201 3215 30
3206 3250 241
3213 3214 257
3230 3250 181
3249 3262 62
3265 3296 129
3271 3289 37
3294 3317 121
3298 3312 210
3326 3335 294
3347 3362 127
3350 3371 182
3373 3415 132
3398 3402 87
3414 3434 5
3440 3484 222
3443 3477 195
3452 3458 137
3474 3485 276
3478 3489 6
3482 3517 98
3487 3534 201
3493 3508 150
3501 3531 2
3507 3548 212
3526 3537 12
3546 3551 282
3568 3579 117
3574 3608 4
3602 3604 1
3622 3626 61
3642 3659 69
3659 3699 254
3666 3706 293
3690 3714 293
3703 3741 98
3703 3750 190
3732 3752 104
3750 3786 274
3755 3778 50
3783 3806 172
3792 3821 246
3803 3850 279
3806 3817 167
3807 3818 288
3828 3873 232
3834 3877 105
3863 3889 56
3867 3899 280
3881 3888 129
3893 3897 89
3901 3939 203
3912 3940 115
3924 3930 139
3951 3979 125
3952 3969 82
3971 4002 46
3990 4013 137
3997 4046 98
4006 4033 7
4021 4050 155
4048 4082 254
4049 4091 48
4049 4074 290
4076 4087 198
4106 4119 298
4112 4126 101
4139 4143 31
4148 4182 253
4174 4193 16
4201 4243 2
