300
16 44 83
33 70 24
54 75 26
59 97 23
59 105 220
68 78 7
70 85 135
85 99 86
85 123 127
103 138 162
117 129 179
145 156 247
145 167 84
172 197 132
185 189 135
195 237 298
209 234 23
238 271 98
249 281 221
275 297 8
305 336 245
327 362 42
349 390 171
354 380 205
365 412 258
381 410 261
402 410 19
410 446 209
432 450 121
462 485 247
486 504 253
488 538 297
500 513 78
530 571 138
556 591 180
566 595 289
592 604 20
594 634 185
623 631 290
639 652 13
659 673 54
671 682 106
693 736 143
704 716 244
726 735 177
748 771 32
750 771 287
767 797 247
795 837 12
809 824 71
832 871 118
855 871 29
885 898 182
910 951 30
936 943 273
942 991 288
967 1013 111
971 1002 196
974 1000 74
992 1002 266
1017 1042 246
1031 1071 75
1036 1068 125
1041 1083 92
1041 1078 33
1058 1071 117
1071 1113 57
1077 1078 17
1103 1145 258
1106 1137 99
1109 1143 128
1112 1158 90
1134 1174 184
1135 1177 262
1160 1183 239
1184 1226 144
1213 1262 39
1222 1249 175
1240 1276 144
1259 1302 202
1268 1315 290
1275 1292 108
1285 1304 206
1288 1295 21
1311 1339 166
1312 1353 151
1326 1330 248
1342 1388 178
1351 1399 202
1379 1398 22
1398 1414 32
1407 1434 173
1427 1447 147
1437 1451 52
1445 1476 74
1456 1467 16
1484 1513 30
1514 1561 44
1540 1567 206
1566 1582 174
1578 1627 142
1595 1603 80
1611 1647 3
1636 1667 94
1645 1687 189
1652 1697 10
1663 1711 212
1691 1705 165
1711 1745 163
1722 1748 71
1725 1735 161
1755 1764 196
1784 1824 286
1811 1859 60
1828 1866 43
1856 1864 233
1864 1899 160
1872 1892 222
1885 1890 57
1902 1930 250
1931 1981 1
1961 1968 192
1967 2007 157
1982 1992 129
2010 2052 129
2031 2063 109
2049 2075 20
2060 2091 108
2082 2116 238
2086 2089 106
2100 2132 172
2116 2162 270
2119 2146 8
2135 2168 279
2143 2191 237
2167 2208 283
2182 2224 49
2211 2223 151
2239 2278 143
2250 2255 140
2278 2298 115
2293 2299 50
2297 2310 110
2304 2336 149
2328 2347 27
2336 2374 95
2356 2363 158
2374 2390 228
2377 2382 159
2388 2408 224
2401 2448 272
2431 2464 166
2436 2463 290
2455 2465 256
2466 2497 146
2468 2500 261
2485 2530 169
2495 2536 109
2524 2568 52
2525 2534 223
2539 2550 55
2543 2580 291
2565 2576 168
2571 2608 141
2595 2619 234
2622 2651 10
2637 2649 177
2659 2687 268
2662 2664 102
2678 2718 235
2688 2716 114
2717 2733 259
2747 2748 86
2772 2797 35
2802 2810 130
2810 2822 289
2821 2860 44
2828 2855 120
2838 2881 26
2851 2889 184
2860 2880 101
2861 2876 264
2861 2862 8
2880 2899 51
2891 2937 289
2918 2928 278
2933 2935 251
2953 2960 18
2957 2969 204
2982 3028 95
3011 3055 85
3037 3040 57
3063 3105 105
3064 3072 39
3066 3075 251
3087 3097 29
3112 3148 47
3139 3153 165
3163 3205 150
3165 3175 29
3189 3224 61
3214 3223 117
3227 3230 171
3249 3280 105
3277 3284 181
3287 3337 79
3302 3334 131
3331 3346 295
3345 3359 236
3359 3377 239
3378 3382 167
3399 3417 53
3422 3449 250
3425 3455 190
3431 3455 242
3455 3462 285
3483 3497 253
3506 3528 3
3529 3570 205
3541 3591 73
3558 3578 203
3582 3609 221
3582 3583 259
3598 3645 291
3611 3637 31
3634 3663 70
3643 3664 61
3653 3675 46
3656 3669 189
3678 3693 145
3702 3746 188
3723 3744 58
3731 3757 70
3743 3785 260
3761 3782 280
3772 3822 120
3790 3810 235
3811 3821 68
3837 3846 186
3863 3894 131
3889 3912 47
3905 3932 205
3932 3941 71
3953 3987 287
3960 3970 121
3979 4001 128
3987 4005 179
3988 4021 179
4007 4029 236
4032 4069 255
4056 4073 266
4068 4092 196
4075 4122 186
4095 4103 179
4095 4121 275
4098 4117 185
4109 4154 156
4136 4169 73
4158 4168 71
4163 4198 291
4176 4185 19
4183 4190 65
4197 4243 18
4223 4249 282
4245 4249 80
4264 4266 259
4287 4300 283
4311 4329 136
4317 4365 66
4339 4384 195
4353 4360 206
4377 4398 163
4386 4402 106
4408 4413 120
4413 4462 172
4414 4459 295
4415 4429 76
4445 4476 170
4450 4482 243
4465 4493 165
4476 4496 4
4476 4521 186
4487 4502 33
4513 4517 200
4531 4565 58
4537 4555 31
4563 4594 33
4570 4614 65
4581 4625 242
4581 4623 129
4587 4630 44
4608 4621 19
4638 4641 284
4644 4684 172
4646 4682 121
4674 4709 50
4692 4726 21
4710 4729 248
4714 4722 66
4721 4748 259
