300
3 14 52
26 41 281
28 66 250
40 43 30
55 103 116
55 95 65
62 67 251
71 91 252
92 115 226
100 142 101
109 148 110
126 173 203
148 182 89
173 187 291
183 188 224
191 214 15
197 219 258
206 207 282
219 259 233
233 276 293
236 258 274
245 252 189
258 295 248
282 304 28
286 319 235
294 338 172
322 365 209
349 370 260
355 381 165
361 409 172
391 411 173
407 444 122
410 412 16
412 416 46
437 462 169
451 476 21
451 496 291
453 488 258
471 520 87
471 486 86
477 517 142
503 522 85
527 563 279
531 542 83
550 552 196
560 569 256
587 603 279
592 641 207
593 596 256
601 609 64
601 632 271
631 677 61
643 681 80
653 660 222
678 699 180
705 739 69
734 743 197
744 776 251
746 773 121
755 792 192
757 776 240
781 799 132
808 828 65
835 865 194
851 878 273
852 885 4
873 899 277
881 898 236
903 953 96
906 909 214
928 929 227
945 973 263
945 980 182
960 984 131
960 989 8
961 965 276
982 1017 291
1008 1028 240
1038 1057 158
1057 1076 87
1073 1118 209
1083 1127 194
1099 1108 264
1105 1152 141
1119 1127 43
1128 1138 239
1129 1131 182
1141 1152 185
1152 1159 248
1175 1183 183
1176 1218 262
1190 1197 20
1190 1239 82
1197 1242 99
1206 1226 65
1228 1243 225
1251 1284 9
1266 1304 173
1272 1312 260
1285 1319 46
1287 1289 212
1297 1319 64
1305 1351 207
1327 1361 18
1345 1369 286
1358 1389 155
1384 1415 47
1401 1432 227
1412 1421 215
1421 1462 114
1433 1479 285
1434 1444 155
1452 1456 140
1460 1490 138
1480 1494 241
1487 1503 284
1491 1527 36
1517 1551 56
1535 1575 52
1544 1564 126
1563 1579 263
1577 1595 285
1588 1628 251
1598 1603 280
1621 1650 225
1639 1678 193
1655 1697 282
1683 1684 24
1712 1733 37
1733 1736 19
1740 1756 202
1754 1773 117
1766 1798 274
1779 1802 197
1788 1802 222
1811 1824 55
1822 1836 133
1830 1831 202
1849 1853 24
1851 1890 235
1866 1882 9
1871 1914 5
1898 1934 194
1925 1934 81
1925 1946 80
1955 2002 289
1979 2002 277
1984 2023 131
2010 2014 8
2028 2051 126
2040 2065 69
2070 2100 211
2098 2113 228
2123 2141 157
2141 2171 158
2157 2202 48
2181 2200 121
2210 2252 32
2232 2257 26
2261 2278 288
2272 2315 54
2285 2306 7
2298 2307 6
2327 2330 113
2355 2361 83
2367 2386 53
2397 2433 116
2427 2467 143
2436 2438 254
2455 2493 284
2476 2496 33
2486 2489 88
2511 2548 284
2526 2556 63
2539 2541 173
2565 2608 210
2585 2608 108
2588 2631 232
2597 2610 297
2626 2655 198
2642 2679 49
2665 2713 253
2670 2695 191
2672 2696 247
2689 2690 95
2711 2740 266
2739 2763 260
2739 2769 249
2769 2819 96
2788 2794 95
2814 2856 132
2838 2850 24
2861 2865 23
2885 2931 92
2911 2948 239
2915 2941 89
2933 2981 57
2941 2955 273
2953 2994 274
2976 3000 196
3003 3021 116
3009 3045 285
3036 3084 50
3063 3090 122
3089 3122 3
3119 3120 253
3138 3155 83
3164 3174 288
3187 3209 28
3215 3259 169
3243 3259 268
3246 3290 193
3256 3257 213
3285 3310 84
3303 3330 3
3310 3353 227
3325 3333 292
3339 3367 138
3347 3353 161
3366 3406 171
3375 3387 179
3405 3407 77
3407 3432 133
3407 3449 86
3416 3436 158
3435 3443 193
3454 3474 157
3482 3498 266
3509 3555 28
3519 3534 15
3548 3572 157
3569 3587 173
3599 3612 110
3609 3649 235
3613 3614 67
3623 3665 64
3627 3662 56
3641 3657 7
3669 3710 202
3682 3710 204
3695 3702 285
3714 3721 21
3740 3742 67
3754 3774 21
3784 3801 8
3784 3822 103
3785 3817 297
3815 3844 163
3819 3851 52
3830 3854 138
3856 3893 280
3872 3894 263
3880 3889 56
3896 3928 81
3916 3919 131
3944 3988 168
3961 3972 12
3984 4023 223
3995 4014 63
4007 4028 130
4033 4068 204
4054 4082 84
4060 4063 155
4089 4114 299
4096 4097 36
4102 4136 289
4109 4119 258
4124 4167 194
4135 4180 141
4150 4182 142
4179 4210 82
4181 4185 41
4201 4222 58
4227 4277 150
4232 4240 204
4240 4263 102
4264 4269 227
4292 4308 186
4316 4326 269
4338 4339 122
4361 4399 145
4372 4380 64
4382 4428 153
4399 4417 220
4422 4454 148
4451 4481 219
4467 4501 294
4473 4482 230
4496 4527 190
4504 4532 37
4505 4512 139
4531 4554 213
4542 4584 140
4564 4580 128
4564 4579 300
4584 4611 52
4589 4617 31
4601 4603 258
4606 4644 134
4626 4662 245
