300
2 3 132
6 49 188
26 63 238
26 60 87
36 66 169
50 72 277
50 74 220
71 92 133
95 142 14
122 147 66
124 131 37
150 177 207
151 159 6
175 221 154
200 206 60
210 253 192
238 239 276
265 279 104
267 281 33
274 317 233
298 328 249
318 337 88
330 357 103
342 359 264
345 362 170
362 380 24
388 428 105
413 452 119
433 436 83
444 468 235
444 450 105
446 490 258
448 472 94
464 496 226
489 520 251
505 535 104
509 517 58
520 560 225
542 583 4
568 593 43
589 629 68
609 629 259
614 634 58
637 647 94
643 670 88
666 713 264
680 711 176
680 721 166
708 751 228
721 770 1
737 763 279
765 813 230
792 800 113
808 832 68
809 846 106
813 820 277
824 847 252
831 852 279
831 863 222
853 860 190
877 914 217
880 924 162
888 896 59
905 907 47
913 949 66
934 956 112
937 966 150
966 1013 151
972 1016 99
1001 1037 45
1013 1050 252
1037 1040 156
1058 1099 230
1088 1118 233
1115 1141 298
1119 1155 176
1148 1169 268
1149 1163 154
1165 1184 216
1176 1213 156
1195 1196 213
1209 1240 215
1227 1244 145
1247 1292 82
1271 1299 7
1287 1329 54
1295 1336 162
1304 1335 230
1311 1320 12
1337 1365 90
1352 1383 24
1372 1377 115
1384 1392 178
1398 1415 23
1428 1464 62
1442 1480 221
1469 1485 238
1493 1515 188
1495 1525 23
1502 1535 126
1510 1517 192
1523 1547 59
1548 1561 57
1562 1598 204
1574 1614 72
1592 1606 98
1610 1642 19
1627 1665 142
1655 1665 283
1670 1674 192
1691 1703 64
1693 1705 187
1707 1709 7
1720 1721 130
1732 1744 175
1762 1810 113
1764 1787 295
1792 1810 9
1817 1833 39
1827 1834 132
1856 1900 261
1880 1910 136
1884 1917 8
1905 1923 205
1918 1959 140
1943 1971 255
1972 2000 257
1992 2024 135
1999 2024 179
2011 2047 26
2029 2035 272
2054 2101 211
2076 2084 98
2094 2141 154
2123 2167 83
2153 2178 41
2156 2196 159
2183 2187 299
2212 2213 238
2233 2242 267
2237 2238 190
2262 2266 82
2264 2279 220
2291 2303 44
2296 2311 147
2296 2328 14
2317 2353 47
2318 2319 130
2339 2363 149
2351 2387 45
2361 2367 215
2385 2409 232
2402 2427 98
2405 2441 139
2416 2445 175
2432 2451 170
2435 2469 184
2455 2491 160
2478 2514 228
2498 2543 116
2526 2570 147
2526 2550 241
2548 2587 119
2561 2585 252
2563 2565 12
2580 2627 174
2590 2628 160
2616 2632 274
2620 2633 264
2644 2669 55
2673 2699 233
2697 2721 13
2719 2721 163
2719 2759 66
2720 2738 11
2731 2758 285
2748 2772 62
2763 2771 98
2769 2773 121
2787 2836 178
2810 2837 140
2822 2863 88
2833 2845 271
2844 2886 38
2862 2905 240
2887 2890 270
2897 2919 200
2908 2925 34
2930 2946 198
2930 2935 15
2945 2991 168
2949 2967 215
2977 3019 274
3006 3036 164
3035 3070 76
3038 3067 258
3053 3094 298
3075 3089 296
3081 3131 162
3096 3130 270
3100 3150 97
3121 3126 15
3121 3146 145
3141 3168 239
3164 3194 111
3165 3175 8
3165 3188 55
3191 3226 33
3206 3225 268
3236 3264 158
3257 3293 34
3276 3296 300
3286 3295 42
3296 3344 205
3310 3317 221
3311 3316 68
3321 3342 177
3332 3340 18
3349 3371 111
3376 3378 223
3386 3417 196
3403 3410 97
3403 3406 108
3416 3440 88
3420 3447 244
3425 3453 57
3434 3441 212
3446 3493 255
3466 3481 297
3483 3493 41
3504 3509 7
3514 3541 187
3538 3581 123
3539 3580 297
3541 3576 7
3549 3574 264
3565 3569 80
3573 3585 271
3573 3609 72
3599 3641 100
3624 3634 286
3637 3685 126
3662 3675 107
3678 3689 283
3686 3708 80
3704 3722 188
3728 3755 129
3757 3803 174
3767 3785 267
3767 3814 226
3781 3806 276
3810 3842 269
3840 3872 82
3866 3868 155
3883 3890 9
3894 3923 5
3901 3928 57
3926 3953 2
3937 3946 198
3944 3968 150
3959 3981 229
3986 4005 162
3993 4007 162
4001 4012 270
4030 4052 139
4047 4059 91
4049 4072 133
4065 4086 20
4065 4090 114
4080 4089 251
4103 4107 280
4126 4169 5
4145 4164 62
4171 4180 79
4188 4225 231
4200 4226 297
4230 4265 227
4250 4256 263
4279 4316 81
4306 4355 86
4332 4355 105
4357 4377 94
4377 4413 46
4406 4413 5
4426 4428 114
4440 4456 186
4445 4481 106
4445 4460 240
4469 4482 197
4488 4532 250
4497 4521 170
4518 4543 275
4548 4582 22
4556 4586 258
4581 4598 128
4599 4635 190
4626 4634 277
4640 4685 32
4670 4699 68
4691 4739 113
