300
17 18 224
26 55 83
36 42 63
66 89 122
91 107 247
111 114 172
121 151 214
129 131 163
141 144 146
146 186 189
172 221 188
174 219 83
198 224 153
207 248 37
208 245 170
223 254 207
246 293 29
251 278 71
257 297 151
264 288 239
273 275 107
300 306 233
307 345 78
322 364 82
332 362 216
359 395 281
361 371 290
376 397 12
400 425 253
421 469 119
434 467 119
439 452 150
451 455 298
467 477 121
497 540 200
502 537 64
502 505 263
520 566 269
538 553 98
550 583 191
569 598 222
578 628 159
593 616 34
608 620 116
619 638 87
621 632 219
639 664 73
641 679 61
665 702 115
665 687 200
681 721 234
701 719 23
726 757 232
738 757 107
738 752 26
758 791 127
761 801 115
779 827 258
782 810 75
787 835 205
804 846 76
827 837 121
841 888 200
858 860 271
874 880 157
879 894 163
902 904 78
922 969 256
938 940 130
944 951 148
948 980 88
968 996 171
981 1029 85
1003 1021 73
1012 1050 154
1023 1047 186
1037 1064 252
1063 1064 234
1074 1122 230
1083 1117 115
1097 1119 143
1126 1166 83
1143 1169 3
1160 1188 21
1169 1185 48
1178 1206 259
1193 1243 163
1215 1245 278
1237 1272 27
1246 1267 112
1255 1262 281
1255 1298 90
1271 1288 223
1291 1292 184
1305 1325 94
1306 1348 254
1313 1353 195
1342 1392 236
1350 1394 235
1359 1393 241
1368 1389 123
1381 1383 182
1384 1412 191
1404 1413 135
1409 1454 46
1428 1457 124
1432 1476 148
1458 1483 196
1486 1528 284
1492 1510 155
1501 1510 149
1521 1529 5
1532 1566 246
1562 1608 60
1568 1606 172
1569 1596 56
1579 1620 46
1608 1637 88
1620 1663 13
1624 1625 259
1645 1659 208
1670 1680 114
1671 1709 289
1674 1694 147
1676 1719 243
1706 1732 15
1725 1757 135
1733 1746 264
1742 1785 65
1745 1746 202
1775 1810 181
1778 1782 199
1802 1812 255
1819 1851 64
1842 1862 85
1858 1866 47
1883 1898 204
1899 1911 8
1929 1974 116
1937 1966 57
1961 2007 220
1981 1995 200
1985 1987 76
1992 1997 85
1993 2016 92
2023 2039 21
2052 2055 129
2080 2099 222
2110 2152 168
2127 2177 9
2139 2171 64
2155 2196 130
2160 2167 134
2176 2195 114
2193 2211 132
2219 2232 69
2247 2265 191
2261 2264 78
2268 2272 126
2298 2320 109
2317 2352 2
2328 2356 185
2337 2387 271
2359 2396 160
2360 2374 119
2382 2399 79
2383 2422 22
2404 2440 236
2423 2442 88
2435 2437 92
2458 2501 213
2481 2487 6
2488 2523 77
2504 2538 259
2504 2515 193
2511 2521 185
2515 2525 5
2518 2554 103
2523 2558 221
2539 2551 164
2563 2585 118
2572 2573 27
2588 2637 163
2616 2621 178
2619 2643 210
2631 2661 256
2653 2691 179
2660 2699 159
2688 2689 48
2706 2716 254
2724 2726 280
2731 2745 156
2748 2770 94
2773 2823 218
2775 2799 289
2788 2824 73
2789 2810 60
2811 2818 218
2821 2868 249
2837 2882 14
2852 2888 23
2861 2908 161
2891 2927 93
2905 2937 16
2912 2951 208
2939 2942 263
2959 2965 208
2969 2994 233
2992 3025 211
2998 3032 155
3015 3022 210
3019 3042 129
3042 3080 214
3043 3087 142
3069 3073 188
3092 3124 251
3111 3146 237
3124 3136 292
3152 3163 55
3173 3200 219
3201 3211 119
3228 3244 255
3253 3297 299
3262 3295 104
3281 3312 266
3282 3318 224
3294 3313 70
3307 3323 97
3336 3356 131
3364 3409 161
3384 3390 252
3403 3433 298
3415 3446 156
3443 3475 246
3455 3462 74
3485 3501 120
3497 3530 264
3512 3559 263
3517 3551 2
3541 3589 108
3549 3551 44
3549 3583 7
3558 3582 245
3574 3621 122
3594 3640 286
3615 3633 248
3627 3634 247
3628 3656 253
3637 3651 224
3667 3705 30
3676 3698 115
3699 3716 132
3717 3749 93
3732 3743 225
3740 3744 192
3750 3786 79
3756 3767 148
3773 3804 288
3796 3844 40
3813 3829 39
3819 3846 44
3828 3850 135
3856 3893 202
3881 3891 109
3906 3923 281
3928 3971 214
3953 3966 105
3962 3970 265
3966 4015 274
3986 3991 23
4005 4015 137
4026 4032 43
4028 4056 82
4058 4087 209
4060 4094 205
4073 4093 189
4086 4131 154
4088 4127 146
4096 4130 273
4103 4110 193
4129 4176 56
4159 4173 299
4169 4214 237
4184 4233 108
4189 4200 42
4215 4239 270
4234 4281 202
4238 4288 240
4255 4294 257
4277 4287 212
4277 4316 106
4303 4341 182
4319 4320 257
4342 4366 17
4365 4398 291
4378 4382 83
4390 4393 164
4405 4438 161
4409 4413 34
4416 4463 293
