300
23 54 187
35 79 276
65 107 236
89 125 16
105 145 113
109 151 113
137 178 7
155 171 269
178 199 229
199 242 149
214 219 247
234 259 241
249 283 52
274 319 151
274 280 17
302 347 268
303 305 282
327 354 102
329 356 286
357 382 72
374 387 61
375 415 132
404 439 242
434 441 232
452 455 154
473 506 140
478 525 129
502 525 26
508 525 151
527 550 82
557 572 223
564 601 100
579 580 207
606 626 190
623 638 293
639 652 276
647 657 199
677 693 251
692 701 48
697 700 67
720 753 91
750 793 263
753 790 67
780 816 246
803 811 153
817 847 61
827 869 11
828 831 229
839 860 173
843 883 98
853 879 106
869 887 188
885 911 71
915 920 275
924 934 32
926 943 168
943 966 52
946 965 97
960 973 66
982 1031 121
996 1007 75
1020 1063 185
1044 1059 212
1048 1096 108
1064 1096 176
1080 1105 189
1088 1123 105
1103 1135 58
1126 1139 60
1136 1140 101
1161 1203 168
1176 1215 277
1181 1225 131
1189 1208 101
1192 1218 122
1194 1218 226
1212 1245 13
1233 1280 156
1262 1295 134
1268 1274 72
1274 1297 43
1298 1336 148
1322 1369 219
1327 1369 269
1355 1361 138
1358 1366 221
1376 1418 221
1380 1421 255
1390 1416 58
1390 1393 292
1416 1460 296
1433 1449 291
1447 1477 65
1454 1480 185
1479 1495 65
1502 1537 64
1510 1557 177
1524 1531 87
1552 1568 212
1560 1586 44
1570 1609 110
1575 1623 108
1598 1641 33
1623 1644 211
1629 1670 219
1655 1691 78
1666 1693 186
1683 1715 145
1712 1755 268
1725 1728 135
1725 1762 201
1745 1785 231
1770 1802 20
1774 1782 20
1775 1784 125
1787 1793 223
1797 1803 51
1806 1815 275
1815 1827 94
1815 1818 280
1830 1869 236
1850 1883 277
1869 1902 155
1889 1926 232
1906 1947 197
1929 1946 234
1946 1982 5
1951 1978 28
1968 2002 211
1982 1993 146
2011 2059 101
2033 2036 186
2041 2091 33
2061 2090 3
2065 2068 285
2068 2113 36
2074 2092 124
2075 2109 236
2103 2147 125
2133 2169 131
2136 2147 260
2159 2178 193
2169 2193 261
2188 2202 296
2218 2230 50
2221 2264 258
2246 2294 293
2248 2268 201
2268 2285 48
2289 2309 246
2317 2318 169
2322 2338 165
2344 2361 221
2345 2386 243
2375 2417 250
2377 2402 8
2404 2409 229
2417 2464 141
2442 2471 238
2458 2477 10
2487 2520 206
2494 2520 1
2517 2563 214
2542 2591 257
2572 2614 70
2584 2613 212
2601 2630 38
2605 2625 281
2628 2646 219
2652 2653 87
2680 2724 145
2684 2729 128
2698 2746 134
2718 2741 179
2743 2771 204
2761 2786 135
2773 2812 167
2800 2811 67
2813 2829 176
2829 2842 251
2839 2883 140
2840 2881 52
2850 2884 237
2854 2898 263
2865 2892 71
2869 2876 77
2869 2912 78
2893 2900 58
2917 2937 246
2944 2951 139
2962 2969 289
2969 3010 128
2995 3008 1
3001 3002 15
3030 3068 138
3034 3040 44
3050 3074 93
3058 3077 197
3087 3130 5
3101 3135 270
3115 3161 35
3145 3175 62
3151 3189 200
3157 3178 185
3164 3170 273
3185 3204 161
3192 3239 75
3215 3260 297
3235 3280 22
3235 3243 284
3259 3266 212
3273 3315 79
3277 3312 259
3280 3285 191
3281 3311 250
3309 3321 100
3330 3339 289
3340 3364 5
3363 3411 276
3371 3415 166
3401 3409 5
3416 3443 178
3417 3430 253
3432 3476 215
3452 3461 250
3481 3500 229
3505 3510 184
3529 3557 39
3534 3540 254
3558 3607 73
3561 3589 204
3569 3606 63
3585 3599 255
3597 3638 278
3611 3657 11
3630 3648 97
3633 3664 88
3634 3656 94
3647 3664 75
3674 3703 191
3679 3699 150
3679 3688 105
3708 3721 207
3734 3745 113
3750 3785 201
3758 3767 35
3766 3810 262
3771 3805 162
3797 3826 37
3814 3860 136
3833 3878 101
3836 3874 128
3857 3863 245
3857 3878 245
3865 3911 38
3866 3908 278
3883 3927 231
3910 3950 72
3936 3986 112
3966 3988 29
3994 4018 104
4022 4039 243
4028 4067 168
4036 4049 270
4062 4092 90
4062 4098 276
4086 4133 132
4089 4105 31
4111 4161 19
4122 4154 229
4132 4169 224
4137 4160 81
4143 4193 32
4150 4172 77
4157 4166 173
4157 4184 205
4175 4194 101
4189 4235 236
4193 4199 152
4201 4223 55
4201 4233 25
4222 4254 64
4229 4251 254
4240 4282 67
4263 4298 65
4270 4287 10
4300 4350 34
4318 4354 40
4320 4345 129
4324 4361 234
4333 4363 146
4338 4379 227
4341 4387 219
4369 4403 228
4378 4392 139
4383 4430 11
4383 4409 258
4400 4439 267
4424 4447 137
4425 4459 232
