300
20 33 255
20 40 227
20 30 123
36 62 84
40 49 146
47 59 71
55 84 160
69 74 174
81 87 36
100 113 191
111 140 107
120 147 253
139 172 249
153 199 122
172 178 182
186 230 18
193 227 201
211 217 233
232 272 148
232 269 15
248 268 37
252 272 209
257 268 103
275 293 270
300 301 31
326 350 257
336 368 70
359 371 193
389 400 287
415 455 131
416 436 175
416 420 273
440 471 185
457 499 276
470 471 147
478 482 59
495 537 202
517 542 269
526 576 209
548 579 11
566 609 182
572 581 20
600 641 282
601 643 120
621 657 19
645 667 203
670 711 172
686 731 29
699 738 187
718 732 104
734 758 143
748 768 216
777 803 83
794 821 72
814 854 259
841 849 227
844 871 266
866 876 25
890 901 84
909 926 259
934 945 192
935 979 134
936 959 215
958 967 60
986 1031 178
995 997 91
1010 1013 122
1016 1017 125
1039 1043 297
1053 1082 43
1058 1075 215
1084 1131 134
1100 1116 16
1121 1151 283
1126 1136 236
1153 1191 107
1180 1196 284
1181 1226 78
1185 1198 86
1194 1214 104
1207 1227 179
1236 1238 275
1245 1255 225
1262 1277 131
1271 1303 5
1275 1296 76
1302 1310 294
1326 1352 39
1343 1384 76
1367 1372 157
1367 1371 181
1376 1423 130
1395 1432 194
1401 1404 119
1422 1436 276
1433 1463 184
1442 1487 286
1442 1480 243
1443 1477 117
1458 1506 2
1472 1493 50
1499 1507 123
1521 1534 37
1527 1556 138
1551 1580 177
1578 1601 99
1603 1611 61
1622 1645 142
1632 1656 158
1647 1668 178
1654 1672 24
1662 1686 269
1691 1706 233
1696 1741 262
1725 1727 182
1751 1764 48
1773 1823 14
1782 1799 178
1788 1795 249
1813 1829 115
1827 1847 84
1850 1892 18
1862 1888 36
1876 1894 184
1900 1928 191
1905 1919 68
1918 1949 212
1946 1952 146
1973 2014 221
1999 2029 64
2015 2057 92
2031 2054 105
2038 2073 219
2041 2057 238
2043 2081 289
2058 2078 248
2065 2104 176
2070 2101 9
2086 2109 110
2088 2119 187
2117 2135 253
2119 2134 200
2129 2157 198
2159 2161 13
2169 2187 59
2183 2230 145
2202 2219 182
2206 2240 261
2229 2241 278
2249 2253 298
2273 2295 259
2279 2322 146
2281 2287 287
2309 2331 73
2317 2354 11
2334 2345 217
2343 2366 261
2354 2371 119
2383 2430 43
2384 2385 170
2390 2413 206
2405 2443 268
2405 2443 93
2435 2443 299
2447 2495 238
2472 2489 62
2477 2505 109
2478 2499 124
2480 2496 99
2484 2498 154
2492 2504 109
2520 2552 16
2539 2573 124
2539 2558 208
2563 2572 207
2574 2613 163
2587 2613 157
2588 2638 127
2588 2613 59
2611 2651 122
2626 2662 246
2635 2654 19
2644 2647 248
2648 2693 77
2653 2698 95
2659 2667 208
2660 2684 289
2675 2705 172
2680 2712 76
2687 2691 281
2703 2720 104
2705 2740 182
2715 2739 106
2721 2757 228
2747 2781 15
2754 2783 150
2758 2795 227
2771 2820 277
2799 2817 122
2805 2817 277
2817 2854 200
2819 2836 290
2823 2873 280
2837 2862 106
2837 2858 113
2840 2868 107
2847 2861 241
2855 2857 3
2860 2872 37
2861 2879 172
2869 2905 85
2882 2922 216
2911 2936 22
2926 2928 176
2944 2945 267
2950 2994 62
2957 2992 104
2981 2992 190
3004 3008 50
3025 3062 165
3035 3069 254
3056 3088 152
3060 3098 135
3064 3098 283
3077 3084 294
3082 3091 172
3100 3116 202
3123 3137 56
3130 3174 297
3148 3165 135
3168 3211 172
3177 3179 158
3177 3198 89
3193 3208 152
3205 3220 209
3209 3248 245
3211 3235 67
3239 3281 49
3243 3281 234
3251 3273 6
3256 3290 38
3264 3311 181
3274 3320 282
3278 3314 24
3302 3322 279
3317 3323 130
3344 3369 74
3371 3415 153
3372 3409 117
3385 3421 11
3388 3398 229
3390 3413 67
3412 3427 184
3442 3472 123
3442 3479 13
3443 3477 15
3460 3484 91
3474 3491 243
3486 3510 276
3494 3531 10
3516 3557 175
3532 3582 203
3550 3586 11
3572 3597 224
3578 3614 10
3580 3599 34
3596 3606 142
3603 3638 159
3605 3642 281
3631 3650 181
3652 3682 289
3673 3682 168
3698 3702 273
3706 3734 44
3714 3735 235
3738 3739 70
3749 3759 176
3760 3789 85
3787 3810 111
3788 3797 98
3804 3816 287
3819 3829 152
3828 3866 73
3842 3869 42
3847 3854 111
3872 3910 219
3902 3917 276
3919 3956 253
3920 3953 91
3947 3981 63
3967 4012 234
3989 4025 217
3992 3998 41
3996 4025 255
3998 4035 162
4003 4051 138
4013 4016 292
4032 4033 289
4059 4076 14
4062 4110 123
