300
29 72 147
53 95 257
82 86 103
82 103 204
82 127 156
112 157 249
119 128 175
139 148 257
140 150 127
167 194 131
173 177 138
173 201 111
192 207 215
217 230 259
234 261 131
264 268 221
283 293 270
312 346 2
326 330 90
335 348 242
344 392 264
359 383 185
362 383 108
378 411 89
402 419 243
409 423 295
431 474 220
454 494 189
468 478 232
470 517 62
495 542 267
522 557 60
529 530 84
536 576 108
538 569 158
559 580 8
589 625 231
611 654 184
641 686 27
645 670 151
655 679 194
664 689 250
693 711 281
718 761 106
719 730 105
734 761 118
737 769 157
756 770 142
756 767 155
771 773 65
775 780 258
802 836 245
821 847 256
838 886 213
850 868 37
873 896 117
896 934 298
919 933 114
934 953 239
952 1002 161
981 995 95
990 992 162
1014 1055 165
1029 1057 159
1047 1059 6
1050 1095 19
1057 1090 96
1069 1114 61
1069 1080 44
1086 1126 11
1107 1130 136
1114 1115 36
1119 1134 73
1145 1159 9
1162 1188 73
1191 1231 93
1194 1238 190
1219 1227 161
1240 1282 253
1252 1282 194
1253 1271 295
1275 1298 217
1280 1286 142
1287 1330 226
1287 1326 101
1298 1347 153
1300 1319 10
1302 1326 50
1310 1358 146
1332 1370 90
1357 1402 222
1381 1415 221
1390 1413 154
1419 1466 126
1423 1437 169
1449 1457 100
1449 1475 259
1453 1455 284
1470 1488 93
1491 1515 85
1502 1546 139
1532 1568 232
1556 1574 201
1564 1572 130
1585 1633 157
1603 1628 202
1610 1612 166
1630 1662 28
1653 1688 79
1666 1672 171
1672 1675 284
1690 1736 17
1701 1735 17
1728 1764 83
1751 1772 234
1768 1795 80
1776 1782 193
1788 1789 223
1788 1822 267
1814 1853 12
1821 1869 220
1850 1872 245
1867 1897 271
1867 1876 175
1888 1901 239
1891 1939 146
1917 1935 99
1928 1975 234
1950 1982 185
1959 1974 12
1987 2037 44
1987 2006 5
2005 2053 276
2027 2047 235
2032 2082 133
2040 2057 154
2056 2058 9
2078 2111 151
2086 2116 208
2091 2126 62
2099 2123 92
2123 2166 202
2145 2152 102
2159 2198 272
2167 2198 296
2191 2195 11
2192 2225 283
2214 2247 179
2231 2263 37
2246 2254 114
2270 2276 125
2280 2309 144
2284 2308 48
2302 2324 172
2318 2343 114
2342 2374 72
2360 2407 128
2379 2391 155
2388 2395 65
2396 2415 54
2416 2454 193
2435 2446 134
2443 2476 108
2449 2494 256
2458 2467 131
2477 2501 118
2484 2496 278
2485 2530 224
2487 2492 36
2491 2506 57
2493 2501 20
2510 2517 252
2533 2549 16
2555 2586 239
2567 2610 249
2597 2641 287
2602 2645 159
2603 2637 10
2603 2619 32
2609 2638 158
2637 2684 14
2664 2668 268
2674 2685 47
2697 2745 225
2721 2733 262
2722 2752 195
2731 2750 275
2750 2769 163
2778 2781 115
2795 2830 264
2801 2851 124
2806 2822 134
2831 2880 1
2851 2854 258
2857 2880 224
2869 2906 208
2899 2931 297
2929 2934 188
2939 2968 112
2945 2961 212
2948 2976 82
2978 3016 113
2987 3030 277
3016 3045 168
3034 3045 188
3051 3100 274
3051 3096 10
3075 3112 93
3081 3099 234
3103 3141 235
3123 3159 242
3135 3165 248
3141 3166 12
3166 3199 55
3186 3228 90
3205 3227 189
3235 3246 233
3248 3266 8
3268 3286 18
3285 3315 251
3310 3334 3
3333 3359 245
3342 3348 269
3351 3387 134
3370 3401 68
3381 3402 155
3391 3424 16
3392 3417 22
3408 3437 97
3413 3456 8
3437 3476 229
3448 3486 285
3459 3484 136
3466 3504 5
3471 3500 80
3495 3529 244
3515 3557 288
3530 3538 192
3534 3550 76
3553 3592 273
3577 3626 137
3601 3626 152
3613 3648 9
3624 3668 86
3632 3678 19
3649 3654 20
3666 3689 34
3685 3723 280
3689 3726 30
3719 3765 298
3736 3755 120
3758 3783 114
3776 3804 60
3786 3823 165
3808 3854 168
3813 3827 285
3827 3865 270
3832 3857 263
3841 3890 248
3867 3904 67
3883 3898 2
3894 3940 24
3918 3962 241
3924 3973 178
3937 3980 215
3951 3998 43
3977 4022 29
3980 4021 112
4009 4053 119
4034 4044 85
4060 4064 287
4090 4095 224
4094 4114 261
4115 4141 108
4138 4147 201
4164 4183 9
4190 4240 271
4216 4255 170
4239 4251 208
4252 4264 151
4278 4317 202
4298 4307 299
4305 4341 239
4329 4359 91
4354 4374 178
4378 4415 197
4388 4424 150
4417 4448 70
4435 4479 258
4451 4468 50
4460 4491 73
4461 4502 265
4490 4532 170
4494 4519 269
4520 4545 69
4536 4553 181
4561 4599 16
4566 4583 213
4592 4625 94
4616 4653 8
