300
25 71 238
35 47 103
51 90 247
54 101 292
68 70 118
91 101 47
121 141 267
127 161 214
137 139 106
137 187 6
153 195 190
182 200 186
202 250 239
210 229 269
218 265 223
241 258 119
248 264 150
269 308 136
290 309 178
312 341 136
342 345 4
342 345 21
356 405 234
371 396 80
372 393 35
382 419 23
392 430 103
420 465 267
422 436 166
444 493 28
449 474 72
456 476 88
469 498 121
484 521 278
509 531 119
531 581 77
554 583 52
584 587 139
600 604 102
612 635 188
637 668 170
649 679 128
677 699 62
705 719 208
712 730 8
741 750 237
748 755 190
761 781 79
768 786 259
788 805 43
816 834 225
820 863 236
829 838 191
847 887 23
856 886 258
872 890 128
894 916 213
901 943 217
905 913 225
906 937 64
910 927 84
929 940 264
939 961 222
939 984 84
959 964 94
968 973 81
984 1030 281
1012 1061 252
1031 1070 278
1038 1068 176
1055 1102 83
1055 1062 71
1076 1081 114
1089 1120 14
1112 1160 61
1135 1156 203
1155 1172 139
1165 1190 40
1184 1225 104
1184 1232 292
1195 1204 89
1198 1201 265
1211 1236 23
1234 1266 113
1237 1287 73
1255 1268 232
1267 1309 71
1296 1310 247
1303 1339 105
1314 1335 93
1338 1364 47
1355 1374 142
1376 1412 265
1392 1398 103
1406 1430 222
1433 1439 31
1433 1480 141
1438 1488 122
1445 1493 190
1451 1484 118
1478 1508 214
1484 1532 136
1499 1529 117
1521 1556 43
1534 1547 290
1535 1538 233
1554 1590 46
1565 1586 42
1569 1616 293
1594 1597 21
1598 1615 17
1619 1657 238
1630 1677 197
1632 1679 70
1637 1641 246
1657 1701 63
1657 1676 85
1687 1736 193
1695 1737 240
1717 1737 114
1719 1752 272
1722 1752 262
1736 1783 166
1760 1771 211
1789 1809 85
1803 1853 194
1822 1860 108
1852 1860 63
1874 1892 235
1888 1889 105
1902 1918 49
1919 1933 169
1941 1988 16
1954 1958 182
1983 2002 171
2006 2039 118
2015 2064 217
2026 2034 217
2047 2056 274
2067 2095 60
2072 2107 219
2072 2097 254
2093 2096 163
2107 2149 143
2110 2139 231
2119 2137 75
2138 2141 112
2146 2152 95
2168 2193 21
2189 2221 32
2196 2198 202
2214 2227 14
2237 2238 7
2249 2251 153
2263 2272 20
2277 2305 215
2281 2316 30
2295 2315 274
2322 2369 279
2352 2382 272
2360 2403 123
2368 2395 22
2371 2394 147
2394 2423 222
2410 2446 200
2415 2449 255
2429 2440 72
2454 2468 44
2469 2506 109
2469 2492 252
2478 2494 147
2487 2503 90
2510 2522 192
2530 2551 229
2541 2581 98
2543 2571 203
2556 2586 235
2580 2620 78
2602 2608 44
2624 2649 102
2643 2646 276
2646 2668 134
2675 2710 276
2687 2720 57
2704 2706 118
2729 2748 209
2759 2809 279
2787 2828 148
2809 2835 5
2815 2823 202
2826 2864 13
2849 2860 10
2865 2915 65
2869 2915 276
2871 2903 8
2877 2891 24
2892 2895 59
2896 2924 281
2906 2944 231
2923 2962 78
2951 2989 76
2951 2997 18
2963 3007 112
2980 3018 1
3006 3043 72
3009 3021 141
3023 3051 49
3032 3056 21
3040 3058 21
3058 3061 128
3071 3111 279
3092 3129 230
3112 3143 116
3141 3149 63
3161 3182 109
3190 3230 183
3196 3206 6
3226 3230 91
3228 3249 140
3245 3286 139
3249 3253 160
3256 3284 103
3268 3290 129
3289 3309 80
3314 3338 275
3336 3385 285
3345 3371 118
3348 3381 107
3353 3360 299
3369 3408 101
3390 3406 90
3407 3411 80
3425 3448 129
3428 3467 61
3447 3488 286
3465 3507 232
3469 3490 66
3484 3497 35
3505 3548 195
3510 3511 271
3536 3577 206
3555 3601 297
3582 3629 154
3602 3624 116
3625 3641 184
3643 3679 173
3644 3668 171
3672 3715 141
3695 3724 156
3721 3755 55
3730 3755 3
3740 3761 176
3763 3783 50
3766 3806 112
3770 3816 155
3797 3805 229
3812 3813 293
3812 3861 54
3830 3867 279
3842 3868 188
3860 3874 272
3889 3901 63
3907 3913 49
3907 3932 35
3917 3919 165
3924 3940 232
3926 3954 198
3935 3981 138
3942 3956 298
3961 3979 298
3961 3969 37
3987 4013 234
4004 4025 201
4011 4035 277
4041 4079 295
4062 4098 167
4068 4101 80
4068 4108 171
4075 4101 13
4101 4113 240
4103 4105 265
4117 4135 164
4135 4156 18
4157 4186 284
4177 4210 61
4194 4243 59
4200 4209 207
4208 4212 64
4223 4273 74
4253 4280 28
4267 4293 277
4269 4314 103
4269 4297 31
4299 4341 226
4309 4353 225
4311 4331 115
4314 4323 184
4338 4388 30
4366 4396 100
4370 4399 8
