300
11 55 35
35 62 126
51 71 17
64 94 173
69 109 58
85 112 36
105 149 148
115 155 168
131 150 167
133 181 13
138 139 118
142 182 177
165 207 219
185 204 113
192 223 27
197 233 203
218 258 117
237 257 196
249 263 125
270 282 233
270 305 268
279 321 220
308 358 262
319 368 162
337 357 196
365 368 182
382 398 166
391 433 2
403 445 277
416 449 262
440 490 174
446 459 177
463 498 230
473 477 5
481 495 61
483 522 226
511 539 241
540 568 116
563 584 241
581 582 98
609 639 5
629 647 133
630 667 189
654 666 172
669 717 116
693 720 64
722 749 279
745 785 220
755 803 202
777 804 142
793 836 244
797 817 201
822 860 272
842 883 199
859 880 34
868 913 25
869 881 56
892 928 166
913 936 54
920 969 290
934 980 237
940 951 41
967 976 273
981 1021 221
989 1036 47
995 1006 61
1020 1070 130
1033 1074 95
1052 1074 1
1081 1126 186
1099 1134 181
1105 1116 99
1105 1125 44
1106 1146 97
1109 1141 51
1118 1151 288
1125 1151 7
1125 1158 39
1148 1156 211
1152 1177 146
1169 1175 69
1169 1190 217
1177 1212 1
1182 1211 254
1194 1204 51
1224 1235 60
1247 1286 54
1257 1259 243
1267 1317 49
1297 1304 188
1316 1357 28
1330 1377 206
1348 1382 188
1374 1416 220
1378 1420 128
1391 1400 285
1413 1431 149
1438 1442 232
1452 1481 90
1452 1474 84
1458 1466 264
1465 1500 72
1477 1517 56
1504 1535 176
1517 1523 55
1532 1547 235
1534 1539 151
1536 1563 111
1541 1564 205
1571 1591 296
1582 1614 64
1604 1609 235
1618 1662 49
1621 1625 61
1647 1696 242
1650 1676 2
1661 1710 42
1686 1735 76
1688 1709 168
1708 1747 296
1727 1751 65
1733 1771 11
1737 1764 298
1754 1769 280
1773 1784 280
1783 1832 2
1786 1810 90
1807 1840 191
1819 1863 32
1829 1873 120
1851 1898 116
1854 1864 156
1873 1914 214
1895 1939 93
1917 1949 256
1928 1959 250
1941 1953 16
1965 2015 207
1983 2003 39
2001 2050 131
2025 2053 225
2033 2063 230
2054 2073 171
2083 2111 8
2097 2109 261
2115 2160 236
2131 2134 43
2158 2185 191
2176 2184 295
2201 2228 291
2221 2265 53
2244 2285 75
2270 2303 196
2287 2320 101
2297 2310 106
2320 2332 291
2341 2382 185
2351 2394 68
2380 2392 259
2405 2424 241
2419 2430 168
2449 2485 283
2456 2475 124
2465 2514 234
2483 2527 70
2496 2543 277
2518 2522 234
2538 2587 181
2551 2565 246
2559 2572 105
2587 2601 292
2589 2606 180
2603 2650 76
2629 2648 200
2651 2701 249
2662 2704 44
2673 2692 93
2689 2692 28
2704 2754 225
2706 2738 165
2732 2780 123
2747 2780 258
2754 2797 248
2754 2780 214
2781 2784 184
2784 2831 39
2805 2842 239
2829 2861 272
2840 2845 274
2870 2906 95
2876 2886 105
2892 2935 166
2899 2917 197
2929 2931 140
2941 2960 116
2949 2982 93
2970 3014 66
2974 2980 168
3004 3052 90
3031 3057 2
3050 3062 21
3070 3082 163
3087 3088 242
3091 3115 179
3107 3149 124
3117 3132 63
3142 3176 28
3161 3203 110
3164 3175 139
3186 3216 49
3214 3220 259
3230 3266 65
3250 3260 160
3270 3319 22
3289 3300 43
3297 3307 218
3323 3353 54
3324 3336 132
3333 3374 242
3334 3347 258
3353 3389 205
3370 3407 185
3392 3419 188
3412 3441 50
3429 3468 85
3433 3435 142
3453 3475 25
3461 3469 93
3488 3506 273
3492 3496 197
3514 3553 104
3537 3554 296
3557 3580 13
3562 3605 10
3569 3574 205
3576 3610 201
3603 3641 108
3625 3638 109
3628 3672 15
3635 3653 73
3665 3678 247
3685 3713 151
3715 3741 23
3738 3783 162
3752 3761 271
3763 3784 99
3791 3808 60
3805 3855 132
3814 3845 22
3822 3857 13
3846 3858 5
3860 3904 241
3885 3921 113
3911 3934 63
3940 3969 115
3944 3962 194
3960 3989 39
3974 4007 198
3985 4011 236
4007 4016 77
4018 4059 291
4029 4032 298
4059 4066 300
4079 4087 152
4102 4119 60
4123 4171 48
4146 4194 252
4168 4217 192
4195 4210 272
4218 4230 64
4248 4259 288
4273 4310 98
4291 4327 145
4303 4338 194
4313 4362 73
4317 4329 131
4321 4340 99
4349 4391 227
4375 4392 268
4391 4441 200
4416 4419 43
4435 4453 51
4455 4464 40
4483 4523 208
4486 4495 258
4500 4538 269
4509 4515 107
4523 4525 108
4544 4593 278
4551 4570 201
4575 4584 183
4581 4609 124
4586 4610 286
4613 4627 124
4635 4650 42
4641 4645 10
4666 4678 256
4676 4705 161
4683 4698 15
4697 4710 39
