300
10 39 275
34 59 294
46 59 234
53 65 34
72 117 33
87 114 158
110 129 144
132 159 171
139 177 259
143 147 93
143 180 24
153 176 219
174 199 266
194 205 142
202 215 211
206 252 28
232 265 99
259 307 181
260 264 131
261 290 178
268 281 58
292 293 180
297 347 89
320 353 214
324 346 152
347 350 52
376 381 32
404 432 29
405 416 298
431 437 232
448 480 174
468 481 275
498 511 252
527 534 61
536 546 280
547 575 141
555 586 264
573 614 13
583 585 223
601 618 76
614 645 234
638 665 183
643 649 94
662 691 201
667 673 110
696 697 120
700 739 130
727 748 159
757 767 28
757 799 53
759 789 34
767 783 163
796 843 31
821 862 97
849 895 43
859 865 33
883 903 69
898 927 125
917 931 194
941 946 30
968 991 257
998 1024 55
1025 1029 190
1049 1099 222
1059 1099 116
1076 1110 261
1077 1097 92
1100 1105 77
1121 1123 28
1147 1194 31
1155 1193 198
1183 1205 171
1185 1194 14
1204 1242 198
1205 1209 126
1209 1245 256
1212 1243 166
1237 1243 229
1266 1270 243
1266 1295 2
1273 1275 278
1275 1300 110
1283 1327 166
1287 1320 162
1303 1312 91
1314 1364 158
1329 1350 166
1343 1349 292
1370 1378 13
1390 1400 57
1405 1434 208
1423 1456 285
1432 1473 245
1461 1500 135
1489 1494 169
1495 1531 216
1524 1539 297
1530 1536 270
1553 1564 272
1561 1569 259
1564 1578 215
1567 1616 60
1584 1613 174
1586 1633 72
1600 1605 252
1600 1634 188
1601 1636 235
1625 1663 180
1628 1632 117
1641 1667 280
1643 1691 124
1654 1663 55
1677 1690 69
1688 1699 290
1697 1701 173
1698 1720 110
1701 1726 200
1712 1726 273
1722 1731 272
1752 1772 2
1768 1803 24
1771 1807 15
1786 1821 168
1809 1830 293
1825 1872 222
1839 1875 110
1860 1873 250
1883 1887 132
1896 1923 249
1919 1959 36
1934 1939 136
1950 1994 136
1968 1982 44
1976 1993 250
2001 2036 297
2023 2066 153
2037 2056 287
2060 2080 122
2077 2105 236
2085 2125 27
2114 2127 185
2135 2143 236
2162 2178 53
2167 2199 107
2175 2217 44
2178 2179 30
2184 2207 170
2190 2226 79
2210 2238 195
2230 2261 56
2260 2310 297
2271 2291 193
2300 2303 206
2307 2337 18
2321 2335 113
2344 2367 129
2353 2403 1
2372 2378 276
2386 2395 263
2410 2428 283
2428 2444 68
2446 2476 154
2464 2489 27
2467 2489 17
2477 2492 295
2502 2522 103
2517 2523 135
2545 2577 23
2552 2568 59
2572 2582 160
2576 2621 17
2601 2630 261
2623 2658 287
2634 2662 43
2656 2680 252
2681 2715 241
2702 2747 129
2715 2725 59
2738 2742 22
2755 2760 199
2769 2784 48
2778 2790 24
2806 2831 24
2834 2879 19
2838 2864 136
2841 2849 136
2867 2903 298
2884 2927 279
2885 2933 273
2906 2913 202
2920 2939 142
2947 2987 6
2972 3020 79
2980 2983 8
3002 3037 197
3030 3065 46
3032 3067 124
3048 3055 185
3070 3102 255
3082 3092 63
3100 3149 148
3124 3162 61
3134 3164 240
3137 3163 267
3158 3159 144
3167 3212 237
3183 3194 172
3207 3243 5
3223 3237 54
3241 3286 153
3266 3275 155
3285 3329 215
3295 3343 278
3320 3350 99
3321 3341 143
3333 3354 139
3338 3382 25
3367 3394 170
3394 3406 140
3397 3418 51
3419 3445 293
3424 3427 196
3427 3444 293
3436 3458 107
3440 3490 244
3468 3479 39
3495 3545 48
3504 3554 14
3521 3527 234
3528 3558 14
3539 3575 182
3563 3600 167
3576 3617 229
3595 3631 99
3614 3658 9
3620 3633 75
3631 3646 295
3649 3684 223
3674 3723 101
3679 3680 134
3680 3721 117
3702 3736 159
3726 3745 82
3739 3764 260
3748 3785 72
3756 3766 143
3782 3826 250
3789 3807 72
3818 3850 194
3820 3855 249
3836 3877 103
3856 3887 15
3874 3918 244
3900 3947 133
3925 3971 33
3932 3963 52
3951 3977 262
3951 3985 33
3963 3993 8
3969 4014 116
3991 4038 171
3995 4043 181
4016 4041 251
4030 4043 280
4042 4050 58
4069 4087 55
4085 4113 29
4115 4154 176
4120 4130 275
4147 4195 118
4154 4191 229
4161 4191 137
4179 4216 105
4207 4254 268
4218 4244 202
4233 4244 153
4261 4305 197
4273 4303 204
4274 4297 2
4276 4308 12
4288 4294 18
4311 4333 210
4335 4343 59
4352 4377 150
4353 4365 52
4360 4396 88
4368 4389 183
4389 4421 79
4391 4428 291
4412 4426 176
4427 4431 117
4443 4468 162
4459 4483 111
4466 4489 220
4481 4520 285
4500 4531 242
4513 4526 284
4529 4548 271
4529 4550 251
4550 4567 197
