300
18 60 137
30 68 291
57 94 180
73 90 16
100 120 19
106 112 190
129 164 277
150 169 281
177 212 130
191 203 91
217 250 217
231 252 158
246 296 139
262 268 78
283 308 204
308 356 77
336 373 54
352 367 234
378 385 18
397 420 223
412 432 257
425 468 49
454 495 44
473 519 269
492 525 161
510 559 159
533 544 211
541 584 32
558 583 179
584 603 124
597 610 300
605 607 267
607 638 229
612 646 23
635 647 105
637 641 261
660 694 166
686 689 86
686 717 273
705 721 69
714 758 116
718 768 71
722 743 104
736 784 260
737 768 153
763 767 257
773 775 291
794 841 161
824 832 52
838 863 171
854 875 169
873 923 224
894 942 11
901 928 43
917 962 278
919 957 63
919 968 126
948 967 144
969 982 120
971 1014 142
981 1001 160
991 1021 281
992 1029 27
1005 1013 5
1023 1037 94
1049 1081 199
1052 1074 122
1082 1126 5
1087 1089 49
1107 1130 181
1119 1124 248
1137 1170 44
1146 1149 194
1171 1204 1
1174 1216 227
1187 1208 278
1217 1242 140
1236 1277 131
1250 1279 209
1276 1310 190
1289 1291 243
1306 1316 29
1316 1317 108
1331 1353 262
1356 1399 251
1385 1420 257
1414 1426 186
1437 1464 44
1464 1469 153
1471 1485 74
1480 1513 88
1488 1511 34
1491 1507 26
1518 1538 206
1536 1538 102
1561 1585 252
1563 1613 4
1592 1638 180
1595 1644 268
1603 1622 154
1608 1644 59
1610 1654 243
1636 1684 95
1657 1703 170
1666 1690 117
1689 1692 220
1713 1741 214
1731 1758 270
1742 1777 202
1755 1785 129
1781 1784 199
1786 1795 31
1812 1847 98
1823 1825 189
1831 1857 52
1857 1889 60
1885 1931 192
1893 1919 14
1910 1928 1
1910 1936 190
1939 1960 109
1968 2014 176
1988 1999 193
2015 2017 222
2017 2035 137
2031 2054 7
2037 2054 24
2044 2068 56
2073 2092 154
2077 2091 88
2080 2091 98
2087 2118 267
2115 2151 141
2140 2166 115
2156 2159 35
2177 2209 176
2182 2188 45
2186 2234 211
2195 2218 131
2219 2265 60
2219 2255 208
2244 2265 31
2258 2308 63
2282 2287 211
2287 2316 261
2307 2339 125
2328 2336 103
2341 2343 139
2356 2404 183
2380 2407 295
2383 2425 268
2405 2421 265
2419 2460 173
2431 2444 51
2444 2466 93
2467 2510 58
2468 2499 295
2496 2527 174
2514 2560 78
2541 2559 168
2541 2545 214
2560 2585 277
2589 2616 197
2610 2642 278
2625 2669 197
2636 2653 201
2666 2705 270
2672 2676 127
2680 2713 37
2681 2701 177
2695 2728 188
2722 2751 276
2730 2734 26
2737 2763 121
2746 2775 270
2767 2771 65
2781 2812 238
2790 2795 223
2808 2848 153
2831 2841 115
2835 2851 159
2837 2882 177
2841 2869 267
2857 2902 62
2874 2902 238
2896 2919 264
2910 2954 161
2928 2952 12
2957 2974 11
2963 3002 128
2992 3027 131
2996 3007 143
3021 3030 173
3039 3061 292
3060 3064 40
3086 3104 73
3087 3104 263
3091 3097 182
3118 3154 133
3146 3186 83
3159 3181 215
3165 3202 178
3168 3213 129
3185 3226 108
3212 3257 221
3219 3264 159
3233 3275 87
3234 3264 292
3245 3270 194
3263 3311 245
3282 3323 264
3312 3347 27
3341 3373 167
3348 3397 46
3364 3406 256
3379 3420 199
3399 3414 154
3410 3424 145
3429 3432 130
3451 3484 81
3456 3469 128
3462 3476 145
3478 3506 32
3499 3526 155
3526 3572 229
3531 3569 284
3534 3549 186
3563 3579 49
3569 3597 159
3586 3604 123
3609 3635 57
3617 3656 47
3635 3653 62
3637 3664 15
3646 3671 202
3658 3682 148
3680 3691 97
3687 3705 171
3710 3723 264
3710 3717 237
3721 3727 63
3745 3751 252
3770 3809 168
3791 3829 3
3817 3848 50
3841 3889 218
3861 3877 275
3862 3865 135
3890 3939 130
3915 3953 175
3944 3984 90
3952 3962 264
3966 3983 229
3995 4026 116
4009 4028 63
4031 4032 81
4059 4082 122
4066 4104 215
4082 4106 73
4087 4094 143
4089 4116 170
4118 4144 195
4122 4137 181
4149 4186 118
4151 4188 186
4154 4168 44
4173 4177 144
4180 4223 231
4194 4239 98
4196 4234 215
4208 4254 240
4217 4257 16
4238 4262 293
4258 4260 151
4282 4328 56
4306 4342 34
4309 4344 37
4313 4351 162
4335 4379 28
4363 4395 218
4387 4420 168
4404 4407 109
4414 4424 270
4423 4460 20
4438 4443 91
4441 4469 297
4458 4484 80
4479 4508 266
4498 4522 56
4500 4542 257
4520 4532 4
4521 4526 134
4537 4556 105
4540 4570 98
4569 4575 90
4578 4589 280
4591 4610 72
4613 4624 41
4618 4624 146
4628 4644 13
