300
22 64 35
31 42 68
39 56 296
41 77 239
50 98 22
59 62 22
79 123 215
90 118 180
101 146 221
119 142 131
140 169 105
158 183 236
159 184 207
176 177 2
192 231 247
201 249 222
212 221 125
238 266 86
246 262 159
264 307 164
273 315 261
278 318 231
284 305 279
289 317 88
312 352 88
338 341 61
338 362 296
367 383 191
382 403 179
406 438 40
430 479 33
437 472 274
452 472 42
466 479 43
478 503 246
481 504 90
482 516 119
501 519 27
526 539 36
554 581 247
565 569 246
583 608 6
590 616 248
591 608 158
611 644 169
618 665 161
624 674 86
630 679 18
631 680 48
635 647 185
656 682 185
668 669 107
692 737 77
701 733 234
710 741 17
719 739 145
729 773 278
730 736 43
739 783 114
739 769 235
767 778 61
788 801 94
791 829 255
819 846 164
846 857 80
876 913 208
899 940 114
905 952 13
925 974 295
941 952 288
961 1011 172
978 1019 126
994 1007 33
1021 1057 16
1043 1058 191
1043 1085 228
1057 1086 121
1069 1107 86
1075 1123 144
1080 1111 3
1096 1124 22
1125 1140 30
1146 1193 138
1163 1191 278
1188 1203 224
1206 1210 217
1234 1263 250
1253 1262 33
1269 1302 61
1298 1332 229
1306 1310 44
1323 1340 75
1342 1388 217
1343 1362 148
1343 1377 272
1373 1416 277
1376 1414 278
1403 1429 122
1416 1460 225
1417 1457 223
1431 1443 77
1453 1460 107
1478 1510 248
1486 1526 297
1499 1523 88
1527 1532 39
1548 1591 232
1577 1617 108
1599 1612 174
1604 1653 270
1617 1634 133
1645 1673 179
1655 1677 148
1680 1730 263
1690 1737 149
1704 1741 29
1715 1735 19
1738 1750 202
1746 1779 77
1750 1770 236
1771 1810 228
1777 1794 156
1787 1830 37
1799 1834 238
1803 1822 1
1819 1845 228
1846 1890 44
1875 1885 56
1881 1910 29
1897 1915 128
1920 1927 64
1937 1942 6
1949 1969 248
1953 1983 261
1973 1991 202
1998 2029 38
2007 2032 87
2025 2047 164
2029 2041 226
2044 2057 203
2069 2072 280
2089 2112 245
2098 2120 72
2110 2113 9
2116 2165 190
2119 2144 42
2134 2174 299
2153 2196 264
2154 2175 240
2171 2219 120
2175 2206 145
2198 2200 95
2202 2237 184
2220 2235 4
2232 2262 195
2239 2240 152
2253 2271 253
2258 2292 213
2262 2264 100
2282 2320 207
2310 2319 238
2324 2344 22
2326 2342 240
2340 2360 95
2344 2346 165
2371 2395 149
2388 2400 260
2388 2405 225
2390 2400 28
2394 2431 121
2401 2451 179
2420 2440 173
2437 2450 58
2449 2454 18
2454 2473 263
2483 2498 248
2488 2528 53
2504 2543 290
2506 2532 97
2507 2525 225
2510 2544 33
2522 2550 122
2534 2576 169
2561 2597 3
2581 2618 223
2592 2637 258
2596 2633 101
2626 2657 36
2626 2632 287
2651 2659 52
2676 2724 205
2688 2709 141
2696 2728 70
2725 2768 213
2734 2756 283
2758 2768 113
2763 2789 19
2773 2813 278
2793 2835 70
2816 2822 184
2842 2877 227
2852 2878 235
2856 2903 220
2881 2889 272
2899 2923 38
2904 2913 233
2910 2916 176
2922 2965 148
2947 2951 155
2975 3004 249
3002 3046 275
3021 3069 46
3041 3081 181
3058 3068 49
3070 3075 22
3100 3109 107
3119 3165 130
3136 3151 135
3149 3196 116
3149 3192 233
3165 3203 210
3192 3233 266
3196 3229 118
3197 3216 215
3213 3248 125
3220 3246 190
3250 3264 189
3274 3322 58
3292 3341 61
3312 3319 131
3323 3350 51
3345 3393 158
3366 3373 270
3396 3402 137
3425 3435 102
3425 3464 186
3426 3472 192
3437 3455 58
3448 3476 90
3464 3508 63
3469 3496 33
3495 3529 235
3513 3555 49
3534 3558 226
3558 3598 117
3576 3583 151
3576 3611 73
3578 3606 58
3579 3602 78
3589 3604 36
3597 3639 139
3625 3644 220
3634 3663 227
3652 3655 147
3675 3719 101
3694 3727 243
3705 3734 80
3735 3781 169
3748 3761 185
3776 3785 279
3785 3790 116
3812 3849 203
3840 3881 66
3860 3880 288
3884 3889 5
3888 3903 33
3901 3937 217
3919 3965 111
3927 3944 238
3941 3979 208
3956 3993 56
3985 4031 239
4009 4023 40
4028 4071 246
4029 4032 294
4043 4091 229
4065 4082 56
4094 4105 76
4122 4169 138
4135 4156 74
4137 4154 229
4137 4142 66
4157 4191 90
4167 4179 63
4178 4183 71
4190 4226 246
4219 4252 236
4224 4267 250
4233 4271 113
4256 4276 173
4273 4297 199
4273 4305 51
4290 4306 136
4303 4313 83
4316 4365 297
4335 4356 31
4358 4365 276
4358 4397 64
4384 4390 171
4411 4431 259
