300
8 40 159
28 40 156
39 49 163
52 84 151
59 63 148
71 93 144
88 109 271
94 110 91
98 99 98
111 117 239
118 127 77
134 135 221
148 180 249
152 175 176
152 159 191
170 200 74
175 213 290
190 215 129
191 209 64
210 234 299
229 239 273
236 251 86
262 305 88
274 306 134
295 299 180
300 311 19
316 338 260
323 328 155
343 373 223
348 395 276
359 399 125
381 417 292
390 401 150
403 448 209
431 444 203
438 469 246
442 461 275
459 502 103
481 484 7
509 514 164
530 558 237
540 566 40
567 600 260
590 601 213
601 645 174
614 634 221
621 637 245
643 685 83
671 710 131
682 705 11
691 710 222
692 729 263
703 733 159
715 754 210
718 733 196
728 774 229
734 771 38
761 800 15
774 798 172
796 843 65
797 809 142
797 832 33
801 851 130
822 848 89
834 861 108
861 900 166
875 916 170
904 925 16
923 926 38
948 961 4
976 996 290
984 998 159
996 1032 270
1005 1034 211
1033 1057 145
1056 1075 133
1080 1107 170
1098 1127 132
1101 1147 47
1105 1148 153
1128 1132 1
1141 1160 50
1161 1167 208
1190 1238 236
1203 1212 51
1215 1216 62
1239 1285 44
1261 1266 184
1283 1313 89
1292 1293 129
1316 1365 156
1335 1359 69
1339 1348 3
1347 1393 229
1376 1389 176
1396 1445 157
1418 1423 170
1428 1461 49
1434 1447 98
1455 1477 211
1472 1491 180
1497 1546 220
1527 1535 294
1538 1555 216
1547 1597 45
1549 1584 104
1572 1616 229
1584 1596 225
1596 1610 35
1603 1633 232
1624 1673 100
1635 1674 236
1637 1663 272
1664 1667 73
1665 1687 26
1688 1729 122
1692 1737 267
1703 1733 65
1716 1742 220
1730 1745 233
1747 1771 155
1775 1800 173
1800 1811 53
1821 1863 167
1844 1889 57
1854 1884 101
1854 1902 242
1857 1890 88
1862 1895 211
1887 1901 198
1906 1955 208
1930 1937 73
1935 1985 269
1935 1960 77
1949 1995 166
1979 2008 18
2000 2005 45
2020 2040 26
2033 2081 25
2037 2062 37
2043 2045 272
2050 2075 109
2080 2108 26
2083 2096 221
2107 2145 295
2119 2159 50
2140 2166 33
2153 2176 21
2183 2189 77
2202 2245 161
2209 2223 146
2234 2263 276
2238 2283 210
2248 2257 102
2255 2293 103
2257 2289 4
2278 2287 112
2305 2346 161
2325 2345 125
2332 2335 173
2351 2354 76
2374 2376 297
2383 2414 163
2396 2405 198
2415 2461 258
2418 2462 114
2435 2468 128
2464 2514 95
2494 2523 125
2524 2574 164
2542 2548 95
2556 2580 180
2561 2602 56
2563 2605 250
2571 2618 261
2600 2635 58
2629 2664 26
2655 2666 114
2662 2708 204
2682 2705 270
2690 2712 245
2691 2717 83
2705 2747 223
2705 2712 86
2719 2742 285
2743 2780 205
2767 2810 17
2785 2827 99
2806 2855 291
2827 2831 34
2845 2861 162
2875 2907 227
2889 2892 253
2892 2937 4
2910 2924 193
2928 2976 131
2951 2963 185
2972 2981 221
2987 2991 195
3001 3033 12
3015 3019 64
3036 3048 129
3055 3056 286
3079 3102 272
3082 3092 75
3093 3097 100
3093 3140 250
3115 3126 100
3117 3135 193
3123 3147 263
3138 3150 213
3144 3193 131
3150 3171 95
3180 3206 151
3198 3223 35
3226 3274 206
3236 3276 255
3262 3298 48
3262 3291 38
3270 3278 69
3294 3344 60
3313 3350 293
3338 3365 249
3347 3372 166
3376 3403 87
3396 3433 216
3396 3422 74
3400 3410 229
3416 3424 56
3419 3440 169
3445 3446 202
3446 3493 187
3466 3506 53
3488 3504 17
3510 3544 224
3518 3559 278
3532 3568 125
3561 3588 292
3575 3608 73
3586 3633 65
3609 3632 19
3626 3664 239
3647 3656 206
3659 3700 273
3676 3691 96
3676 3678 241
3689 3704 265
3704 3712 169
3715 3750 200
3717 3763 124
3743 3752 13
3769 3780 98
3783 3810 219
3802 3817 33
3811 3847 111
3813 3854 142
3835 3850 133
3854 3878 234
3863 3877 300
3882 3909 139
3887 3890 210
3909 3926 84
3931 3936 261
3953 3965 213
3959 4001 20
3960 3964 148
3967 3974 144
3992 4028 118
3993 4025 293
4002 4036 194
4027 4061 243
4047 4055 96
4060 4071 169
4090 4116 202
4120 4131 294
4130 4132 67
4144 4182 46
4173 4177 223
4196 4218 207
4200 4250 170
4202 4250 13
4223 4268 191
4226 4236 151
4230 4275 76
4252 4296 1
4269 4318 267
4273 4276 22
4292 4307 154
4292 4332 59
4318 4331 58
4329 4373 249
4337 4355 20
4342 4371 23
4342 4382 107
4362 4399 284
4373 4421 152
4382 4402 202
4390 4399 114
4414 4446 15
4444 4468 159
