300
13 27 26
32 63 12
52 56 108
52 101 132
76 103 17
78 103 212
97 145 10
110 132 172
122 144 14
132 148 217
136 158 221
136 186 284
157 162 287
178 204 46
208 217 185
238 264 96
239 248 52
253 292 130
274 293 67
292 300 240
322 334 270
342 367 52
361 382 139
363 413 80
371 373 293
376 404 234
394 440 60
409 431 102
438 483 4
466 512 218
467 517 104
493 531 287
523 528 71
549 574 86
559 588 176
577 604 278
586 602 209
610 612 163
623 644 9
624 642 87
654 687 231
668 687 264
691 693 118
715 749 213
728 755 122
753 782 181
777 786 300
795 802 277
798 843 280
821 857 171
847 856 286
865 910 247
880 887 158
903 945 247
912 958 257
928 954 68
943 975 152
973 1002 110
996 1028 175
1010 1050 100
1017 1046 62
1030 1077 202
1048 1062 99
1050 1071 65
1057 1080 45
1060 1081 34
1087 1091 266
1111 1138 300
1128 1149 103
1138 1162 24
1148 1174 244
1174 1209 99
1194 1232 183
1215 1229 77
1217 1267 5
1227 1253 127
1235 1252 154
1235 1246 228
1238 1263 104
1245 1265 243
1254 1285 185
1267 1274 70
1281 1290 149
1297 1346 141
1321 1335 66
1335 1375 187
1340 1341 194
1362 1383 147
1365 1372 52
1390 1430 193
1416 1450 198
1426 1473 154
1453 1477 197
1482 1523 53
1493 1510 297
1523 1563 213
1527 1549 19
1538 1585 104
1555 1597 215
1560 1601 183
1577 1599 57
1587 1614 165
1599 1601 209
1622 1645 102
1646 1687 136
1650 1694 180
1661 1702 61
1686 1699 81
1705 1709 190
1708 1758 121
1733 1743 252
1734 1767 213
1757 1783 234
1761 1768 110
1783 1804 12
1784 1815 45
1813 1819 277
1836 1845 129
1849 1870 299
1879 1906 221
1890 1925 265
1898 1938 255
1915 1957 24
1915 1930 69
1940 1982 30
1941 1989 137
1960 1968 220
1975 1992 64
1976 2020 23
2005 2033 27
2006 2047 239
2019 2026 166
2039 2048 29
2045 2056 14
2070 2099 148
2074 2121 190
2099 2138 101
2099 2120 192
2107 2154 184
2124 2143 263
2138 2142 120
2168 2214 18
2170 2189 123
2187 2223 225
2208 2231 58
2216 2258 294
2225 2255 67
2233 2260 30
2245 2285 300
2248 2262 28
2278 2294 266
2291 2315 222
2306 2322 227
2310 2350 241
2330 2359 293
2353 2396 83
2372 2396 13
2400 2417 7
2418 2454 95
2441 2471 263
2470 2487 192
2483 2489 219
2508 2553 45
2528 2543 293
2545 2592 259
2547 2558 221
2570 2593 108
2572 2597 181
2595 2600 74
2624 2648 221
2629 2657 57
2653 2669 99
2673 2720 279
2695 2716 140
2708 2738 106
2709 2736 224
2715 2733 216
2720 2762 76
2730 2766 248
2752 2795 259
2780 2799 84
2791 2798 111
2817 2833 90
2828 2830 90
2838 2866 40
2841 2888 296
2861 2887 132
2884 2910 36
2914 2949 153
2917 2945 119
2943 2954 49
2955 2972 196
2977 2994 154
2979 2985 83
2999 3031 274
3009 3054 237
3026 3064 242
3041 3085 199
3046 3092 158
3070 3097 24
3096 3130 292
3101 3114 182
3128 3157 156
3145 3157 73
3156 3195 128
3179 3183 80
3190 3217 212
3207 3208 158
3218 3238 168
3233 3265 241
3245 3254 208
3263 3310 10
3290 3296 103
3318 3339 215
3331 3375 241
3342 3346 272
3343 3347 73
3360 3390 254
3371 3396 259
3397 3445 140
3414 3427 104
3428 3438 142
3458 3467 153
3485 3534 158
3508 3521 279
3536 3558 233
3543 3570 113
3573 3599 131
3574 3617 227
3598 3625 36
3622 3645 224
3649 3672 206
3649 3660 16
3679 3708 277
3703 3750 215
3712 3742 253
3737 3769 193
3747 3793 8
3771 3779 236
3787 3816 79
3788 3826 159
3793 3794 64
3799 3836 18
3804 3819 187
3817 3827 51
3842 3854 190
3867 3911 5
3867 3896 248
3895 3910 224
3923 3929 168
3948 3994 157
3972 3974 193
3998 4044 38
4003 4052 100
4016 4056 151
4039 4081 181
4048 4063 181
4077 4099 122
4106 4146 300
4111 4123 191
4141 4142 149
4149 4165 198
4171 4205 288
4192 4235 22
4197 4210 252
4207 4253 276
4228 4235 100
4252 4272 285
4282 4322 138
4289 4309 29
4319 4344 265
4322 4358 66
4331 4344 53
4340 4365 231
4341 4376 102
4342 4367 261
4359 4387 264
4386 4431 285
4397 4426 198
4426 4434 19
4439 4454 262
4448 4482 197
4467 4468 190
4488 4504 140
4491 4540 213
4492 4510 212
4521 4543 9
4530 4552 1
4551 4554 7
4574 4610 54
4585 4633 211
4588 4594 288
4603 4645 179
4603 4646 32
4631 4635 144
4635 4661 112
4637 4668 73
4651 4671 32
4651 4691 129
4655 4704 49
