300
23 45 240
43 90 133
52 100 300
61 107 245
62 112 287
66 96 66
75 97 41
102 145 236
128 160 188
151 196 200
169 185 166
177 190 282
207 238 156
236 266 212
243 273 62
272 310 77
291 317 169
315 332 215
337 383 31
341 364 272
366 379 74
387 400 199
405 410 157
431 462 87
444 452 175
472 522 172
486 536 182
500 549 40
502 537 293
519 553 274
523 535 175
527 556 260
529 578 282
541 554 159
546 548 59
568 601 175
579 585 143
594 618 212
595 623 269
621 668 264
641 652 65
660 696 115
667 707 182
668 677 165
671 707 223
690 733 216
702 717 252
731 774 223
749 755 91
764 784 28
786 818 273
803 828 197
808 840 16
837 839 103
867 901 217
877 897 228
878 918 68
880 889 187
883 894 148
886 928 170
905 920 214
934 962 237
938 964 216
965 985 47
970 977 124
997 1046 2
1021 1068 158
1042 1087 29
1067 1103 68
1095 1111 287
1125 1148 220
1144 1181 283
1152 1169 70
1158 1172 146
1183 1215 133
1209 1234 295
1214 1263 237
1244 1254 25
1245 1250 263
1257 1273 102
1264 1308 84
1290 1335 88
1298 1328 251
1324 1344 243
1330 1361 287
1339 1386 85
1364 1384 278
1388 1437 121
1400 1403 133
1412 1428 8
1429 1458 53
1435 1443 124
1455 1471 191
1474 1486 95
1495 1514 39
1504 1515 227
1525 1558 193
1545 1589 289
1560 1600 118
1585 1630 166
1598 1619 136
1607 1648 36
1613 1614 67
1620 1665 128
1647 1683 73
1672 1692 285
1683 1694 117
1698 1739 97
1711 1722 153
1741 1766 174
1757 1761 138
1770 1779 283
1788 1803 61
1795 1812 193
1806 1830 5
1815 1834 300
1823 1852 106
1834 1852 61
1841 1848 32
1868 1894 25
1883 1928 126
1900 1950 31
1918 1929 290
1939 1968 217
1963 2006 134
1972 1984 189
2001 2051 37
2028 2068 51
2039 2082 213
2059 2107 209
2070 2110 14
2093 2096 24
2097 2146 234
2122 2160 187
2143 2189 288
2171 2198 139
2178 2220 157
2196 2243 18
2204 2253 108
2216 2242 295
2226 2254 240
2246 2260 140
2263 2299 16
2284 2325 192
2285 2304 38
2295 2345 197
2307 2311 157
2327 2365 65
2342 2352 198
2358 2368 150
2386 2396 57
2410 2450 18
2440 2471 45
2453 2461 232
2466 2468 27
2478 2485 192
2501 2550 46
2516 2530 1
2526 2546 44
2539 2551 240
2540 2567 173
2542 2557 45
2561 2599 42
2571 2613 183
2596 2637 243
2600 2619 295
2625 2626 93
2632 2642 299
2662 2697 284
2665 2680 180
2695 2717 88
2701 2741 247
2721 2752 200
2731 2780 86
2750 2785 125
2762 2795 104
2770 2805 4
2780 2797 260
2786 2832 88
2787 2809 284
2815 2852 68
2827 2864 122
2843 2854 209
2859 2872 146
2878 2914 136
2894 2937 194
2916 2932 91
2936 2969 145
2943 2972 5
2972 3007 258
2984 3012 62
2992 3016 38
3014 3051 12
3014 3027 27
3038 3074 51
3049 3057 291
3062 3087 53
3073 3097 165
3088 3123 76
3092 3122 233
3094 3110 127
3104 3153 49
3122 3152 184
3149 3187 131
3174 3221 86
3201 3230 107
3207 3229 102
3228 3269 73
3232 3280 196
3246 3275 206
3272 3283 17
3278 3318 128
3294 3301 204
3294 3303 157
3319 3332 75
3330 3346 247
3352 3400 209
3379 3424 198
3403 3444 269
3424 3472 119
3429 3452 68
3437 3458 2
3453 3458 2
3467 3511 295
3469 3477 294
3479 3522 246
3505 3515 214
3515 3532 30
3521 3541 106
3526 3570 114
3530 3564 160
3532 3541 183
3550 3572 240
3570 3582 18
3587 3590 60
3593 3629 225
3620 3636 124
3634 3678 237
3654 3674 33
3667 3682 157
3673 3683 283
3687 3693 39
3688 3705 207
3717 3732 225
3725 3741 158
3753 3802 224
3771 3777 260
3779 3807 76
3807 3833 53
3830 3868 35
3831 3876 243
3846 3854 9
3856 3871 149
3864 3869 164
3889 3906 225
3917 3949 281
3939 3949 276
3969 4004 281
3984 4019 113
4006 4032 292
4023 4071 124
4038 4071 292
4050 4057 300
4075 4120 296
4079 4122 200
4105 4120 275
4105 4106 147
4112 4116 178
4122 4142 248
4133 4143 101
4137 4150 154
4152 4197 73
4163 4213 121
4172 4186 230
4182 4217 131
4198 4231 141
4210 4243 67
4217 4264 205
4227 4251 240
4249 4293 260
4268 4304 103
4277 4281 252
4281 4295 172
4296 4339 39
4320 4365 160
4322 4348 38
4322 4350 247
4349 4363 154
4350 4372 291
4374 4397 43
4392 4410 130
4394 4403 91
4398 4404 230
4422 4444 233
4422 4427 77
4429 4445 127
4441 4490 220
4441 4475 6
4454 4457 39
4461 4498 215
