300
24 55 139
25 74 82
40 63 139
58 91 189
72 90 131
84 112 197
114 129 253
119 151 114
125 171 81
134 143 48
146 162 233
161 194 215
188 233 152
207 213 37
226 246 269
226 269 96
254 269 142
260 285 11
268 281 145
295 332 43
299 333 300
302 343 188
316 318 290
338 352 230
357 360 101
384 427 122
398 441 56
418 455 272
426 443 279
447 462 66
453 479 269
473 517 83
487 497 170
493 528 171
514 527 280
515 526 101
530 571 190
550 565 247
569 571 158
579 624 152
587 637 208
601 625 279
620 644 262
629 674 213
658 696 36
665 695 298
669 716 201
679 711 64
707 748 288
729 761 282
745 749 15
746 777 81
753 754 271
775 786 44
786 798 104
816 858 267
839 868 249
845 895 293
861 886 206
873 908 24
882 893 286
887 893 63
890 911 2
895 944 188
911 928 177
921 955 206
925 963 120
947 962 61
972 979 251
999 1044 297
1000 1037 204
1005 1052 275
1030 1041 143
1035 1081 35
1063 1070 142
1092 1136 179
1100 1112 291
1106 1135 59
1121 1124 92
1143 1188 198
1154 1190 266
1158 1204 134
1159 1197 97
1173 1204 87
1201 1221 193
1229 1245 192
1242 1265 229
1270 1303 231
1291 1326 284
1291 1317 131
1298 1338 38
1314 1364 35
1331 1352 243
1347 1367 243
1377 1391 145
1392 1442 36
1422 1459 206
1443 1480 6
1466 1513 208
1485 1494 20
1488 1506 243
1504 1549 134
1505 1509 16
1510 1550 210
1520 1525 190
1525 1558 134
1533 1572 222
1537 1561 100
1556 1595 116
1576 1625 70
1606 1640 130
1627 1635 49
1655 1664 284
1656 1664 35
1664 1712 8
1676 1707 143
1704 1722 89
1715 1733 48
1730 1742 241
1733 1780 136
1754 1778 104
1775 1802 175
1798 1825 30
1801 1827 201
1824 1844 109
1839 1866 166
1868 1869 112
1884 1926 11
1889 1898 121
1890 1921 254
1906 1927 169
1935 1968 241
1952 1965 259
1965 2013 191
1995 2045 244
2016 2053 10
2040 2060 128
2040 2085 204
2040 2047 211
2057 2060 98
2057 2093 34
2080 2111 207
2102 2105 194
2115 2123 55
2120 2123 278
2150 2175 200
2167 2175 19
2189 2195 159
2206 2255 144
2212 2242 147
2227 2233 70
2239 2275 187
2263 2302 151
2265 2301 195
2292 2319 39
2317 2358 226
2344 2369 214
2353 2390 85
2367 2369 49
2396 2424 83
2400 2401 261
2400 2428 221
2418 2453 132
2433 2441 107
2454 2479 128
2477 2517 225
2491 2526 164
2497 2527 93
2517 2552 236
2533 2559 15
2562 2612 168
2565 2570 163
2569 2588 111
2578 2622 52
2588 2636 106
2590 2609 23
2610 2640 7
2632 2636 278
2661 2687 287
2664 2693 148
2691 2729 277
2707 2748 254
2707 2730 205
2718 2732 238
2731 2741 169
2736 2776 197
2760 2791 285
2771 2802 26
2786 2825 270
2808 2824 278
2825 2833 228
2848 2857 264
2873 2898 290
2888 2919 260
2894 2901 252
2901 2920 257
2918 2959 92
2938 2974 111
2966 2981 47
2984 2989 177
2991 3006 24
2991 3011 13
3009 3016 223
3012 3053 298
3041 3061 222
3054 3092 39
3070 3107 105
3072 3073 165
3100 3101 250
3119 3135 44
3130 3152 26
3135 3181 193
3162 3183 229
3177 3200 216
3181 3213 34
3191 3196 18
3199 3244 181
3214 3256 137
3223 3225 104
3226 3228 238
3241 3243 95
3252 3256 138
3260 3301 51
3285 3329 136
3300 3304 96
3313 3314 107
3328 3342 15
3330 3372 235
3340 3353 193
3359 3372 254
3389 3433 151
3396 3426 40
3408 3448 52
3410 3457 130
3437 3466 198
3450 3476 225
3476 3496 261
3483 3514 68
3493 3541 193
3507 3536 46
3536 3575 86
3562 3610 181
3584 3621 233
3594 3633 114
3606 3610 162
3634 3636 140
3651 3655 184
3662 3676 211
3668 3715 139
3688 3711 291
3716 3740 244
3731 3749 183
3752 3780 128
3773 3785 113
3803 3836 157
3815 3830 76
3822 3859 50
3830 3849 234
3849 3878 233
3859 3862 243
3875 3912 272
3880 3919 155
3901 3936 117
3914 3945 57
3914 3931 83
3917 3964 49
3930 3979 263
3944 3972 285
3964 3973 21
3976 3996 213
3980 4005 165
3995 4016 281
4005 4049 61
4013 4030 254
4032 4047 197
4050 4094 142
4079 4121 14
4097 4129 283
4124 4156 127
4151 4157 69
4151 4167 136
4160 4190 58
4190 4220 289
4213 4235 40
4227 4248 181
4242 4274 167
4242 4258 118
4266 4311 186
4280 4321 161
4289 4305 231
4318 4352 132
4331 4379 69
4358 4405 139
4358 4390 264
4365 4392 175
4368 4404 54
4397 4444 172
4424 4469 89
4452 4493 118
4482 4510 156
