300
21 59 42
28 43 220
44 65 154
68 108 192
85 90 177
87 131 238
115 159 3
140 149 268
160 207 190
185 200 25
202 240 21
227 238 38
240 281 159
267 284 150
277 309 149
280 319 85
307 355 220
333 357 95
361 374 73
372 374 167
394 403 192
412 422 212
436 480 103
458 476 220
467 514 279
483 489 75
484 486 175
496 522 242
509 540 41
522 529 25
541 555 292
547 569 121
558 559 224
578 604 174
588 630 138
599 604 138
619 639 50
634 659 65
664 705 193
690 725 42
690 713 111
693 729 225
713 730 146
719 753 3
726 740 263
736 762 90
759 780 74
770 806 169
797 799 214
817 834 95
819 845 89
840 876 238
850 898 105
871 903 3
875 881 82
901 930 134
904 946 101
920 940 175
923 952 264
928 929 210
950 968 44
974 976 8
985 1003 239
1002 1007 76
1018 1044 213
1047 1097 243
1067 1085 197
1067 1069 31
1080 1114 237
1100 1121 126
1109 1155 211
1121 1158 39
1129 1164 236
1159 1166 13
1166 1167 42
1191 1241 171
1218 1253 219
1231 1249 250
1258 1281 26
1270 1316 283
1294 1306 82
1304 1341 97
1323 1346 177
1347 1377 113
1351 1387 262
1368 1383 269
1389 1409 287
1403 1436 232
1421 1429 142
1425 1455 141
1432 1454 181
1459 1503 161
1489 1524 256
1512 1540 38
1532 1570 177
1541 1589 11
1543 1570 99
1566 1572 127
1573 1598 106
1586 1597 232
1590 1608 256
1602 1604 149
1607 1631 258
1628 1654 42
1656 1693 119
1656 1683 132
1686 1696 216
1716 1733 184
1737 1754 128
1763 1808 48
1765 1773 132
1789 1816 164
1799 1825 173
1810 1824 252
1814 1851 185
1822 1863 253
1828 1869 241
1848 1872 286
1859 1896 94
1884 1920 252
1885 1895 15
1910 1936 297
1926 1945 154
1951 1992 207
1955 1989 260
1984 2009 114
2013 2050 130
2016 2053 29
2040 2055 187
2059 2105 54
2088 2100 52
2111 2121 280
2111 2119 97
2121 2130 108
2139 2169 200
2147 2184 138
2174 2204 202
2178 2188 48
2188 2213 148
2208 2247 83
2223 2267 300
2246 2294 254
2267 2308 206
2277 2325 191
2282 2309 19
2286 2335 100
2312 2350 146
2339 2389 48
2365 2380 261
2377 2411 133
2380 2403 271
2398 2410 196
2420 2438 142
2435 2476 81
2459 2476 183
2467 2497 72
2479 2487 70
2486 2493 69
2498 2540 165
2521 2551 197
2526 2528 212
2547 2552 182
2551 2555 56
2558 2588 118
2574 2576 114
2588 2607 244
2599 2648 237
2619 2666 186
2619 2660 136
2633 2678 156
2642 2670 215
2655 2679 70
2683 2720 80
2693 2740 219
2720 2740 51
2748 2778 244
2759 2766 177
2784 2798 117
2806 2836 258
2823 2867 264
2848 2864 16
2858 2908 2
2872 2877 108
2880 2899 281
2904 2932 10
2934 2960 184
2944 2970 218
2953 2975 237
2955 2962 27
2977 3009 112
2986 3002 173
2995 3041 298
3006 3025 72
3035 3078 27
3059 3072 172
3070 3099 139
3091 3101 119
3095 3131 182
3119 3122 25
3127 3177 184
3154 3185 51
3165 3175 142
3189 3209 58
3198 3229 46
3208 3258 171
3226 3248 218
3248 3294 179
3270 3280 160
3280 3319 40
3298 3340 258
3322 3337 271
3324 3356 147
3325 3370 250
3340 3348 115
3345 3389 14
3359 3397 227
3362 3383 122
3380 3426 147
3396 3434 45
3412 3424 70
3412 3429 138
3422 3435 94
3439 3471 138
3454 3490 203
3460 3505 140
3470 3512 12
3473 3509 131
3490 3529 113
3499 3500 124
3523 3560 29
3548 3588 191
3557 3576 87
3565 3600 42
3593 3633 7
3617 3619 84
3639 3665 65
3664 3701 150
3682 3704 260
3699 3711 161
3703 3746 158
3717 3766 209
3726 3758 137
3736 3773 146
3752 3767 58
3778 3812 3
3793 3834 2
3798 3827 205
3812 3820 110
3840 3870 133
3866 3888 34
3885 3912 248
3891 3919 232
3892 3916 146
3898 3916 75
3911 3941 233
3924 3936 300
3952 4000 154
3961 3968 294
3961 3980 75
3988 4016 72
4012 4034 91
4035 4079 112
4064 4088 297
4065 4077 278
4095 4105 274
4107 4144 297
4123 4167 146
4141 4151 209
4154 4188 206
4184 4205 132
4206 4207 114
4233 4252 280
4242 4245 197
4262 4297 65
4273 4320 267
4280 4287 166
4286 4318 204
4309 4321 190
4318 4319 105
4321 4345 88
4321 4358 111
4349 4396 15
4355 4381 103
4357 4369 250
4379 4408 234
4407 4412 245
4431 4465 37
4435 4481 198
4435 4443 190
4447 4459 30
4463 4499 25
4473 4520 186
4489 4532 175
4512 4514 29
4522 4537 141
4543 4586 176
4570 4587 267
4584 4591 69
4587 4632 250
4616 4629 179
