300
21 61 138
46 64 98
66 102 44
70 90 41
76 82 70
93 113 269
103 136 296
127 177 11
137 161 253
166 175 205
174 195 211
202 224 188
217 222 219
243 261 244
261 294 216
278 285 270
288 306 136
302 305 292
304 334 223
312 323 275
314 327 287
315 340 254
325 343 211
334 358 8
363 365 102
363 380 21
373 411 219
381 431 180
401 450 100
431 473 77
448 492 231
449 464 208
456 504 215
480 507 234
505 552 84
512 526 283
527 532 8
556 596 194
583 633 15
583 613 287
593 625 159
615 619 167
623 662 25
632 639 39
644 647 39
664 686 255
678 709 93
700 710 213
727 745 234
734 779 98
754 777 147
782 805 267
811 822 147
834 861 256
839 875 116
852 862 21
853 897 1
880 897 28
881 907 94
891 902 224
891 895 187
912 918 142
929 948 259
929 966 238
933 981 31
944 977 90
958 1006 59
973 989 290
976 989 238
985 993 24
989 1024 205
996 1034 14
1023 1057 36
1051 1052 124
1059 1103 64
1076 1107 79
1102 1142 30
1131 1171 6
1158 1200 166
1168 1187 51
1170 1177 91
1194 1239 127
1204 1250 283
1220 1224 14
1228 1259 208
1240 1274 57
1254 1262 162
1266 1280 244
1267 1285 231
1281 1319 261
1288 1323 24
1293 1325 249
1306 1317 300
1308 1340 245
1327 1333 292
1350 1370 170
1378 1381 63
1399 1437 146
1406 1456 86
1429 1438 100
1437 1465 296
1467 1480 65
1489 1504 32
1508 1551 133
1516 1560 60
1516 1518 197
1543 1565 53
1553 1572 10
1568 1587 280
1598 1637 10
1615 1653 256
1641 1671 138
1642 1649 124
1670 1708 26
1693 1736 172
1700 1711 89
1726 1773 50
1743 1777 103
1748 1754 210
1757 1779 111
1783 1807 229
1797 1801 149
1814 1850 41
1832 1863 73
1862 1878 165
1868 1885 264
1896 1934 167
1896 1910 110
1926 1976 205
1939 1969 219
1957 1981 234
1972 1985 81
2001 2041 73
2023 2044 102
2053 2066 245
2062 2083 7
2075 2090 262
2099 2107 245
2126 2149 130
2133 2159 12
2148 2153 93
2163 2191 296
2186 2193 223
2197 2217 153
2211 2219 43
2236 2275 19
2248 2282 57
2263 2294 53
2274 2294 165
2284 2319 16
2291 2316 297
2303 2332 288
2311 2326 281
2316 2353 240
2332 2370 226
2350 2376 227
2362 2407 73
2389 2436 178
2417 2455 289
2428 2442 129
2439 2476 18
2443 2485 169
2470 2514 24
2481 2482 57
2485 2494 78
2511 2530 252
2513 2539 109
2531 2536 95
2534 2578 267
2555 2597 139
2581 2627 172
2597 2647 163
2599 2602 116
2599 2604 138
2610 2617 116
2620 2621 234
2620 2649 163
2647 2674 37
2675 2708 93
2686 2735 242
2716 2746 167
2738 2754 264
2748 2760 50
2770 2781 101
2787 2823 167
2808 2833 195
2837 2850 101
2864 2896 94
2878 2925 250
2893 2917 202
2920 2932 142
2942 2944 11
2960 2973 120
2989 3031 51
3017 3050 159
3043 3068 152
3066 3087 112
3084 3095 99
3113 3157 292
3120 3157 45
3120 3125 287
3149 3167 99
3172 3220 116
3181 3202 31
3184 3226 292
3205 3245 41
3207 3243 102
3229 3272 87
3242 3259 71
3265 3286 152
3270 3277 120
3286 3294 233
3306 3308 222
3328 3368 49
3358 3396 133
3375 3392 42
3376 3387 282
3392 3405 256
3408 3448 246
3422 3446 126
3450 3486 155
3463 3466 30
3484 3517 145
3511 3561 96
3511 3515 156
3520 3559 197
3533 3581 133
3537 3578 179
3551 3582 68
3551 3553 204
3553 3596 168
3577 3605 67
3583 3598 194
3597 3607 216
3611 3627 58
3638 3678 31
3665 3710 103
3681 3718 33
3681 3711 72
3681 3692 91
3701 3726 61
3727 3763 9
3729 3735 177
3754 3774 203
3763 3813 121
3784 3831 211
3806 3850 147
3816 3835 154
3839 3875 203
3853 3889 219
3880 3924 219
3898 3914 25
3902 3919 215
3927 3977 176
3936 3981 145
3956 3983 232
3986 4008 225
3988 4036 106
4015 4042 21
4037 4066 171
4054 4094 72
4062 4106 1
4081 4116 80
4110 4118 252
4130 4174 133
4134 4183 13
4149 4168 279
4154 4175 285
4162 4173 91
4167 4213 223
4181 4194 135
4206 4254 186
4218 4267 149
4245 4262 52
4247 4260 173
4272 4306 66
4281 4300 202
4283 4296 264
4310 4328 218
4317 4350 228
4334 4355 238
4352 4367 17
4378 4385 221
4380 4388 22
4401 4427 282
4407 4408 51
4422 4443 298
4452 4490 122
4473 4492 5
4479 4502 264
4504 4531 187
4516 4535 11
4522 4562 210
4531 4536 239
4561 4590 177
4581 4582 196
4608 4615 171
4631 4665 296
4638 4669 153
4641 4683 121
