300
13 21 199
14 25 173
22 60 208
34 41 255
35 65 218
44 52 211
70 94 249
88 96 137
88 137 209
92 114 191
97 135 78
126 145 2
136 180 132
147 166 154
173 207 169
194 234 4
223 248 249
246 248 172
254 289 267
272 315 214
302 338 187
317 360 226
346 371 40
346 380 64
350 365 17
373 417 259
373 413 119
391 439 231
392 434 116
416 429 214
439 461 293
441 446 240
441 463 62
454 476 4
472 497 297
498 518 191
521 535 108
533 577 198
554 585 123
556 596 94
575 602 271
575 591 233
602 619 274
616 636 132
643 692 156
670 692 177
696 737 176
708 757 46
735 744 199
763 788 177
787 817 119
790 831 24
810 831 156
827 843 98
855 858 28
872 917 209
884 901 125
893 902 178
923 958 92
944 945 226
963 995 144
985 1010 298
993 1031 112
1008 1021 35
1015 1030 7
1023 1072 212
1024 1068 91
1044 1053 12
1046 1052 248
1068 1102 27
1095 1114 114
1100 1110 174
1106 1118 177
1133 1139 137
1153 1155 78
1170 1214 132
1179 1226 227
1186 1216 44
1196 1241 3
1199 1215 18
1214 1225 3
1215 1253 17
1239 1270 129
1245 1263 6
1272 1281 300
1279 1318 251
1302 1337 180
1323 1325 228
1344 1354 39
1346 1378 108
1358 1405 62
1384 1430 24
1408 1458 179
1427 1469 17
1456 1485 278
1470 1512 166
1479 1489 283
1506 1525 221
1511 1560 187
1525 1554 101
1550 1576 108
1572 1575 85
1581 1624 158
1591 1623 43
1616 1631 233
1616 1629 155
1618 1646 193
1632 1661 78
1658 1697 42
1663 1701 64
1691 1725 158
1701 1751 166
1709 1736 246
1712 1760 286
1740 1790 102
1744 1757 22
1762 1791 235
1786 1809 226
1814 1824 95
1832 1849 152
1841 1849 141
1848 1887 169
1862 1895 200
1865 1886 22
1868 1910 265
1868 1880 120
1890 1931 47
1909 1935 35
1913 1918 283
1938 1963 244
1951 1958 119
1968 2005 67
1970 1994 188
1978 2021 284
1989 2003 158
1989 1991 251
2019 2059 20
2025 2039 46
2051 2092 187
2074 2077 187
2099 2130 221
2129 2171 201
2158 2178 34
2174 2200 226
2177 2213 34
2188 2203 75
2206 2229 199
2228 2246 241
2238 2250 14
2251 2285 218
2262 2279 74
2292 2313 258
2294 2312 165
2314 2336 176
2334 2341 26
2360 2371 163
2367 2380 298
2375 2403 97
2387 2431 264
2394 2420 57
2399 2404 221
2421 2462 11
2438 2449 133
2467 2470 24
2486 2491 74
2510 2511 115
2517 2567 265
2538 2549 89
2545 2561 113
2547 2583 38
2567 2584 35
2567 2592 72
2580 2628 245
2585 2633 26
2586 2588 42
2599 2608 97
2617 2659 279
2619 2655 150
2631 2674 156
2633 2644 55
2637 2641 295
2662 2666 224
2670 2689 296
2691 2710 108
2692 2724 31
2719 2744 232
2743 2747 34
2760 2778 236
2774 2820 97
2778 2816 48
2808 2824 1
2837 2843 230
2839 2858 218
2861 2910 129
2867 2869 229
2879 2923 53
2886 2930 230
2886 2918 176
2904 2928 14
2916 2923 41
2918 2947 176
2927 2947 288
2954 2965 272
2977 3006 132
3000 3030 259
3003 3010 125
3023 3046 41
3025 3061 153
3033 3079 158
3037 3067 201
3067 3081 256
3097 3111 110
3109 3141 165
3123 3126 64
3130 3176 288
3135 3137 15
3160 3173 81
3184 3229 91
3209 3222 158
3238 3280 68
3240 3280 299
3265 3285 51
3280 3317 167
3293 3308 32
3297 3311 213
3314 3316 214
3314 3342 255
3341 3372 126
3360 3390 239
3369 3414 158
3378 3414 250
3408 3433 86
3409 3449 258
3418 3437 247
3418 3442 177
3447 3464 1
3466 3497 266
3472 3518 77
3484 3504 294
3487 3518 114
3512 3560 103
3521 3525 208
3528 3575 144
3540 3579 181
3553 3576 116
3577 3606 89
3594 3633 182
3602 3648 291
3611 3612 294
3619 3630 186
3644 3675 257
3662 3673 200
3683 3732 171
3689 3707 186
3708 3736 182
3719 3721 211
3736 3759 10
3737 3767 26
3754 3784 252
3773 3796 103
3778 3790 69
3800 3811 173
3824 3844 240
3836 3875 283
3854 3880 178
3868 3880 116
3889 3905 276
3916 3919 59
3936 3939 182
3965 3973 240
3981 3994 232
3983 4009 194
3998 4006 166
4009 4032 95
4019 4034 27
4024 4063 1
4024 4042 271
4051 4088 205
4065 4097 98
4086 4088 113
4108 4122 286
4118 4134 242
4140 4146 123
4164 4172 221
4171 4172 20
4199 4248 298
4205 4249 189
4229 4271 181
4253 4277 118
4265 4267 30
4282 4317 217
4311 4356 24
4316 4340 141
4332 4337 243
4347 4355 172
4353 4371 229
4372 4406 69
4376 4386 142
4405 4453 123
4414 4446 34
