300
30 42 34
41 73 39
51 66 17
73 79 181
86 106 6
95 134 125
122 160 300
125 147 85
145 194 34
168 182 21
187 235 163
204 247 166
206 212 21
230 280 238
257 284 254
276 300 170
282 328 41
295 326 180
311 360 3
314 350 220
336 374 157
362 412 214
386 430 291
409 447 75
427 443 295
449 459 149
458 508 291
463 487 17
483 484 110
495 519 84
511 531 164
515 550 199
536 567 106
562 584 113
581 618 69
610 652 184
619 626 202
630 678 113
659 704 3
684 716 158
688 734 41
709 745 119
722 749 42
723 728 278
747 793 169
753 802 286
773 789 136
778 826 269
797 841 59
797 822 248
820 862 208
836 845 14
865 881 50
895 921 105
922 972 106
944 987 112
965 989 186
984 1012 150
1008 1042 244
1015 1046 198
1027 1040 59
1037 1066 89
1064 1068 191
1093 1122 285
1122 1138 137
1132 1150 200
1156 1191 220
1165 1199 280
1168 1186 28
1178 1206 281
1200 1230 36
1223 1255 1
1253 1273 198
1277 1315 200
1285 1303 122
1297 1329 167
1319 1341 15
1328 1354 194
1335 1351 160
1338 1371 86
1365 1404 46
1383 1427 193
1386 1419 27
1390 1410 176
1400 1447 259
1425 1469 30
1438 1485 236
1465 1492 62
1472 1508 224
1488 1509 247
1511 1531 79
1541 1555 55
1571 1574 239
1591 1633 36
1603 1625 217
1632 1643 66
1634 1670 19
1639 1667 123
1642 1651 193
1647 1673 107
1667 1696 29
1674 1684 231
1694 1726 194
1701 1729 218
1724 1727 3
1750 1789 19
1762 1781 86
1766 1801 98
1796 1813 259
1821 1863 238
1842 1891 192
1870 1891 100
1895 1899 55
1921 1968 275
1937 1960 65
1962 2004 243
1988 2030 69
1992 2036 13
1998 2045 32
2007 2036 66
2037 2071 62
2052 2065 240
2063 2100 165
2074 2113 198
2096 2109 85
2119 2131 298
2131 2132 299
2153 2183 166
2180 2230 50
2194 2223 82
2205 2222 108
2233 2279 22
2235 2285 298
2247 2289 48
2267 2288 180
2280 2296 149
2307 2326 192
2320 2361 101
2328 2366 257
2350 2386 18
2368 2370 213
2372 2417 274
2377 2424 149
2397 2412 84
2405 2449 287
2427 2432 188
2433 2457 22
2452 2456 194
2473 2509 98
2487 2510 233
2487 2520 4
2514 2525 96
2540 2550 65
2569 2595 198
2594 2642 108
2610 2617 213
2629 2650 187
2648 2682 189
2658 2704 115
2678 2695 140
2681 2718 274
2692 2702 43
2710 2727 261
2718 2748 49
2731 2745 142
2732 2773 284
2738 2774 134
2755 2790 168
2781 2824 228
2785 2794 223
2796 2797 197
2826 2848 167
2848 2865 19
2877 2878 267
2890 2923 257
2899 2946 239
2919 2944 36
2937 2978 81
2951 2974 12
2965 2983 72
2973 2990 139
2982 3013 294
2982 3032 94
2988 2990 108
3016 3065 278
3046 3089 174
3072 3099 295
3089 3109 251
3118 3152 272
3130 3139 267
3150 3186 293
3174 3176 5
3192 3218 43
3214 3253 107
3216 3264 34
3232 3268 128
3261 3311 201
3274 3277 294
3283 3316 243
3285 3323 74
3292 3294 136
3292 3331 269
3320 3333 89
3333 3348 291
3361 3383 86
3364 3370 89
3377 3402 136
3399 3439 19
3413 3453 43
3438 3443 261
3454 3495 15
3468 3476 51
3496 3524 183
3523 3573 76
3529 3570 134
3558 3593 39
3580 3594 177
3608 3655 233
3616 3627 65
3623 3651 68
3633 3653 26
3643 3673 65
3647 3696 66
3677 3707 157
3683 3702 148
3712 3721 54
3716 3742 238
3718 3760 41
3728 3739 223
3757 3764 25
3767 3796 62
3774 3824 108
3792 3830 239
3811 3839 10
3841 3862 300
3868 3903 61
3868 3883 209
3879 3894 184
3887 3892 165
3887 3921 129
3896 3924 9
3903 3923 199
3933 3942 200
3948 3984 262
3977 3989 270
4001 4037 227
4018 4062 256
4027 4046 145
4041 4087 91
4062 4098 290
4073 4108 237
4095 4109 229
4097 4126 140
4120 4131 177
4128 4164 107
4128 4161 17
4157 4194 189
4166 4180 6
4182 4204 100
4188 4202 266
4195 4237 293
4195 4197 57
4205 4231 192
4225 4255 111
4239 4253 239
4248 4283 234
4278 4315 144
4296 4326 149
4323 4352 98
4349 4391 29
4378 4425 44
4388 4398 295
4391 4401 245
4415 4416 257
4424 4454 44
4444 4448 106
4470 4478 111
4491 4538 50
4509 4545 103
4527 4544 276
4545 4546 158
4560 4581 283
4584 4602 173
4587 4595 43
4614 4649 237
4614 4619 71
4625 4643 104
4655 4666 140
4656 4683 121
4659 4686 257
4680 4717 177
4688 4709 157
4701 4746 25
4723 4743 55
4737 4765 130
4756 4776 44
4761 4803 289
4782 4794 292
4802 4831 33
4827 4867 193
