300
22 42 83
39 81 266
57 82 163
59 83 107
82 89 113
100 120 196
122 126 96
138 150 230
148 175 266
158 199 53
186 234 140
190 193 3
199 237 163
210 213 251
229 241 141
247 266 21
264 290 43
293 298 162
299 312 120
323 331 200
331 332 81
336 382 116
356 385 219
383 385 109
399 449 10
422 441 173
434 447 33
452 495 286
475 505 60
482 496 82
498 518 168
524 572 235
539 581 91
541 587 195
559 596 163
584 617 227
607 632 142
625 652 247
625 671 131
638 649 30
653 667 226
659 662 228
674 722 36
679 707 280
702 743 265
707 727 99
711 731 108
720 722 269
743 767 259
748 798 119
751 796 114
765 779 10
792 810 283
807 831 200
830 876 200
831 873 228
848 893 8
864 874 38
867 876 165
869 877 168
880 926 113
904 949 99
917 945 259
918 940 215
943 945 105
948 984 57
948 975 10
972 990 41
979 1014 225
990 998 235
1018 1062 150
1032 1070 145
1058 1072 273
1078 1127 237
1087 1114 108
1093 1123 114
1122 1158 229
1132 1173 246
1137 1159 221
1143 1158 44
1146 1152 201
1174 1186 274
1175 1210 96
1204 1223 69
1219 1238 73
1231 1261 263
1235 1255 293
1238 1286 129
1255 1294 114
1263 1297 29
1279 1316 145
1289 1298 9
1308 1325 269
1311 1322 182
1322 1329 119
1330 1344 176
1347 1351 148
1364 1378 16
1390 1401 91
1397 1418 156
1399 1448 235
1427 1467 169
1437 1466 35
1441 1443 168
1469 1506 169
1494 1499 124
1524 1554 138
1550 1567 235
1552 1593 299
1578 1605 118
1580 1616 12
1603 1623 169
1618 1632 245
1632 1652 99
1632 1653 204
1633 1650 11
1648 1671 272
1657 1682 13
1683 1715 104
1686 1712 2
1696 1721 213
1698 1743 5
1700 1724 126
1709 1718 226
1720 1733 101
1726 1727 51
1754 1757 6
1781 1793 74
1783 1802 277
1813 1817 74
1823 1848 271
1848 1851 211
1855 1880 158
1871 1880 61
1892 1927 77
1919 1943 281
1943 1964 38
1952 1976 1
1980 2002 210
1980 1984 176
2004 2034 58
2023 2073 196
2038 2062 89
2064 2065 29
2085 2126 224
2105 2153 263
2106 2124 203
2107 2145 207
2109 2122 253
2116 2132 204
2139 2150 278
2152 2187 257
2157 2199 205
2158 2185 8
2181 2198 265
2210 2256 42
2219 2240 48
2226 2245 84
2254 2272 204
2270 2290 257
2298 2348 95
2299 2313 16
2312 2330 85
2333 2360 270
2350 2389 114
2369 2413 143
2382 2411 215
2410 2424 241
2413 2463 73
2425 2451 7
2440 2441 157
2449 2489 93
2458 2494 18
2472 2517 148
2473 2487 253
2476 2497 266
2478 2488 259
2498 2538 49
2504 2531 78
2511 2549 8
2538 2580 160
2562 2597 161
2585 2634 82
2611 2627 219
2637 2645 172
2664 2668 113
2675 2724 109
2684 2705 16
2704 2740 246
2709 2758 144
2710 2750 189
2735 2773 93
2735 2776 151
2756 2771 112
2781 2827 182
2782 2815 141
2787 2791 29
2796 2800 130
2811 2853 211
2827 2875 193
2854 2891 197
2864 2872 178
2881 2910 289
2911 2961 111
2931 2940 44
2935 2952 273
2952 2972 49
2965 3011 250
2974 3010 130
2986 2996 26
2989 3009 155
3012 3056 15
3023 3071 233
3050 3063 177
3062 3110 55
3066 3103 138
3089 3126 128
3102 3131 173
3127 3150 88
3156 3205 39
3182 3201 245
3204 3228 95
3224 3249 79
3243 3285 300
3273 3290 223
3279 3307 147
3308 3317 189
3324 3371 28
3329 3355 178
3359 3375 205
3366 3405 203
3376 3422 256
3376 3385 162
3404 3432 252
3431 3457 146
3439 3467 104
3443 3461 185
3451 3483 255
3477 3526 171
3505 3534 8
3530 3548 130
3559 3579 249
3584 3630 140
3614 3649 296
3627 3632 145
3651 3656 123
3675 3685 59
3684 3728 134
3704 3731 196
3724 3745 56
3734 3752 35
3758 3803 115
3781 3800 166
3811 3827 145
3831 3857 232
3860 3883 276
3890 3918 266
3896 3937 7
3904 3913 177
3933 3945 131
3945 3987 255
3948 3951 224
3974 3978 119
3994 4002 269
3998 4018 270
4026 4058 287
4054 4061 265
4054 4087 124
4069 4108 41
4087 4097 30
4089 4119 163
4112 4114 45
4125 4154 114
4148 4189 179
4163 4191 15
4173 4187 223
4178 4183 223
4179 4191 31
4193 4206 53
4215 4257 268
4240 4269 160
4252 4291 267
4260 4309 127
4262 4275 187
4268 4276 56
4297 4342 196
4304 4348 248
4320 4366 166
4347 4371 129
4369 4400 115
4379 4417 250
4393 4422 125
4403 4450 7
4413 4418 168
4432 4451 284
4458 4483 281
4470 4508 26
4476 4506 142
4498 4514 178
4511 4538 102
