300
25 33 121
31 63 210
54 97 113
65 80 61
71 98 270
94 117 166
101 151 300
118 143 122
127 133 81
152 155 252
172 198 260
183 231 267
195 210 170
209 251 146
237 268 220
251 263 69
278 293 191
290 318 55
305 315 243
316 350 59
316 352 53
326 331 82
341 351 85
360 398 93
369 406 60
392 440 79
407 410 25
416 432 28
439 479 110
467 497 289
490 503 218
494 524 246
494 543 272
507 517 12
510 542 163
513 525 212
526 570 293
527 563 84
546 551 12
573 603 229
588 607 186
595 599 103
612 629 83
630 661 8
643 681 119
669 716 56
669 691 95
687 692 24
694 732 134
710 716 181
725 729 178
732 771 2
740 756 211
765 805 186
784 791 294
790 810 81
809 848 152
815 822 175
817 830 271
846 863 280
869 915 297
872 888 202
886 921 263
891 937 242
914 947 128
921 924 217
946 952 201
959 979 263
961 973 39
987 1020 62
1000 1011 200
1026 1070 53
1047 1092 297
1070 1091 230
1093 1134 118
1093 1105 268
1105 1138 18
1127 1170 104
1135 1173 63
1145 1188 246
1158 1202 81
1166 1201 228
1184 1201 156
1204 1233 130
1205 1207 134
1220 1251 270
1237 1283 201
1244 1252 1
1246 1271 167
1255 1260 139
1276 1319 121
1287 1329 229
1293 1313 137
1310 1314 190
1314 1328 8
1341 1347 216
1370 1392 6
1377 1416 89
1388 1431 110
1411 1460 250
1411 1435 201
1427 1434 261
1442 1459 228
1457 1493 72
1479 1521 107
1507 1547 209
1537 1568 23
1562 1597 20
1581 1604 167
1598 1633 57
1621 1630 9
1651 1696 131
1660 1694 144
1687 1724 137
1703 1749 75
1727 1751 5
1735 1757 208
1745 1767 114
1749 1751 244
1761 1781 255
1783 1787 34
1783 1817 263
1811 1851 173
1818 1868 89
1839 1872 238
1854 1904 203
1857 1907 279
1871 1903 8
1888 1904 235
1912 1959 291
1920 1937 55
1922 1934 109
1932 1964 167
1932 1978 245
1961 1968 186
1979 1999 149
1986 2000 173
1992 2009 206
2011 2038 57
2037 2060 219
2061 2105 63
2081 2115 38
2094 2135 252
2111 2127 167
2132 2161 138
2159 2201 147
2189 2199 104
2195 2205 136
2211 2255 92
2221 2231 68
2229 2257 1
2250 2274 137
2255 2259 115
2278 2303 205
2295 2335 197
2306 2333 18
2320 2322 271
2331 2332 120
2359 2401 173
2368 2413 77
2389 2434 157
2412 2440 127
2428 2452 112
2434 2463 111
2443 2479 53
2454 2461 230
2481 2483 58
2495 2506 33
2499 2514 170
2519 2552 231
2525 2540 147
2555 2603 235
2581 2596 206
2586 2588 181
2616 2660 153
2617 2625 285
2644 2655 286
2671 2687 84
2682 2703 84
2685 2686 171
2711 2731 184
2724 2748 65
2739 2768 145
2756 2757 122
2778 2814 196
2808 2825 299
2829 2873 60
2844 2877 66
2874 2905 41
2898 2932 69
2910 2942 28
2929 2952 22
2949 2962 129
2977 2996 255
2982 2988 260
2992 2998 91
3016 3033 235
3019 3059 97
3041 3079 141
3054 3057 119
3071 3090 235
3085 3090 44
3115 3135 274
3134 3162 141
3135 3166 20
3150 3169 119
3165 3194 288
3169 3191 282
3187 3236 255
3204 3223 214
3234 3241 12
3234 3269 132
3258 3305 198
3281 3287 148
3288 3306 90
3317 3355 143
3317 3329 89
3332 3344 20
3360 3386 81
3381 3402 165
3399 3411 202
3425 3448 46
3443 3445 90
3466 3472 1
3474 3478 262
3480 3520 139
3500 3523 51
3522 3547 206
3548 3580 49
3561 3563 91
3584 3620 56
3605 3645 125
3634 3672 3
3634 3667 300
3646 3680 8
3661 3698 68
3663 3704 38
3682 3697 290
3707 3708 54
3713 3744 151
3721 3759 227
3736 3785 245
3752 3772 54
3779 3794 129
3801 3805 209
3831 3869 219
3837 3879 6
3856 3866 186
3865 3884 262
3891 3895 289
3900 3927 122
3906 3953 182
3914 3937 86
3930 3972 148
3939 3964 9
3948 3994 68
3975 3977 4
3997 4013 203
4016 4036 41
4039 4059 134
4040 4075 243
4065 4110 19
4065 4080 115
4086 4088 123
4109 4137 265
4115 4142 117
4126 4139 287
4135 4159 72
4158 4201 131
4185 4229 174
4189 4213 246
4209 4213 178
4209 4221 283
4233 4262 198
4244 4281 14
4250 4273 263
4267 4292 276
4285 4292 300
4290 4307 51
4296 4339 155
4308 4356 125
4326 4341 202
4351 4367 28
4351 4372 259
4372 4403 220
4400 4414 236
4414 4426 230
4434 4480 21
4451 4480 189
4479 4518 213
4479 4493 202
4484 4516 150
4494 4516 150
4508 4526 107
4516 4534 44
4516 4524 15
4522 4565 11
4525 4532 19
4554 4579 146
4571 4614 87
