300
4 20 61
24 34 286
39 40 287
52 55 106
62 101 84
65 76 95
86 124 98
96 105 196
104 114 224
108 157 69
116 131 24
119 157 257
135 139 282
161 174 237
178 182 219
187 211 9
206 228 296
233 258 207
261 284 226
280 286 16
289 327 270
310 332 267
313 324 93
326 328 37
343 345 144
369 413 48
393 442 214
422 437 141
428 446 251
440 449 233
458 474 160
468 501 299
488 523 251
501 526 44
527 563 219
552 592 84
579 590 62
589 633 62
601 640 138
623 624 78
637 658 193
648 661 83
661 709 177
683 690 233
695 705 63
719 742 168
721 738 83
747 791 56
759 761 283
776 782 59
782 783 84
795 841 247
803 810 216
824 861 179
849 871 237
874 888 24
883 890 60
899 904 46
918 955 75
945 970 285
945 960 2
973 995 20
978 1013 252
984 994 230
1011 1021 63
1011 1022 256
1020 1024 178
1035 1066 120
1047 1068 124
1076 1104 200
1082 1131 94
1094 1123 286
1095 1136 212
1108 1140 194
1137 1144 85
1163 1172 106
1173 1193 161
1179 1214 298
1193 1201 79
1216 1254 19
1236 1247 285
1239 1271 12
1259 1267 181
1266 1274 225
1280 1319 131
1302 1328 156
1331 1372 98
1353 1362 244
1369 1397 229
1371 1373 252
1386 1424 60
1399 1443 32
1423 1457 176
1438 1467 134
1463 1503 49
1478 1506 292
1492 1520 260
1496 1540 62
1522 1558 99
1547 1597 188
1574 1611 253
1593 1617 269
1612 1656 53
1624 1635 34
1635 1640 25
1636 1666 291
1644 1654 162
1661 1699 156
1665 1712 113
1682 1700 12
1694 1734 25
1714 1735 16
1731 1756 50
1748 1776 138
1777 1803 161
1806 1850 276
1825 1835 132
1828 1863 250
1828 1865 114
1850 1863 32
1865 1906 289
1869 1897 82
1894 1921 45
1922 1926 238
1951 1963 81
1970 1984 256
1976 1978 164
1995 1997 132
2020 2068 97
2048 2070 105
2078 2126 75
2082 2083 218
2088 2089 35
2106 2111 132
2128 2166 219
2128 2130 269
2134 2172 178
2158 2161 49
2180 2189 265
2194 2226 31
2217 2261 119
2224 2256 105
2242 2278 241
2258 2270 37
2274 2279 113
2297 2321 88
2316 2344 287
2333 2349 4
2346 2370 49
2347 2356 32
2375 2380 46
2386 2421 70
2397 2404 72
2418 2444 258
2419 2462 24
2422 2460 139
2435 2485 251
2441 2453 257
2471 2496 95
2489 2490 50
2498 2546 53
2524 2563 186
2526 2551 267
2531 2550 268
2554 2593 284
2559 2574 15
2578 2596 129
2599 2634 144
2609 2623 71
2630 2663 133
2651 2655 159
2674 2677 146
2704 2730 109
2730 2770 133
2759 2795 105
2779 2799 252
2795 2822 258
2815 2822 54
2833 2871 127
2840 2850 63
2859 2871 23
2860 2866 74
2870 2912 151
2900 2929 279
2924 2941 173
2945 2983 14
2973 2993 147
2985 2986 34
2988 3026 237
2995 3023 226
3008 3032 147
3029 3073 289
3046 3077 37
3048 3072 263
3053 3072 151
3059 3091 131
3061 3085 19
3087 3112 46
3116 3149 266
3142 3184 4
3154 3166 112
3165 3185 246
3175 3222 224
3197 3202 76
3208 3232 224
3237 3240 181
3264 3286 238
3266 3272 51
3292 3309 274
3298 3313 116
3304 3316 157
3322 3354 44
3333 3368 132
3352 3392 273
3382 3385 175
3390 3437 263
3397 3429 88
3423 3441 238
3453 3492 79
3461 3486 13
3474 3516 40
3496 3515 197
3521 3554 184
3542 3579 97
3554 3603 149
3569 3592 73
3595 3639 273
3618 3635 91
3635 3654 71
3651 3697 247
3668 3683 44
3688 3704 194
3711 3744 85
3717 3746 128
3725 3771 153
3732 3776 117
3734 3783 74
3745 3768 194
3763 3809 212
3777 3816 141
3803 3816 208
3807 3825 9
3833 3835 70
3855 3901 88
3884 3924 203
3889 3908 76
3895 3915 54
3916 3945 136
3943 3967 290
3957 3999 63
3985 4014 26
4000 4047 63
4017 4067 9
4047 4076 293
4050 4059 147
4054 4087 118
4063 4100 63
4070 4080 10
4073 4086 206
4078 4094 164
4101 4115 231
4111 4134 9
4116 4142 239
4136 4183 23
4136 4177 59
4138 4166 204
4153 4162 278
4177 4208 170
4196 4214 268
4223 4253 274
4240 4262 132
4248 4296 70
4267 4296 249
4287 4324 192
4308 4349 161
4328 4362 66
4328 4374 128
4330 4354 152
4336 4346 234
4338 4381 126
4367 4399 252
4377 4426 41
4385 4422 176
4393 4409 86
4422 4432 232
4443 4492 53
4454 4496 298
4481 4526 228
4493 4528 148
4496 4538 57
4516 4554 66
4530 4566 81
4540 4565 85
4549 4596 245
4556 4604 123
4583 4618 67
4590 4618 31
4610 4660 174
4614 4638 96
4643 4648 170
