300
15 44 35
28 73 293
43 61 44
66 98 267
80 107 120
93 95 78
116 119 29
145 175 209
149 187 66
154 184 84
172 184 70
190 218 43
190 220 80
213 231 252
232 248 275
234 267 36
239 281 36
267 310 244
296 336 295
308 339 238
326 331 182
331 378 72
360 399 295
373 408 221
386 389 271
402 437 233
414 440 266
431 466 26
453 470 115
478 500 139
502 547 157
513 553 150
523 538 170
526 547 97
547 586 164
566 583 116
583 619 193
603 629 33
622 629 56
635 659 246
643 686 32
670 687 45
696 729 49
712 729 130
717 734 40
740 759 160
756 799 107
779 788 249
794 820 20
810 847 91
837 865 30
849 896 168
878 898 48
903 939 127
907 952 235
910 960 86
919 947 204
928 933 88
941 954 248
950 986 130
978 1003 264
996 1006 70
1003 1051 83
1014 1026 86
1026 1064 272
1035 1049 63
1063 1089 30
1088 1093 271
1112 1159 249
1129 1176 16
1154 1196 291
1184 1207 261
1211 1257 41
1233 1265 217
1239 1281 230
1258 1296 111
1287 1319 126
1295 1320 172
1307 1310 61
1334 1340 59
1362 1393 72
1368 1402 77
1372 1389 147
1400 1438 114
1412 1460 282
1412 1455 291
1421 1442 46
1438 1483 123
1458 1486 39
1486 1496 113
1486 1510 157
1493 1502 63
1504 1533 276
1523 1536 300
1546 1584 294
1573 1603 122
1575 1589 271
1584 1619 10
1612 1623 100
1620 1648 187
1641 1646 260
1644 1645 265
1657 1697 74
1680 1720 229
1681 1683 47
1687 1701 158
1711 1759 225
1719 1724 85
1748 1789 3
1769 1813 26
1777 1816 273
1780 1827 258
1782 1800 246
1798 1848 147
1818 1835 53
1822 1861 149
1851 1889 206
1858 1867 57
1868 1888 43
1891 1921 138
1911 1959 278
1934 1950 158
1942 1984 213
1950 1992 108
1960 2005 132
1964 1987 10
1982 1987 66
1998 2015 250
2017 2030 152
2043 2078 290
2064 2069 181
2066 2091 154
2079 2119 296
2108 2127 272
2111 2112 67
2112 2151 176
2142 2189 274
2160 2169 122
2181 2213 296
2186 2194 126
2202 2233 29
2214 2217 46
2223 2239 16
2239 2278 290
2256 2292 217
2262 2278 81
2279 2316 241
2283 2291 137
2284 2314 150
2304 2342 32
2332 2369 137
2360 2369 228
2382 2423 91
2388 2415 280
2412 2425 199
2417 2422 284
2419 2459 250
2438 2478 158
2452 2463 80
2457 2493 147
2486 2490 269
2500 2530 247
2515 2560 270
2539 2573 105
2548 2581 87
2565 2606 115
2595 2620 23
2603 2630 5
2631 2675 208
2653 2689 141
2665 2673 209
2685 2703 16
2694 2733 201
2716 2742 180
2718 2737 214
2722 2756 72
2725 2774 134
2748 2783 231
2769 2812 210
2773 2821 262
2782 2811 258
2808 2848 28
2836 2857 128
2844 2888 258
2868 2872 215
2871 2882 261
2889 2903 251
2906 2911 23
2930 2972 103
2937 2969 281
2953 2983 122
2968 3011 286
2976 3009 36
2979 3000 73
2985 2989 216
2997 3041 240
3006 3012 116
3017 3060 130
3019 3048 171
3022 3027 153
3045 3070 73
3049 3094 29
3058 3103 69
3082 3108 201
3092 3118 261
3110 3155 184
3119 3127 253
3143 3182 114
3154 3176 66
3162 3207 297
3184 3222 202
3207 3214 245
3227 3230 119
3250 3296 86
3272 3287 202
3283 3321 168
3298 3319 120
3309 3348 198
3314 3335 104
3343 3352 122
3346 3378 257
3355 3370 145
3366 3395 68
3389 3395 106
3409 3446 170
3429 3475 67
3459 3497 232
3471 3475 239
3495 3536 262
3499 3533 9
3512 3543 40
3525 3547 241
3530 3553 244
3541 3584 197
3549 3587 119
3560 3573 200
3569 3608 261
3569 3595 293
3592 3611 242
3601 3627 42
3618 3648 224
3642 3673 92
3645 3648 265
3654 3695 238
3684 3700 32
3709 3747 249
3729 3770 278
3740 3743 237
3751 3761 124
3753 3797 284
3766 3803 50
3775 3777 269
3792 3808 244
3793 3814 152
3807 3836 88
3837 3861 108
3838 3888 14
3858 3884 3
3862 3898 232
3874 3887 131
3875 3900 177
3899 3925 150
3901 3939 249
3926 3958 151
3929 3966 238
3945 3986 15
3951 3971 253
3963 3981 280
3977 4000 45
3992 4006 173
4018 4034 33
4031 4033 165
4052 4065 223
4053 4087 170
4082 4109 221
4098 4135 53
4124 4126 216
4148 4192 39
4158 4174 296
4158 4197 4
4168 4191 169
4198 4203 114
4201 4243 116
4218 4238 288
4218 4224 176
4220 4226 105
4227 4258 284
4251 4281 248
4262 4299 91
4291 4297 39
4298 4336 190
4300 4302 214
4318 4329 218
4322 4348 92
4343 4355 43
4343 4371 68
4368 4369 41
4385 4410 114
4392 4393 231
4402 4448 129
