300
10 42 145
39 75 177
45 74 17
45 74 107
68 83 28
68 75 7
69 76 263
75 121 147
84 132 186
104 134 215
133 181 271
148 155 62
172 189 296
188 212 8
216 246 210
244 267 242
257 281 75
286 297 7
309 310 267
320 327 35
331 368 47
357 360 101
379 416 285
382 392 268
392 419 278
418 464 272
422 460 289
422 449 293
439 459 6
458 472 64
460 504 63
460 510 16
469 480 206
495 509 63
519 558 164
529 566 192
538 575 130
547 555 82
565 611 24
592 593 125
607 635 129
619 622 151
644 645 76
665 693 206
671 678 46
695 741 61
714 740 197
737 776 142
737 783 39
761 795 97
772 799 121
787 812 99
789 790 87
806 832 292
830 877 91
843 858 48
853 875 163
868 895 249
871 876 106
893 895 144
915 935 241
931 961 223
940 965 212
958 992 92
971 989 84
981 993 139
1002 1025 136
1008 1051 229
1014 1034 264
1018 1038 284
1037 1071 267
1055 1083 233
1065 1089 127
1069 1074 295
1077 1113 185
1091 1113 45
1109 1156 40
1127 1142 233
1138 1178 251
1155 1178 54
1159 1182 83
1179 1202 207
1180 1184 31
1199 1218 249
1222 1247 36
1244 1277 127
1261 1301 91
1262 1311 156
1282 1314 243
1289 1298 177
1296 1319 52
1311 1355 46
1328 1344 177
1348 1398 154
1375 1399 218
1396 1426 256
1412 1429 228
1439 1479 251
1452 1499 219
1453 1467 283
1468 1474 228
1497 1524 138
1506 1524 284
1529 1564 126
1555 1585 131
1563 1580 123
1574 1586 193
1584 1620 135
1586 1602 177
1610 1629 30
1632 1676 279
1635 1650 165
1639 1675 173
1663 1667 86
1673 1694 246
1695 1743 4
1717 1729 7
1724 1766 51
1735 1754 245
1739 1759 74
1767 1780 206
1772 1805 202
1774 1789 208
1776 1783 205
1778 1814 297
1800 1822 120
1810 1825 17
1812 1825 81
1841 1871 186
1869 1885 29
1891 1921 130
1903 1939 275
1908 1943 226
1912 1937 61
1940 1969 213
1949 1953 9
1975 2000 247
1985 2031 230
2014 2062 33
2033 2041 110
2034 2070 141
2034 2056 172
2039 2070 227
2067 2069 75
2083 2116 246
2092 2093 263
2105 2123 255
2135 2151 245
2141 2154 158
2157 2165 195
2171 2200 231
2186 2217 207
2206 2223 125
2231 2239 235
2239 2276 225
2246 2294 94
2268 2314 268
2286 2315 12
2291 2299 216
2292 2304 246
2316 2363 45
2328 2357 188
2337 2383 244
2362 2384 250
2386 2401 45
2398 2431 181
2418 2448 175
2447 2467 299
2458 2492 19
2479 2482 103
2487 2531 184
2493 2504 158
2512 2528 219
2519 2535 104
2536 2556 53
2551 2571 62
2575 2582 141
2600 2606 1
2611 2615 11
2638 2654 82
2655 2683 222
2680 2691 221
2685 2723 249
2711 2750 101
2718 2734 146
2742 2766 221
2757 2795 142
2761 2803 235
2791 2809 7
2815 2817 153
2841 2863 175
2849 2850 176
2849 2857 41
2858 2866 169
2880 2904 170
2904 2913 194
2907 2931 16
2924 2950 159
2941 2979 49
2957 2997 60
2961 2970 196
2962 2963 12
2980 2994 257
2984 3027 137
2984 2993 203
3002 3025 18
3006 3027 213
3025 3073 115
3046 3058 264
3053 3078 174
3063 3110 246
3081 3106 294
3089 3119 84
3114 3162 253
3143 3182 112
3159 3175 73
3175 3210 94
3187 3201 129
3215 3237 28
3233 3238 198
3250 3264 85
3272 3284 233
3285 3296 83
3300 3325 204
3309 3310 46
3330 3334 22
3344 3355 237
3345 3389 227
3352 3381 41
3361 3383 203
3389 3402 165
3412 3416 141
3438 3457 113
3453 3469 151
3454 3458 53
3459 3482 269
3463 3502 222
3473 3502 284
3484 3508 190
3503 3526 131
3527 3571 254
3533 3555 158
3538 3587 79
3553 3559 2
3556 3595 204
3556 3563 117
3558 3565 169
3561 3590 187
3578 3606 58
3599 3601 188
3615 3649 27
3630 3656 268
3640 3665 124
3641 3654 292
3655 3682 242
3659 3662 119
3668 3718 257
3675 3685 147
3688 3726 138
3688 3692 29
3713 3723 250
3740 3783 209
3741 3758 194
3765 3790 162
3768 3792 125
3793 3834 46
3817 3828 13
3821 3851 248
3844 3864 255
3850 3874 229
3855 3860 291
3866 3892 281
3877 3901 219
3886 3898 140
3900 3943 234
3909 3931 72
3915 3949 24
3941 3979 228
3965 4003 73
3972 3988 100
3993 4005 129
3999 4029 64
4028 4060 164
4051 4066 166
4058 4068 139
4063 4077 157
4082 4102 220
4105 4116 16
4134 4151 205
4158 4191 292
4159 4177 103
4178 4208 139
4205 4243 228
4231 4252 264
4255 4281 190
4263 4272 211
4266 4310 104
4278 4324 100
4300 4341 281
4313 4362 176
