300
12 23 13
33 81 2
53 103 230
61 93 50
66 75 98
67 98 149
93 121 228
93 96 78
93 130 258
97 139 5
110 140 242
130 131 253
131 154 160
142 145 283
145 146 89
151 159 41
178 217 148
201 209 281
228 246 72
247 288 132
259 293 116
276 304 230
277 319 144
294 325 149
311 351 245
339 356 147
345 392 14
357 394 44
380 413 102
383 421 152
387 433 49
416 461 144
438 469 31
448 468 260
458 494 208
459 495 48
473 517 138
492 494 44
512 514 262
529 567 249
534 557 76
547 555 162
569 577 147
599 610 296
614 622 290
644 690 231
648 679 2
668 713 28
692 728 51
694 700 180
712 723 145
717 746 33
727 729 275
755 785 250
757 771 76
766 785 228
793 834 282
794 805 235
801 837 66
812 843 230
835 852 45
843 867 11
857 897 50
884 909 226
889 929 2
889 907 89
897 900 293
920 933 214
923 942 6
926 974 168
939 974 132
945 965 44
957 1002 103
987 1021 185
989 999 219
991 1009 209
1009 1034 123
1036 1044 51
1060 1062 151
1077 1116 287
1103 1138 286
1132 1146 54
1145 1170 159
1163 1192 105
1185 1189 66
1199 1248 33
1208 1246 17
1224 1270 55
1233 1280 14
1247 1260 186
1267 1308 132
1284 1311 25
1305 1345 131
1318 1332 121
1328 1352 163
1355 1376 59
1361 1381 207
1377 1383 222
1388 1417 108
1416 1444 97
1417 1436 81
1430 1449 3
1436 1443 60
1463 1477 12
1473 1518 188
1484 1531 119
1506 1540 55
1526 1575 44
1535 1584 261
1542 1543 273
1552 1582 79
1552 1582 48
1567 1598 166
1575 1607 161
1599 1648 191
1628 1676 177
1650 1690 290
1657 1686 174
1663 1711 174
1685 1719 47
1686 1716 15
1692 1706 53
1710 1740 89
1727 1751 215
1744 1762 128
1774 1796 300
1799 1837 272
1819 1848 2
1821 1854 258
1850 1895 148
1880 1921 136
1881 1919 233
1887 1897 144
1902 1926 12
1928 1967 218
1933 1964 157
1949 1980 148
1949 1953 137
1958 1976 86
1980 2022 183
1993 2011 267
2000 2033 40
2015 2061 91
2039 2083 254
2046 2056 172
2071 2102 109
2073 2078 108
2083 2101 283
2107 2147 9
2126 2171 269
2130 2172 201
2153 2163 20
2169 2176 84
2196 2218 176
2216 2233 210
2216 2233 143
2245 2286 225
2255 2291 183
2259 2274 31
2287 2298 26
2315 2316 173
2321 2343 35
2335 2351 279
2353 2392 5
2366 2411 138
2390 2391 137
2409 2425 162
2433 2453 91
2446 2455 17
2468 2469 265
2468 2512 183
2475 2524 271
2495 2530 109
2495 2523 284
2516 2549 292
2520 2547 114
2528 2554 132
2548 2584 176
2568 2594 224
2573 2620 126
2573 2597 55
2575 2601 19
2593 2612 176
2621 2638 257
2638 2660 195
2652 2682 33
2665 2668 26
2673 2706 80
2701 2714 82
2715 2737 104
2729 2734 128
2758 2766 84
2786 2809 192
2811 2847 253
2826 2842 235
2846 2895 218
2873 2910 245
2892 2898 195
2918 2931 278
2935 2952 177
2943 2960 260
2962 2999 80
2964 3001 190
2972 2999 245
3001 3038 97
3023 3063 104
3044 3090 18
3046 3079 45
3054 3064 214
3061 3079 175
3075 3105 173
3084 3124 242
3109 3111 198
3130 3140 1
3153 3171 118
3173 3183 174
3177 3199 55
3198 3211 207
3222 3229 260
3231 3280 154
3261 3271 142
3262 3308 193
3292 3299 78
3319 3367 8
3326 3330 99
3349 3352 120
3371 3389 182
3389 3390 20
3409 3455 3
3417 3457 222
3434 3474 170
3435 3454 202
3456 3501 21
3485 3487 194
3515 3552 206
3524 3536 7
3547 3578 220
3548 3598 160
3561 3563 239
3575 3599 8
3595 3597 206
3599 3620 224
3611 3648 94
3613 3641 57
3641 3689 195
3649 3695 188
3650 3672 231
3665 3698 145
3687 3701 44
3699 3712 93
3701 3711 290
3711 3712 174
3712 3761 228
3728 3775 249
3735 3785 195
3761 3786 115
3761 3797 154
3773 3785 141
3782 3791 259
3794 3836 266
3798 3811 224
3828 3875 14
3843 3884 91
3846 3864 163
3858 3884 256
3882 3898 238
3908 3954 192
3923 3967 251
3952 3992 63
3973 3985 233
3985 3986 189
3999 4011 274
4012 4030 217
4019 4055 111
4039 4061 227
4051 4056 78
4067 4115 160
4073 4118 112
4091 4094 28
4115 4119 66
4122 4162 244
4145 4156 1
4161 4199 143
4188 4205 20
4204 4210 173
4205 4214 296
4234 4239 106
4254 4257 199
4264 4266 271
4285 4316 271
4310 4352 100
4340 4368 300
4362 4411 215
4383 4415 278
4411 4419 1
4413 4446 92
4421 4444 30
4439 4483 2
4463 4474 273
4470 4473 26
