300
8 27 147
28 36 91
38 41 33
64 95 296
79 101 125
98 105 95
103 106 201
103 140 50
122 172 128
131 177 103
133 183 105
163 208 208
189 214 110
200 201 1
211 218 132
238 271 260
266 268 219
279 327 209
304 320 147
323 365 212
345 360 189
359 377 259
383 392 146
383 422 147
391 396 4
420 450 44
432 477 237
440 475 281
440 466 290
465 505 169
481 519 286
483 490 194
506 545 191
522 531 25
539 567 159
565 586 166
593 643 214
596 607 152
603 618 15
631 659 182
633 642 37
637 686 293
641 659 175
642 653 92
648 685 90
675 690 139
682 687 118
706 723 27
728 773 78
734 770 231
748 750 280
758 789 207
773 798 109
784 812 208
813 855 41
828 853 256
854 861 104
882 908 137
909 910 46
925 928 141
943 958 223
967 991 87
981 1012 85
989 997 289
989 1032 295
990 1017 199
1014 1022 151
1023 1072 279
1041 1064 134
1051 1073 167
1065 1076 85
1071 1121 3
1090 1127 35
1119 1132 179
1129 1163 60
1138 1182 88
1153 1156 172
1181 1215 244
1197 1210 80
1219 1257 34
1230 1247 31
1255 1285 63
1283 1295 83
1293 1324 295
1313 1338 231
1321 1368 62
1323 1345 122
1341 1375 7
1347 1394 197
1351 1380 139
1351 1393 42
1381 1417 121
1403 1406 81
1416 1424 31
1443 1462 214
1445 1474 163
1457 1480 38
1484 1496 118
1511 1514 3
1539 1579 198
1566 1586 62
1585 1594 279
1604 1622 2
1615 1655 59
1620 1643 281
1621 1638 156
1646 1693 99
1657 1696 232
1684 1723 203
1709 1758 135
1725 1765 49
1753 1799 142
1769 1777 284
1784 1830 59
1798 1808 205
1823 1860 298
1847 1894 281
1871 1907 128
1891 1924 19
1896 1938 227
1920 1942 224
1920 1962 156
1927 1958 20
1936 1949 111
1944 1991 283
1956 1995 213
1975 1984 25
2003 2047 159
2020 2036 226
2032 2047 201
2053 2072 260
2078 2121 105
2097 2098 233
2112 2154 293
2130 2139 56
2143 2190 217
2155 2181 104
2166 2173 17
2191 2215 134
2203 2238 149
2216 2235 286
2217 2251 117
2226 2234 249
2235 2280 147
2252 2266 143
2263 2292 88
2276 2309 123
2300 2344 204
2304 2315 254
2321 2344 56
2327 2376 24
2348 2371 238
2365 2387 180
2393 2442 274
2397 2428 52
2423 2452 7
2439 2457 300
2464 2500 230
2467 2514 288
2470 2514 42
2477 2524 44
2478 2516 188
2501 2531 247
2527 2550 44
2553 2554 300
2580 2581 156
2587 2600 58
2601 2610 256
2606 2628 145
2619 2620 184
2619 2638 157
2641 2674 211
2652 2672 151
2656 2666 77
2669 2691 6
2670 2672 160
2687 2712 58
2698 2734 86
2701 2738 274
2729 2750 125
2746 2751 88
2750 2754 43
2768 2816 26
2784 2786 224
2791 2828 183
2807 2833 25
2829 2848 150
2839 2863 228
2846 2855 179
2846 2887 181
2851 2875 33
2864 2868 29
2886 2936 44
2902 2905 105
2916 2951 98
2919 2946 259
2924 2959 119
2937 2975 107
2949 2997 97
2971 2996 34
2972 3019 104
3000 3021 141
3018 3039 46
3032 3081 289
3062 3092 74
3066 3115 89
3089 3111 60
3092 3111 232
3116 3132 119
3122 3164 122
3152 3164 192
3171 3208 153
3192 3200 274
3202 3231 263
3225 3236 17
3255 3295 55
3274 3316 45
3301 3336 103
3326 3335 20
3350 3386 152
3364 3414 191
3369 3404 42
3375 3386 101
3390 3396 128
3408 3441 115
3413 3452 82
3435 3475 279
3435 3455 242
3453 3482 61
3464 3506 159
3471 3514 8
3494 3543 182
3518 3541 181
3529 3543 222
3548 3574 220
3559 3590 25
3566 3589 128
3585 3614 71
3613 3619 260
3641 3677 288
3663 3699 272
3668 3691 44
3696 3712 184
3701 3734 219
3706 3733 226
3721 3735 255
3740 3790 275
3752 3753 111
3753 3802 24
3775 3816 175
3800 3825 115
3802 3847 176
3809 3848 264
3839 3884 206
3840 3889 173
3867 3914 115
3868 3903 92
3896 3921 174
3922 3936 293
3927 3955 26
3954 3982 25
3979 3994 219
4006 4008 64
4010 4023 1
4028 4054 39
4039 4070 69
4055 4063 151
4068 4080 95
4086 4130 287
4087 4121 108
4109 4148 235
4126 4166 152
4148 4195 77
4178 4188 68
4204 4224 277
4228 4273 50
4234 4284 118
4255 4298 97
4285 4310 191
4308 4337 85
4318 4326 191
4323 4351 189
4349 4372 115
4364 4388 287
4389 4410 73
4404 4417 187
4429 4460 288
4452 4474 49
4470 4509 287
4482 4525 79
4486 4510 46
4510 4526 168
4531 4569 113
4543 4592 240
4562 4605 218
4562 4568 206
4563 4604 230
4593 4619 74
4619 4656 68
4633 4654 134
