300
1 12 160
15 54 298
18 65 244
37 68 217
61 94 117
89 133 179
95 113 85
125 175 299
145 155 14
170 213 254
180 181 295
190 197 258
219 225 17
229 274 139
236 242 40
240 275 124
269 313 250
290 323 6
293 343 40
309 315 157
327 330 119
357 360 64
381 411 110
403 411 161
416 435 217
445 481 143
475 503 213
482 495 237
509 554 59
511 541 264
518 561 109
530 539 50
556 568 134
580 619 93
600 641 45
617 629 293
621 666 256
630 663 75
642 654 103
652 696 277
679 713 11
688 716 290
703 726 186
720 740 130
736 782 214
751 762 67
755 780 285
774 778 283
775 783 112
792 818 229
818 856 185
818 854 73
828 850 18
837 850 5
849 868 189
865 904 82
886 892 2
912 940 107
918 956 155
939 970 26
959 971 95
960 977 202
969 981 68
999 1004 238
999 1029 149
1028 1072 280
1044 1084 272
1045 1048 86
1048 1093 282
1070 1081 192
1094 1128 201
1109 1130 104
1135 1169 40
1145 1193 169
1167 1200 70
1197 1243 245
1210 1248 247
1224 1264 117
1224 1274 208
1237 1271 72
1262 1279 100
1268 1306 135
1296 1323 7
1297 1335 81
1326 1360 229
1335 1366 247
1338 1342 159
1341 1372 194
1371 1400 165
1375 1379 108
1375 1397 149
1378 1427 197
1379 1380 172
1408 1424 110
1437 1450 62
1460 1483 161
1467 1492 7
1490 1529 239
1504 1529 23
1512 1556 275
1534 1564 90
1550 1554 209
1563 1604 48
1579 1580 138
1589 1597 64
1610 1640 67
1624 1661 141
1647 1665 198
1675 1723 194
1700 1728 293
1728 1753 7
1728 1776 178
1753 1788 65
1753 1763 268
1762 1774 80
1791 1820 122
1821 1867 253
1846 1848 120
1847 1872 82
1856 1906 280
1875 1902 236
1905 1911 130
1913 1933 127
1917 1966 48
1936 1976 164
1942 1957 92
1948 1958 255
1973 2023 131
1990 2001 19
1993 2010 229
2012 2020 245
2014 2044 98
2041 2057 62
2067 2105 167
2095 2107 166
2113 2115 53
2121 2166 163
2128 2134 214
2150 2200 33
2163 2201 87
2186 2231 219
2200 2249 163
2204 2250 47
2228 2278 208
2232 2256 131
2256 2259 174
2278 2308 138
2299 2317 113
2313 2362 201
2330 2332 106
2357 2367 209
2365 2379 258
2394 2441 229
2404 2443 48
2427 2463 34
2430 2447 204
2440 2484 190
2441 2461 92
2455 2475 66
2465 2490 215
2485 2523 118
2505 2554 113
2509 2520 45
2530 2563 39
2536 2567 161
2543 2553 168
2551 2585 173
2561 2579 210
2577 2618 180
2607 2640 294
2612 2630 265
2627 2665 257
2647 2662 287
2649 2695 34
2674 2677 40
2695 2715 284
2716 2717 242
2719 2749 12
2743 2766 49
2756 2762 298
2778 2823 183
2786 2805 71
2787 2799 135
2802 2803 148
2811 2859 16
2834 2879 113
2862 2903 37
2873 2897 173
2881 2906 268
2882 2921 127
2894 2916 185
2898 2902 117
2924 2948 122
2935 2953 40
2957 2997 161
2982 2998 287
2984 2988 184
3014 3048 74
3027 3040 184
3046 3060 290
3064 3090 118
3094 3121 163
3095 3139 73
3101 3135 146
3118 3133 278
3136 3178 215
3164 3196 164
3192 3225 245
3217 3240 266
3234 3268 53
3246 3267 241
3256 3291 107
3280 3304 31
3307 3346 99
3310 3330 127
3316 3350 233
3316 3357 25
3333 3365 290
3343 3352 218
3359 3405 140
3375 3400 200
3381 3409 230
3398 3399 276
3410 3442 33
3429 3479 56
3458 3464 114
3468 3504 12
3495 3535 7
3512 3529 53
3536 3541 50
3544 3588 22
3573 3620 95
3588 3635 245
3608 3614 276
3619 3643 268
3635 3662 203
3653 3681 69
3658 3671 206
3660 3700 295
3667 3693 157
3694 3719 96
3719 3726 274
3737 3784 2
3737 3760 14
3750 3762 282
3780 3814 265
3783 3829 68
3787 3813 181
3801 3812 287
3808 3846 229
3825 3844 281
3832 3834 159
3858 3886 277
3858 3873 50
3878 3890 180
3899 3945 86
3922 3927 115
3931 3970 218
3956 3970 14
3958 3998 250
3961 4008 234
3990 4028 39
3996 4017 63
4020 4041 90
4043 4068 244
4051 4098 289
4069 4114 50
4099 4127 285
4112 4122 242
4127 4167 81
4142 4187 278
4157 4168 95
4160 4174 271
4169 4171 176
4187 4191 220
4196 4224 154
4225 4243 19
4236 4273 77
4258 4263 116
4273 4295 58
4286 4299 163
4290 4326 53
4310 4318 44
4320 4334 139
4331 4345 75
4358 4383 275
4368 4372 121
4396 4406 168
4408 4438 151
4429 4444 163
4446 4490 200
4453 4456 248
4454 4491 184
4483 4512 231
4513 4562 234
4541 4589 78
4541 4564 93
4571 4576 289
4577 4611 183
4598 4636 266
