300
5 23 289
6 34 242
13 24 11
31 51 296
49 79 289
54 79 193
82 92 226
106 136 236
119 147 232
147 152 45
175 217 201
189 204 230
191 226 277
212 242 132
212 259 211
223 260 136
227 274 175
235 279 45
235 236 83
248 250 259
261 273 162
276 279 278
282 323 48
288 316 193
295 336 97
313 322 264
316 320 133
340 363 115
347 385 10
350 361 87
376 408 82
401 445 40
402 437 175
412 454 223
420 456 235
423 467 270
431 440 228
431 439 138
433 461 212
460 467 280
487 523 106
497 528 67
502 518 272
512 538 109
537 566 259
561 588 40
578 589 20
578 621 128
590 625 95
598 622 300
603 617 184
633 661 161
645 646 80
664 670 181
675 686 77
683 708 215
699 721 59
723 752 41
734 742 176
759 792 238
769 790 105
793 843 28
793 814 205
813 846 139
829 870 56
835 842 91
847 865 23
874 886 67
896 908 172
897 912 295
898 928 242
911 951 174
940 969 48
966 1012 127
985 992 156
1009 1019 77
1016 1043 167
1025 1053 36
1053 1079 123
1069 1118 58
1096 1137 69
1099 1124 139
1109 1157 114
1117 1118 196
1129 1155 209
1136 1147 33
1160 1206 122
1168 1174 288
1188 1206 243
1216 1234 199
1238 1242 96
1252 1287 116
1260 1283 73
1274 1321 275
1303 1344 229
1307 1341 211
1308 1335 220
1322 1334 292
1330 1331 97
1335 1345 292
1339 1387 84
1364 1387 56
1382 1407 231
1404 1438 180
1425 1450 230
1432 1442 65
1433 1464 237
1435 1474 192
1442 1449 148
1450 1499 117
1456 1474 205
1459 1499 111
1459 1493 280
1482 1485 264
1507 1533 237
1528 1532 135
1547 1557 253
1550 1579 167
1578 1597 241
1587 1636 172
1599 1614 223
1623 1661 123
1623 1668 1
1646 1667 261
1674 1700 202
1696 1718 42
1709 1740 184
1731 1774 277
1759 1804 241
1789 1838 157
1813 1830 289
1820 1827 252
1821 1864 157
1826 1849 70
1841 1878 106
1855 1856 58
1866 1871 105
1892 1918 88
1902 1942 87
1917 1939 57
1934 1972 222
1960 1995 193
1974 1993 103
1993 2024 282
2010 2039 71
2014 2038 171
2035 2048 283
2057 2084 209
2083 2116 12
2103 2149 125
2131 2170 196
2134 2169 247
2140 2147 192
2166 2180 297
2173 2212 140
2176 2188 182
2176 2190 166
2179 2222 173
2187 2237 86
2194 2213 109
2221 2271 73
2230 2249 16
2260 2306 125
2266 2269 115
2278 2281 52
2302 2308 36
2320 2362 147
2342 2372 254
2364 2374 193
2365 2368 193
2379 2414 254
2405 2439 54
2412 2422 267
2416 2431 174
2446 2491 221
2470 2486 61
2494 2514 153
2498 2515 281
2511 2533 232
2533 2540 20
2554 2586 86
2562 2577 268
2591 2637 298
2621 2624 195
2637 2647 278
2656 2666 42
2678 2682 300
2704 2736 50
2709 2743 220
2709 2749 284
2737 2742 171
2760 2794 31
2773 2796 28
2787 2829 283
2792 2827 293
2803 2845 287
2811 2845 111
2840 2853 202
2857 2900 198
2874 2888 165
2886 2930 182
2911 2935 42
2920 2952 233
2946 2955 254
2969 2982 135
2982 2995 279
3005 3033 228
3007 3049 63
3026 3029 192
3036 3083 252
3054 3058 80
3074 3108 299
3100 3112 214
3128 3155 134
3146 3180 107
3156 3176 42
3179 3196 18
3180 3225 166
3199 3211 196
3204 3217 108
3223 3253 229
3233 3283 82
3244 3248 3
3261 3280 64
3266 3296 44
3273 3305 233
3290 3317 30
3315 3327 54
3327 3335 3
3340 3364 177
3345 3377 12
3347 3360 4
3373 3418 207
3392 3394 215
3410 3460 262
3437 3487 252
3457 3459 270
3477 3517 57
3491 3503 111
3506 3528 41
3508 3509 240
3525 3556 150
3547 3576 106
3549 3573 5
3575 3604 112
3586 3588 147
3613 3654 102
3623 3662 175
3649 3689 219
3672 3684 55
3684 3695 72
3696 3738 192
3720 3734 33
3724 3734 263
3727 3773 117
3754 3772 234
3776 3796 100
3776 3819 279
3805 3808 85
3828 3867 142
3834 3848 88
3846 3883 115
3860 3889 39
3875 3880 96
3889 3919 274
3905 3917 294
3912 3938 76
3912 3947 254
3926 3945 81
3950 4000 76
3976 3979 248
3983 4000 211
4012 4053 151
4014 4016 13
4043 4061 198
4070 4119 186
4081 4097 282
4110 4152 166
4132 4172 125
4159 4191 73
4170 4179 230
4190 4239 208
4204 4209 59
4233 4282 139
4260 4281 170
4266 4295 269
4269 4295 288
4269 4292 81
4296 4329 279
4305 4330 39
4332 4353 161
4358 4406 156
4369 4410 211
4392 4400 174
4402 4404 228
4415 4463 200
4434 4483 99
4462 4479 76
4487 4524 230
4513 4536 72
