300
4 11 94
27 46 234
40 52 198
50 69 35
65 107 87
87 116 94
113 118 98
125 155 171
131 140 141
139 148 211
169 197 216
186 229 56
216 219 51
230 247 135
259 294 269
263 281 286
277 283 158
296 316 278
316 318 37
338 361 133
342 343 141
353 369 222
360 396 135
370 397 278
387 410 31
393 394 60
420 439 193
437 474 9
464 511 224
467 491 94
494 510 64
516 562 189
534 550 34
561 582 240
575 605 70
585 617 86
593 617 296
622 660 220
631 675 238
640 650 284
640 648 154
648 696 193
672 679 2
687 722 220
717 744 58
738 770 257
765 785 142
787 808 162
805 824 76
835 844 63
852 870 300
864 874 234
894 925 152
915 931 245
938 962 175
940 973 48
960 973 83
985 1005 272
996 1024 29
1006 1015 280
1028 1043 294
1048 1080 29
1075 1091 73
1103 1106 274
1116 1164 290
1121 1147 229
1129 1159 227
1147 1191 45
1165 1200 91
1195 1215 116
1212 1226 213
1216 1246 252
1236 1260 32
1246 1268 189
1270 1279 99
1292 1335 261
1301 1318 37
1326 1374 279
1345 1352 135
1374 1376 56
1400 1440 80
1414 1436 276
1428 1460 222
1434 1456 109
1460 1473 13
1479 1507 53
1498 1508 49
1521 1540 103
1528 1530 22
1546 1576 271
1550 1592 230
1578 1589 128
1604 1610 38
1620 1627 127
1645 1666 244
1657 1666 181
1677 1698 213
1692 1697 27
1721 1727 297
1724 1745 86
1752 1759 204
1779 1826 62
1784 1831 185
1792 1839 230
1822 1872 222
1842 1889 218
1866 1873 292
1876 1887 252
1898 1947 22
1920 1937 24
1920 1957 47
1927 1961 192
1947 1993 292
1947 1968 105
1971 2011 173
1978 2015 7
2007 2030 153
2032 2038 196
2053 2091 131
2069 2077 241
2077 2104 138
2079 2120 150
2099 2144 163
2121 2136 12
2139 2181 262
2158 2191 190
2168 2185 196
2188 2238 72
2194 2233 253
2220 2224 4
2247 2260 193
2253 2298 289
2262 2279 59
2269 2285 101
2282 2286 142
2288 2332 281
2314 2363 242
2331 2332 6
2356 2361 138
2377 2419 29
2383 2417 251
2395 2437 55
2402 2439 208
2424 2463 234
2435 2449 127
2439 2465 260
2457 2460 99
2486 2503 269
2513 2548 135
2525 2532 149
2530 2563 271
2531 2563 98
2560 2578 150
2580 2623 260
2592 2636 59
2618 2649 296
2623 2662 36
2628 2635 227
2641 2667 18
2648 2670 65
2671 2706 134
2674 2702 33
2680 2711 122
2697 2702 226
2707 2709 3
2724 2754 92
2743 2753 234
2761 2800 196
2775 2780 58
2802 2824 180
2808 2831 63
2820 2830 271
2847 2880 105
2874 2907 268
2890 2917 279
2906 2942 87
2910 2947 254
2919 2934 123
2920 2941 146
2941 2950 140
2966 2969 43
2974 3002 249
3000 3018 262
3024 3064 233
3046 3090 46
3052 3090 221
3080 3107 232
3106 3137 198
3129 3155 181
3157 3180 244
3171 3219 186
3201 3212 262
3226 3272 181
3253 3296 17
3279 3312 258
3290 3329 221
3300 3301 45
3314 3319 257
3339 3344 107
3369 3380 146
3394 3420 11
3408 3438 59
3429 3459 205
3433 3434 286
3439 3467 66
3454 3477 266
3478 3523 63
3486 3518 284
3505 3517 294
3508 3524 54
3524 3572 243
3547 3556 22
3560 3604 65
3566 3572 281
3594 3614 207
3596 3613 196
3614 3617 129
3634 3660 16
3642 3676 204
3669 3694 232
3682 3729 184
3702 3752 136
3716 3750 98
3719 3723 111
3733 3780 154
3751 3786 267
3765 3808 4
3792 3840 220
3794 3806 164
3808 3816 178
3816 3838 128
3845 3859 187
3871 3891 124
3877 3886 172
3888 3918 99
3911 3927 57
3917 3923 94
3918 3949 133
3943 3974 282
3962 3971 64
3979 4004 77
3990 4024 25
4008 4029 54
4014 4033 186
4030 4057 244
4054 4083 147
4079 4128 135
4099 4146 203
4117 4147 44
4125 4138 272
4144 4176 11
4171 4204 298
4184 4203 282
4189 4223 85
4206 4209 102
4228 4257 265
4246 4294 154
4252 4299 116
4256 4258 296
4283 4292 96
4289 4337 233
4309 4338 76
4333 4371 161
4359 4400 57
4378 4380 245
4386 4395 202
4408 4449 216
4431 4442 24
4435 4437 218
4449 4465 27
4454 4494 106
4468 4482 138
4480 4520 206
4503 4522 31
4521 4541 298
4524 4542 46
4538 4556 178
4560 4577 168
4569 4616 238
4595 4633 205
4598 4641 148
4600 4636 77
4610 4654 68
4621 4622 268
4644 4650 274
4664 4714 24
4675 4725 116
4696 4741 162
4699 4723 282
4703 4708 121
4708 4710 115
4727 4729 19
4739 4747 87
4755 4803 163
4774 4819 198
4802 4828 132
4814 4847 108
4843 4870 290
4870 4903 251
4872 4919 125
