300
27 65 243
31 41 189
55 92 30
72 105 105
81 110 87
108 113 297
110 132 165
126 163 201
144 191 212
164 165 128
164 199 218
184 189 23
197 227 194
211 252 225
218 265 157
235 253 80
260 296 98
283 316 134
296 299 41
299 349 187
305 329 148
312 332 288
327 332 87
328 338 120
344 384 97
358 366 259
365 383 104
379 402 116
390 439 176
419 447 290
436 469 102
457 474 114
476 487 250
491 495 235
506 536 155
527 542 284
555 572 272
565 567 213
583 626 134
595 611 161
618 646 176
623 643 21
652 696 197
669 671 164
674 698 201
701 716 16
728 766 228
737 781 43
759 776 61
771 820 128
798 800 221
819 858 142
836 882 249
854 899 20
872 910 192
885 907 97
886 930 72
897 938 207
916 946 72
934 982 241
959 966 161
966 977 72
973 1018 139
975 1025 248
981 1024 225
1010 1055 95
1039 1054 96
1061 1095 236
1062 1079 107
1082 1116 162
1088 1123 172
1112 1125 280
1132 1145 121
1139 1146 107
1156 1184 264
1162 1195 111
1189 1206 57
1215 1255 107
1245 1276 96
1257 1294 37
1266 1296 181
1294 1319 151
1312 1344 97
1316 1342 109
1328 1368 222
1351 1384 279
1378 1396 71
1403 1451 73
1420 1466 8
1445 1491 199
1452 1478 228
1475 1478 30
1484 1495 235
1514 1555 4
1532 1556 3
1551 1597 171
1577 1615 208
1605 1621 206
1616 1650 52
1638 1648 138
1668 1715 74
1675 1715 129
1696 1719 293
1697 1735 220
1710 1725 220
1724 1750 44
1737 1782 239
1751 1769 137
1755 1796 194
1777 1802 278
1789 1794 89
1794 1817 222
1814 1842 72
1842 1879 275
1842 1879 22
1872 1913 157
1885 1890 39
1890 1901 31
1905 1948 102
1908 1931 291
1919 1928 25
1936 1945 255
1956 2005 295
1956 1999 54
1983 2016 292
2001 2003 204
2014 2033 181
2027 2044 69
2053 2055 265
2067 2109 133
2076 2114 9
2080 2124 161
2091 2134 163
2112 2119 297
2121 2137 100
2129 2168 217
2157 2162 10
2157 2163 67
2166 2178 138
2172 2182 159
2178 2218 51
2198 2206 65
2202 2221 205
2202 2229 26
2227 2240 156
2245 2274 209
2248 2273 101
2267 2285 192
2272 2322 65
2282 2310 289
2287 2322 237
2304 2311 107
2326 2359 18
2347 2386 222
2367 2399 149
2376 2422 42
2381 2422 102
2384 2432 127
2397 2423 27
2416 2429 147
2434 2450 120
2446 2466 14
2466 2493 88
2470 2514 31
2478 2488 221
2495 2506 244
2511 2515 99
2535 2538 84
2550 2587 87
2556 2559 211
2582 2592 254
2606 2626 130
2616 2618 252
2616 2646 95
2631 2676 153
2634 2641 5
2661 2682 63
2676 2686 277
2689 2692 120
2697 2725 228
2716 2730 29
2740 2753 153
2767 2807 66
2769 2795 2
2793 2798 39
2809 2859 216
2838 2858 152
2840 2873 272
2866 2904 181
2888 2902 254
2917 2938 46
2935 2936 27
2964 3006 126
2971 3002 171
2995 3043 93
2999 3015 20
3011 3032 86
3040 3047 110
3052 3080 60
3066 3108 185
3066 3108 184
3082 3087 272
3082 3096 146
3088 3134 92
3102 3119 266
3129 3141 179
3133 3143 47
3135 3159 252
3143 3166 38
3150 3151 257
3168 3217 201
3173 3203 213
3200 3227 264
3227 3240 46
3252 3270 3
3265 3271 178
3266 3305 244
3283 3295 211
3311 3345 213
3329 3354 68
3350 3386 158
3357 3384 2
3385 3414 136
3406 3445 271
3417 3451 119
3437 3473 148
3450 3496 156
3476 3484 60
3490 3532 46
3505 3547 259
3533 3549 213
3562 3586 295
3573 3608 1
3574 3617 257
3581 3630 96
3581 3603 224
3605 3621 282
3612 3642 108
3638 3678 70
3653 3654 187
3660 3692 53
3674 3704 178
3693 3732 2
3718 3738 148
3719 3754 35
3730 3732 98
3743 3769 215
3766 3791 215
3785 3832 128
3813 3853 38
3829 3853 130
3848 3872 82
3877 3890 183
3906 3925 269
3911 3919 143
3938 3988 266
3941 3959 35
3966 4008 24
3984 4024 123
4011 4059 135
4031 4042 273
4056 4102 166
4082 4111 257
4107 4138 62
4133 4161 128
4133 4157 294
4158 4184 121
4162 4172 6
4162 4200 33
4181 4208 233
4195 4242 184
4205 4234 245
4223 4237 125
4233 4254 235
4262 4276 275
4279 4319 53
4298 4303 55
4302 4310 33
4322 4345 51
4323 4354 155
4340 4342 178
4341 4385 71
4365 4393 232
4393 4419 33
4407 4445 239
4431 4442 146
4450 4467 289
4450 4462 257
4479 4486 56
4495 4524 138
4500 4532 249
4530 4537 148
4549 4562 53
4569 4591 2
4592 4605 43
4601 4649 5
4624 4660 166
4630 4645 278
4634 4666 44
4660 4708 234
