300
13 41 31
36 38 281
42 88 80
58 94 165
79 119 5
104 127 20
129 167 253
130 174 270
149 188 229
176 213 109
187 214 151
215 254 249
215 233 56
215 218 272
227 253 277
238 268 138
267 290 200
273 286 9
283 314 274
312 326 288
324 363 197
350 378 187
367 375 188
386 419 224
402 409 173
417 425 240
417 456 64
427 432 225
442 486 65
452 464 250
462 489 270
490 527 130
510 522 89
510 548 254
539 589 130
540 552 31
551 586 273
554 565 25
578 601 13
601 622 155
614 646 288
616 664 133
639 665 120
665 676 190
690 691 289
713 738 4
713 714 108
728 736 107
758 787 147
760 791 12
765 782 257
774 780 226
792 807 79
793 816 37
806 829 157
832 871 274
850 883 297
876 881 205
891 917 22
902 910 3
910 929 7
931 934 51
945 993 295
958 969 96
969 980 118
987 1001 12
1006 1031 216
1031 1075 242
1051 1100 262
1052 1084 287
1054 1055 121
1062 1104 237
1083 1105 200
1087 1126 99
1096 1120 95
1097 1123 17
1120 1139 234
1127 1160 87
1133 1142 148
1160 1170 244
1190 1227 90
1199 1224 120
1218 1238 99
1228 1252 76
1231 1274 255
1243 1260 22
1261 1264 130
1262 1307 77
1289 1319 93
1311 1315 276
1319 1356 86
1344 1359 207
1362 1389 245
1362 1370 99
1372 1395 35
1384 1387 99
1403 1410 168
1414 1429 280
1437 1473 160
1448 1495 258
1461 1495 164
1471 1478 259
1483 1514 123
1497 1517 97
1518 1530 137
1527 1551 80
1546 1580 225
1561 1596 48
1585 1632 25
1598 1610 128
1611 1636 85
1618 1653 105
1634 1684 34
1635 1667 82
1654 1671 223
1664 1697 170
1670 1691 31
1680 1730 112
1684 1715 271
1706 1719 69
1720 1762 187
1750 1775 172
1759 1776 52
1760 1765 158
1771 1775 283
1771 1817 48
1776 1814 25
1780 1824 32
1789 1807 71
1817 1834 159
1838 1877 179
1851 1897 188
1868 1884 291
1898 1914 103
1925 1932 240
1930 1960 81
1941 1971 201
1950 1968 279
1975 1999 97
1990 2027 29
2015 2049 243
2015 2058 61
2023 2036 58
2027 2055 184
2049 2099 181
2064 2112 223
2074 2101 108
2095 2097 87
2109 2156 63
2114 2129 270
2127 2171 213
2127 2168 291
2149 2193 72
2168 2210 245
2168 2187 191
2177 2195 201
2191 2228 131
2197 2218 119
2200 2249 273
2222 2251 132
2246 2277 169
2247 2254 294
2265 2303 152
2286 2333 284
2290 2302 126
2299 2335 158
2302 2328 121
2313 2361 161
2320 2360 111
2346 2381 234
2369 2394 109
2375 2376 139
2395 2438 163
2402 2409 76
2411 2457 158
2429 2439 227
2446 2471 197
2462 2476 34
2490 2505 81
2501 2543 102
2518 2549 202
2545 2591 135
2565 2602 225
2587 2610 255
2617 2643 62
2647 2675 270
2664 2706 193
2688 2721 29
2695 2720 252
2713 2729 94
2736 2773 87
2757 2776 210
2784 2821 201
2812 2844 26
2837 2858 183
2862 2882 21
2876 2912 11
2894 2915 71
2895 2908 148
2910 2943 167
2911 2925 142
2915 2931 49
2943 2952 201
2967 2977 254
2971 3020 193
2982 3027 243
2987 3036 185
3012 3046 114
3038 3067 246
3042 3083 139
3071 3105 216
3076 3097 268
3089 3106 284
3096 3136 64
3112 3140 106
3124 3136 62
3149 3183 162
3153 3166 174
3177 3223 98
3204 3251 27
3229 3264 27
3233 3248 269
3262 3296 154
3279 3281 137
3281 3308 79
3290 3305 284
3298 3342 65
3308 3328 11
3321 3369 175
3340 3386 280
3341 3343 229
3348 3361 39
3376 3381 64
3388 3427 73
3415 3425 102
3437 3480 71
3454 3456 145
3454 3494 292
3462 3485 94
3467 3478 171
3485 3519 109
3490 3526 82
3497 3498 131
3504 3538 78
3529 3531 44
3548 3589 2
3561 3584 219
3590 3596 24
3605 3655 105
3616 3641 289
3618 3649 101
3633 3663 49
3657 3693 285
3681 3698 100
3708 3752 92
3711 3718 117
3721 3764 145
3726 3748 35
3734 3755 56
3763 3770 59
3764 3772 128
3781 3798 250
3786 3824 4
3804 3811 259
3809 3838 271
3822 3850 294
3850 3859 138
3864 3902 268
3875 3897 14
3888 3911 214
3911 3955 114
3939 3956 76
3957 3970 81
3979 3997 88
3996 4043 258
4020 4066 1
4032 4068 107
4047 4091 115
4076 4086 243
4076 4089 191
4087 4099 38
4094 4129 196
4120 4157 175
4146 4164 105
4167 4183 81
4182 4231 68
4210 4214 294
4217 4264 212
4229 4242 100
4257 4307 300
4267 4290 29
4268 4275 49
4291 4327 162
4293 4294 41
4322 4353 176
4331 4332 65
4342 4354 167
4368 4384 32
4388 4413 195
4411 4444 241
