300
29 74 116
30 53 224
34 39 119
62 77 186
69 74 151
71 79 160
75 112 227
105 141 77
131 165 70
149 164 218
176 200 58
183 196 230
200 202 38
208 246 76
218 220 12
225 271 124
228 231 238
258 283 251
267 277 281
274 321 167
297 340 1
307 331 136
322 341 253
352 394 50
363 372 263
378 384 163
382 431 269
385 403 189
410 448 97
429 466 180
449 457 115
457 497 203
463 505 159
476 487 236
482 484 90
496 522 26
520 523 109
542 544 140
551 569 194
570 609 196
575 618 276
604 639 206
625 631 274
644 687 242
647 657 92
673 683 184
695 730 174
717 755 167
724 749 102
728 776 216
744 746 224
770 785 138
797 837 173
814 816 102
832 852 190
855 903 87
883 886 116
888 915 66
891 932 117
898 917 241
910 924 112
915 960 35
919 952 195
927 936 53
928 942 211
943 962 7
948 991 204
961 966 129
989 992 213
989 1007 94
997 1015 282
1012 1031 169
1021 1029 59
1047 1095 96
1075 1111 58
1076 1125 232
1105 1136 7
1128 1169 132
1130 1134 72
1155 1193 104
1177 1187 21
1205 1248 208
1209 1213 24
1217 1260 155
1227 1230 169
1243 1289 127
1270 1289 117
1297 1324 150
1314 1321 251
1330 1356 22
1358 1402 29
1364 1395 256
1380 1409 167
1407 1409 300
1416 1433 279
1429 1477 82
1441 1487 5
1445 1492 72
1462 1510 103
1491 1492 257
1506 1521 168
1520 1532 90
1538 1556 55
1542 1547 119
1569 1596 184
1573 1622 60
1595 1621 182
1603 1651 298
1631 1659 297
1636 1645 25
1644 1678 46
1653 1668 2
1677 1706 12
1677 1715 7
1690 1709 79
1713 1761 78
1725 1755 108
1742 1773 13
1751 1792 237
1762 1790 21
1790 1808 248
1790 1833 192
1807 1841 120
1834 1884 79
1841 1866 130
1843 1883 186
1870 1904 223
1883 1931 212
1908 1930 14
1917 1936 241
1918 1943 139
1926 1967 176
1953 1976 94
1964 1993 109
1989 2034 190
2004 2014 147
2012 2050 255
2026 2038 109
2056 2057 12
2075 2093 235
2094 2107 140
2122 2131 293
2141 2161 71
2141 2180 172
2145 2192 47
2168 2196 49
2194 2242 52
2211 2212 174
2236 2267 20
2252 2280 136
2276 2301 197
2289 2290 278
2291 2302 184
2298 2324 121
2306 2321 192
2333 2355 156
2355 2385 274
2382 2411 295
2393 2422 293
2420 2446 114
2422 2450 181
2433 2455 177
2461 2479 149
2472 2515 55
2488 2534 12
2503 2529 195
2513 2521 193
2540 2588 31
2543 2578 277
2550 2591 269
2577 2620 232
2579 2603 72
2590 2634 277
2599 2629 214
2627 2643 260
2639 2685 257
2645 2678 108
2651 2669 121
2681 2716 24
2705 2750 48
2712 2759 79
2733 2773 137
2752 2755 229
2769 2771 76
2770 2775 220
2799 2816 280
2818 2842 18
2824 2844 237
2838 2868 281
2842 2850 132
2846 2850 45
2874 2912 187
2875 2884 133
2903 2925 99
2923 2929 106
2927 2948 9
2937 2951 65
2949 2965 148
2956 2978 40
2975 3015 175
3002 3029 178
3017 3067 155
3023 3060 240
3033 3037 192
3062 3071 76
3079 3128 23
3105 3144 273
3113 3149 48
3115 3153 11
3141 3189 130
3154 3204 48
3166 3206 28
3193 3219 38
3216 3222 1
3240 3256 110
3253 3263 123
3257 3262 220
3264 3290 236
3284 3308 144
3296 3325 169
3306 3315 227
3311 3324 265
3334 3370 80
3335 3344 264
3348 3374 121
3352 3378 298
3359 3364 117
3378 3398 126
3378 3380 282
3381 3414 121
3408 3454 21
3419 3463 3
3447 3485 268
3464 3509 63
3469 3514 92
3492 3535 188
3496 3521 186
3517 3566 91
3543 3589 128
3547 3575 283
3569 3617 54
3569 3582 176
3587 3608 283
3609 3641 149
3613 3641 229
3637 3680 79
3657 3659 156
3663 3708 89
3674 3700 11
3702 3722 32
3708 3756 268
3731 3739 84
3754 3789 195
3777 3780 276
3795 3799 137
3809 3850 194
3809 3820 28
3821 3852 144
3844 3878 233
3844 3884 1
3859 3882 250
3870 3887 94
3882 3929 139
3883 3889 58
3897 3903 263
3925 3939 45
3942 3958 273
3954 3976 132
3958 3964 193
3986 3989 164
4004 4019 107
4015 4042 188
4017 4026 196
4033 4082 24
4044 4071 218
4056 4099 102
4071 4110 70
4075 4102 248
4075 4099 41
4079 4085 53
4094 4115 28
4121 4126 125
4122 4150 119
4151 4199 149
4154 4186 37
4173 4194 41
4178 4216 155
4205 4248 108
4229 4251 69
4232 4277 229
4260 4267 223
4286 4319 286
4294 4296 199
4300 4338 143
4330 4361 76
4338 4347 174
4356 4399 224
4385 4426 214
4413 4416 20
4430 4437 227
