300
21 69 229
27 44 47
48 55 86
59 73 93
81 105 47
90 122 279
116 133 26
120 123 261
138 181 184
142 162 17
151 194 295
154 167 182
179 229 206
206 238 160
235 253 25
237 263 87
242 245 20
260 261 181
279 301 140
284 296 290
311 359 83
319 330 261
329 358 239
335 355 232
348 359 179
360 403 218
388 425 298
393 410 232
408 434 12
419 442 131
422 443 104
446 484 287
457 490 197
480 481 249
482 504 263
509 523 260
528 565 135
537 582 107
546 592 258
570 583 144
595 610 192
611 635 218
622 631 20
630 651 7
650 654 261
671 690 167
692 701 128
716 754 99
724 742 54
735 777 263
736 737 53
757 775 147
760 762 55
777 789 29
783 807 37
810 813 253
818 856 127
823 870 63
842 884 27
860 861 87
872 878 271
895 936 227
902 945 204
910 948 73
915 933 247
933 968 115
946 977 188
947 950 48
964 1008 292
969 971 217
999 1011 153
1002 1051 226
1002 1019 107
1018 1054 294
1026 1028 38
1048 1061 287
1066 1114 237
1086 1123 125
1106 1153 252
1109 1124 300
1131 1175 117
1150 1158 60
1157 1175 90
1184 1208 277
1209 1232 60
1217 1255 198
1233 1243 58
1235 1267 247
1256 1293 49
1256 1267 101
1268 1296 263
1295 1327 243
1306 1350 251
1329 1357 19
1331 1357 217
1337 1383 81
1346 1389 186
1360 1375 55
1377 1391 190
1390 1415 107
1411 1437 45
1441 1443 54
1448 1471 125
1471 1503 269
1491 1533 46
1505 1548 192
1521 1553 175
1548 1573 9
1576 1601 286
1579 1581 80
1596 1627 11
1606 1632 214
1607 1649 153
1622 1643 257
1635 1675 9
1655 1691 203
1659 1663 258
1686 1726 187
1702 1707 46
1728 1737 24
1730 1758 300
1738 1746 215
1753 1787 110
1775 1815 143
1784 1804 1
1795 1811 220
1796 1815 107
1811 1854 94
1815 1842 174
1822 1867 253
1832 1858 23
1846 1891 49
1848 1884 72
1870 1916 248
1892 1920 174
1917 1924 189
1944 1969 257
1945 1990 99
1948 1952 242
1962 1984 19
1963 2007 285
1972 2020 79
1995 2022 271
2003 2030 228
2020 2034 245
2033 2073 162
2034 2057 40
2035 2055 159
2058 2076 189
2066 2095 19
2076 2098 262
2106 2149 251
2106 2135 292
2119 2151 35
2124 2148 221
2153 2182 157
2174 2178 236
2196 2203 195
2226 2234 230
2228 2241 204
2256 2289 156
2282 2283 235
2289 2298 219
2291 2332 66
2297 2309 51
2304 2311 234
2324 2328 207
2326 2365 67
2330 2370 199
2355 2384 107
2379 2425 104
2386 2433 163
2387 2430 36
2405 2418 58
2409 2442 293
2412 2455 168
2442 2483 136
2461 2485 161
2465 2484 275
2494 2504 231
2510 2534 103
2521 2533 269
2549 2554 174
2553 2570 143
2566 2616 157
2573 2618 27
2574 2601 13
2602 2639 189
2626 2658 298
2643 2690 292
2668 2679 71
2696 2743 160
2699 2704 53
2721 2770 123
2741 2761 54
2757 2782 62
2787 2825 111
2794 2842 230
2819 2839 218
2825 2865 23
2837 2859 5
2838 2853 124
2856 2868 201
2878 2920 102
2899 2927 186
2915 2960 56
2931 2955 225
2940 2948 59
2964 3005 32
2993 3024 45
3005 3021 41
3032 3068 216
3034 3073 200
3064 3076 9
3082 3097 102
3097 3120 101
3115 3164 138
3119 3128 42
3120 3156 287
3142 3174 223
3144 3183 227
3174 3214 58
3185 3203 120
3197 3230 253
3202 3207 63
3232 3242 72
3255 3291 167
3279 3310 289
3304 3346 145
3306 3334 12
3322 3343 195
3337 3344 50
3354 3356 191
3379 3399 175
3409 3444 171
3428 3459 123
3447 3467 293
3448 3461 185
3448 3472 23
3470 3471 24
3491 3507 106
3518 3525 27
3528 3536 230
3550 3560 286
3575 3579 218
3578 3584 271
3587 3600 147
3613 3622 94
3642 3651 253
3656 3671 31
3668 3689 118
3689 3722 235
3693 3732 254
3711 3750 232
3719 3737 67
3740 3781 134
3759 3806 190
3764 3771 188
3781 3796 272
3804 3811 2
3820 3827 40
3842 3874 174
3845 3883 8
3870 3898 62
3872 3920 52
3882 3922 81
3898 3928 255
3912 3922 245
3935 3955 292
3939 3979 89
3959 3968 232
3971 3995 143
3974 4019 109
3992 4022 37
3997 4045 206
4024 4065 242
4053 4075 131
4082 4117 90
4108 4123 24
4109 4143 18
4118 4148 53
4123 4152 221
4142 4156 183
4165 4166 44
4184 4226 162
4194 4232 116
4222 4241 129
4222 4264 180
4245 4286 124
4260 4308 165
4278 4292 114
4294 4317 14
4310 4316 225
4312 4334 295
4325 4362 99
4338 4348 275
4348 4363 88
4352 4359 56
4378 4427 80
4407 4454 211
