300
20 39 9
24 66 209
41 89 234
67 115 183
75 98 3
77 111 138
77 97 35
94 138 67
118 140 145
126 169 125
134 182 59
150 169 50
163 202 282
166 208 274
175 202 137
185 210 83
185 227 240
187 215 206
217 236 151
242 263 265
255 286 26
261 281 6
288 331 56
288 320 119
305 342 165
335 341 83
337 341 126
345 349 234
348 353 278
377 425 226
387 429 163
387 424 195
394 395 256
411 413 49
417 457 249
435 455 157
462 486 123
470 481 116
473 490 195
476 499 140
492 527 262
492 494 157
521 562 66
535 538 161
544 571 296
557 607 223
584 616 269
614 625 210
638 650 23
652 681 14
674 680 226
675 691 70
701 710 117
705 723 233
726 735 208
734 784 35
757 787 47
759 772 111
776 781 84
795 811 229
807 820 246
834 874 226
839 853 33
840 882 160
867 890 228
876 898 52
886 934 195
900 904 28
923 970 145
932 956 255
959 996 291
981 1030 286
989 1037 80
997 1031 82
1010 1025 228
1016 1057 38
1036 1070 164
1066 1078 279
1066 1084 50
1090 1134 100
1114 1129 28
1130 1171 67
1155 1160 256
1177 1198 185
1180 1194 8
1184 1219 220
1185 1197 107
1185 1214 247
1189 1232 42
1189 1210 197
1189 1230 23
1211 1246 294
1228 1272 268
1246 1276 196
1274 1322 65
1281 1319 215
1306 1347 295
1336 1345 118
1362 1393 282
1364 1373 88
1387 1412 197
1397 1416 128
1420 1423 199
1445 1470 13
1457 1476 27
1485 1528 106
1513 1563 156
1542 1574 289
1545 1552 131
1572 1602 141
1596 1605 206
1605 1639 139
1617 1652 124
1630 1645 3
1648 1676 236
1674 1683 190
1686 1723 209
1714 1724 151
1737 1741 187
1748 1782 50
1750 1782 20
1780 1785 24
1794 1798 290
1800 1813 105
1806 1847 77
1812 1824 75
1828 1830 152
1846 1850 273
1871 1909 175
1890 1909 94
1907 1917 194
1910 1941 221
1940 1955 255
1965 1971 195
1974 2004 51
1997 2035 116
2013 2048 292
2036 2064 193
2065 2083 256
2092 2138 178
2097 2141 153
2117 2156 193
2142 2149 251
2169 2202 118
2199 2207 223
2212 2215 137
2234 2284 282
2252 2261 145
2266 2307 56
2288 2302 265
2297 2335 150
2319 2338 186
2339 2386 87
2347 2388 102
2347 2360 148
2359 2388 167
2360 2376 71
2368 2372 179
2378 2384 174
2386 2408 274
2389 2422 231
2405 2453 247
2414 2460 155
2433 2464 270
2462 2499 165
2474 2507 266
2493 2501 97
2512 2527 272
2538 2572 34
2551 2581 277
2552 2554 223
2563 2574 220
2584 2633 249
2586 2606 67
2599 2611 115
2614 2630 223
2635 2646 68
2652 2690 189
2674 2707 100
2681 2731 153
2699 2705 16
2710 2753 72
2713 2725 229
2737 2784 300
2757 2788 274
2783 2807 263
2786 2816 175
2814 2836 203
2815 2827 204
2839 2840 10
2854 2886 244
2868 2877 108
2881 2918 172
2909 2929 22
2934 2940 279
2959 2963 254
2986 2991 215
2998 3037 65
3017 3047 132
3039 3050 231
3064 3095 161
3093 3114 243
3093 3094 88
3121 3133 231
3138 3185 185
3157 3200 50
3182 3208 100
3209 3229 201
3214 3216 299
3233 3255 205
3250 3298 20
3259 3274 174
3277 3307 151
3299 3330 164
3322 3347 177
3349 3374 274
3356 3392 23
3379 3425 112
3384 3425 37
3398 3428 160
3423 3432 217
3448 3486 246
3450 3462 39
3476 3481 196
3493 3502 212
3512 3514 259
3528 3554 158
3536 3574 238
3558 3574 271
3576 3603 103
3603 3625 108
3603 3651 276
3623 3637 136
3647 3672 80
3648 3662 177
3650 3677 51
3659 3676 213
3666 3674 195
3685 3692 43
3707 3716 283
3725 3752 277
3743 3786 286
3758 3767 242
3761 3792 64
3771 3803 223
3796 3799 144
3820 3844 210
3838 3859 162
3855 3889 4
3878 3915 230
3881 3912 274
3910 3960 268
3912 3962 81
3914 3943 104
3931 3972 81
3932 3971 181
3956 3992 31
3981 3988 263
3996 4041 290
4001 4015 157
4007 4018 131
4037 4081 120
4065 4103 275
4083 4089 297
4101 4112 151
4110 4158 20
4112 4158 245
4121 4127 91
4121 4142 235
4144 4186 151
4145 4163 90
4175 4221 68
4187 4228 217
4215 4236 212
4231 4253 137
4238 4241 239
4248 4272 134
4259 4289 13
4280 4310 185
4309 4313 93
4313 4349 13
4317 4331 300
4321 4337 254
4332 4380 5
4346 4365 65
4360 4402 134
4387 4406 127
4411 4433 80
4441 4462 163
4448 4449 285
4450 4492 165
4462 4505 254
4492 4524 82
4511 4516 261
4513 4524 159
4541 4550 61
4570 4589 217
4570 4576 260
4595 4614 207
4602 4634 129
