300
14 24 200
30 61 282
50 85 181
51 72 26
74 99 293
82 94 4
110 116 19
125 146 92
125 160 29
154 174 23
154 183 59
158 198 299
175 196 81
178 203 173
182 211 47
198 222 245
201 225 242
210 232 206
216 251 24
223 228 50
252 264 169
282 323 256
289 305 245
310 346 130
321 355 5
341 377 103
345 385 273
351 370 235
369 387 214
382 387 300
389 398 226
411 421 8
436 486 286
444 475 236
456 505 155
471 510 8
486 489 173
492 541 42
516 564 69
539 577 47
540 582 84
566 586 55
582 605 255
602 633 291
614 656 104
617 635 31
646 665 211
652 684 187
662 676 215
685 729 240
698 724 51
709 746 255
733 772 262
742 782 55
754 776 66
773 812 58
778 814 191
780 791 58
790 793 203
816 831 217
844 862 217
853 875 66
855 905 177
856 889 65
865 888 228
874 897 153
900 917 211
911 946 291
930 971 201
930 948 286
938 981 167
961 963 15
986 1008 138
994 1034 165
1021 1045 57
1021 1061 266
1043 1070 287
1043 1068 209
1052 1066 105
1066 1111 29
1072 1077 263
1102 1106 178
1103 1112 192
1129 1147 163
1142 1145 197
1171 1208 31
1192 1220 229
1221 1231 158
1244 1264 264
1261 1306 51
1265 1294 46
1267 1294 18
1293 1311 285
1315 1343 227
1344 1383 82
1353 1364 20
1369 1415 194
1383 1391 205
1399 1421 143
1413 1415 162
1437 1480 287
1461 1473 149
1491 1510 53
1506 1555 243
1522 1531 263
1530 1536 77
1546 1554 129
1573 1576 87
1602 1610 255
1631 1675 226
1632 1667 122
1645 1646 253
1669 1692 177
1689 1735 236
1711 1756 60
1725 1748 298
1737 1778 28
1763 1800 122
1789 1797 95
1797 1825 124
1810 1846 261
1815 1833 145
1821 1851 13
1833 1844 279
1838 1886 128
1840 1859 21
1848 1876 71
1853 1887 242
1876 1891 187
1881 1915 156
1895 1900 108
1910 1955 202
1934 1964 205
1945 1972 207
1960 1982 191
1979 1996 180
2008 2046 75
2031 2058 213
2053 2062 273
2065 2079 121
2070 2089 169
2077 2110 173
2078 2126 102
2095 2130 41
2096 2144 28
2112 2161 231
2115 2157 76
2143 2170 48
2151 2181 12
2159 2199 194
2172 2213 94
2178 2210 120
2187 2203 88
2213 2257 257
2242 2279 1
2248 2278 213
2259 2280 115
2284 2306 126
2306 2347 63
2322 2351 186
2347 2396 216
2352 2399 95
2365 2404 30
2367 2411 201
2382 2411 212
2406 2434 255
2432 2446 65
2452 2482 104
2459 2463 23
2468 2485 248
2483 2525 158
2491 2521 167
2521 2531 9
2543 2591 273
2546 2592 82
2567 2594 133
2573 2614 288
2595 2639 112
2625 2665 249
2639 2677 265
2659 2671 29
2671 2720 292
2687 2689 244
2699 2713 127
2712 2754 105
2717 2766 79
2717 2730 240
2738 2761 77
2755 2783 227
2764 2805 254
2771 2806 196
2791 2800 117
2796 2818 233
2820 2861 234
2843 2879 85
2864 2879 275
2868 2893 152
2873 2901 153
2880 2909 6
2892 2921 290
2913 2932 231
2926 2975 7
2942 2970 168
2944 2970 121
2968 2982 281
2981 3025 15
2986 3012 97
2999 3014 91
3024 3066 82
3050 3094 151
3069 3086 13
3080 3120 273
3088 3093 211
3118 3126 183
3120 3138 51
3134 3154 101
3152 3189 157
3152 3197 128
3181 3225 228
3207 3236 218
3208 3248 256
3219 3238 165
3243 3293 212
3259 3279 94
3272 3279 93
3296 3301 241
3308 3332 105
3320 3357 170
3324 3374 262
3339 3353 61
3356 3404 52
3385 3404 19
3387 3408 41
3408 3456 97
3429 3467 24
3436 3438 55
3441 3458 7
3469 3485 212
3497 3516 271
3508 3537 88
3531 3545 101
3557 3574 136
3583 3600 270
3610 3660 228
3612 3657 272
3628 3671 254
3633 3634 10
3640 3664 54
3664 3676 136
3688 3732 209
3718 3756 194
3720 3747 134
3730 3757 145
3743 3766 47
3772 3820 140
3773 3810 276
3800 3817 239
3815 3843 201
3834 3884 18
3852 3878 297
3854 3900 177
3882 3898 66
3889 3913 194
3913 3960 286
3919 3948 149
3928 3955 285
3946 3958 69
3956 3972 60
3972 3986 74
3995 4026 187
3997 4045 287
4014 4043 293
4031 4055 134
4041 4056 51
4062 4110 199
4077 4109 168
4106 4108 215
4124 4145 54
4144 4150 99
4152 4161 111
4167 4183 287
4197 4230 46
4219 4256 120
4229 4277 228
4246 4251 3
4246 4265 300
4273 4321 239
4291 4314 249
4309 4340 225
4323 4333 195
4346 4348 73
4374 4424 260
4379 4391 159
4405 4409 42
4425 4456 143
4450 4496 160
4474 4479 226
4501 4539 117
4524 4536 232
4549 4584 157
