300
12 48 52
13 46 270
23 73 294
51 85 27
72 98 161
95 112 126
115 154 136
139 167 219
152 200 77
164 187 141
166 174 253
184 208 145
185 235 71
198 248 89
200 231 294
218 232 131
241 243 48
268 314 196
291 295 92
295 340 194
304 315 260
323 350 2
324 353 104
349 353 230
369 386 177
392 399 128
402 414 100
430 473 273
441 477 189
444 451 18
449 485 42
451 464 104
463 507 138
479 507 122
500 509 261
522 565 147
540 565 146
563 582 19
569 586 210
593 613 279
610 636 198
614 618 65
632 639 48
633 640 62
636 666 65
644 665 295
646 684 220
676 714 55
685 721 248
693 698 40
707 738 85
720 770 208
731 738 105
737 749 25
747 752 234
748 774 164
756 793 126
781 817 62
800 842 275
810 816 130
833 840 271
834 846 51
862 891 28
868 876 98
876 916 214
897 905 201
911 934 19
911 954 23
925 938 275
937 979 8
956 995 229
983 1016 84
1012 1035 142
1038 1086 109
1042 1062 172
1056 1086 214
1074 1106 64
1093 1100 190
1100 1147 147
1118 1123 25
1123 1127 41
1123 1166 83
1140 1156 194
1153 1188 91
1155 1178 79
1163 1202 253
1180 1190 224
1195 1239 229
1217 1218 232
1234 1250 18
1259 1289 155
1262 1292 129
1278 1319 121
1297 1331 89
1310 1334 7
1340 1373 65
1342 1343 132
1361 1379 240
1376 1399 148
1398 1418 205
1410 1429 51
1430 1460 18
1442 1480 233
1451 1486 127
1470 1494 76
1470 1516 50
1478 1492 293
1480 1484 208
1507 1535 11
1514 1515 165
1543 1585 222
1549 1564 198
1557 1592 274
1567 1609 298
1590 1596 36
1607 1639 204
1632 1672 129
1633 1662 279
1663 1713 47
1663 1694 189
1670 1698 75
1683 1723 139
1683 1687 176
1709 1754 299
1734 1735 5
1753 1795 131
1756 1804 185
1770 1776 62
1778 1801 187
1797 1798 57
1807 1820 288
1814 1861 131
1826 1868 160
1850 1852 141
1864 1910 126
1892 1936 29
1895 1907 108
1914 1955 231
1943 1965 136
1958 1965 198
1984 1996 29
1996 2006 258
2021 2058 157
2035 2073 82
2050 2100 130
2061 2066 203
2082 2084 291
2097 2109 159
2099 2127 135
2128 2136 66
2141 2165 24
2157 2185 188
2171 2198 27
2195 2206 242
2216 2258 230
2218 2220 162
2230 2268 168
2245 2262 250
2249 2292 7
2276 2325 29
2285 2314 265
2297 2340 243
2326 2355 128
2345 2349 122
2369 2392 100
2393 2416 227
2417 2426 58
2445 2474 290
2462 2485 232
2473 2478 87
2503 2543 227
2518 2524 239
2537 2546 287
2537 2581 167
2538 2560 289
2555 2590 13
2565 2599 92
2578 2625 18
2585 2620 194
2614 2644 259
2635 2667 248
2660 2681 81
2686 2719 248
2709 2723 211
2713 2734 135
2728 2749 104
2732 2750 239
2737 2740 86
2756 2801 185
2775 2810 133
2776 2805 196
2804 2841 144
2813 2837 103
2817 2828 228
2845 2872 33
2862 2892 89
2875 2877 115
2888 2903 81
2910 2924 201
2924 2957 27
2946 2948 214
2965 2980 156
2974 2981 265
2999 3006 294
3025 3049 285
3042 3055 114
3060 3065 45
3062 3102 33
3063 3072 174
3071 3093 275
3078 3121 278
3108 3147 242
3129 3158 36
3155 3182 230
3159 3178 170
3168 3215 154
3174 3199 118
3189 3204 126
3198 3221 295
3203 3226 177
3207 3229 120
3230 3261 14
3235 3240 152
3241 3283 60
3261 3290 66
3279 3313 129
3289 3300 163
3303 3313 229
3321 3333 262
3326 3358 103
3330 3373 273
3348 3386 210
3351 3366 49
3358 3387 125
3362 3383 276
3390 3401 57
3407 3455 10
3426 3474 289
3427 3477 207
3437 3460 266
3443 3487 198
3467 3507 232
3470 3473 154
3500 3531 101
3515 3523 9
3532 3571 163
3547 3581 116
3577 3598 85
3577 3593 147
3599 3610 173
3623 3635 221
3629 3650 223
3655 3700 199
3677 3725 8
3689 3735 19
3700 3750 283
3700 3737 296
3715 3747 142
3721 3762 191
3743 3757 276
3753 3757 63
3776 3817 209
3790 3830 272
3809 3857 4
3836 3860 134
3837 3845 51
3863 3876 43
3881 3885 186
3902 3906 58
3923 3938 142
3925 3936 93
3940 3973 279
3953 3999 292
3955 3964 108
3962 3966 297
3978 3995 252
3994 3996 180
4008 4021 190
4022 4044 162
4048 4089 158
4078 4080 107
4091 4097 259
4117 4142 158
4141 4181 290
4142 4166 143
4160 4192 90
4181 4229 241
4196 4211 275
4200 4220 109
4214 4233 65
4243 4258 233
4247 4284 86
4276 4318 245
4290 4327 42
4311 4335 12
4316 4357 157
4340 4386 239
4346 4373 111
4353 4378 58
4359 4364 222
