300
29 39 222
43 64 281
65 92 285
95 106 117
102 128 147
104 117 184
120 170 139
128 147 270
136 163 192
155 181 112
171 174 170
175 188 207
177 189 179
205 222 184
221 241 130
222 229 149
251 276 238
265 276 161
287 296 36
288 298 234
313 348 289
328 363 220
353 385 105
357 358 135
373 389 67
383 432 245
404 419 76
429 437 154
446 473 173
446 488 40
466 510 51
474 520 261
484 524 247
509 558 122
533 568 195
536 582 109
546 561 140
576 621 97
589 632 189
604 638 158
628 654 202
643 690 44
659 702 142
681 731 191
693 699 234
720 759 176
721 728 38
727 761 286
732 756 227
736 777 19
757 796 166
785 812 112
797 799 187
805 807 118
811 861 16
813 850 254
830 866 257
831 857 289
844 857 228
865 899 192
885 929 83
886 898 122
886 925 183
900 931 36
926 964 251
952 980 164
968 999 277
975 997 228
982 996 48
998 1039 50
1009 1028 191
1030 1038 163
1052 1087 297
1068 1080 233
1079 1111 293
1088 1108 148
1118 1159 103
1146 1149 244
1146 1154 299
1150 1163 294
1150 1195 226
1178 1227 178
1202 1252 231
1230 1238 263
1232 1261 219
1238 1239 63
1267 1316 23
1282 1315 279
1305 1333 263
1323 1327 82
1332 1361 231
1361 1408 38
1388 1394 115
1408 1454 241
1430 1439 220
1437 1440 97
1454 1461 282
1482 1493 24
1506 1547 200
1521 1562 177
1526 1566 225
1538 1588 103
1565 1575 221
1592 1616 113
1602 1635 85
1621 1641 172
1648 1670 130
1659 1665 168
1667 1690 61
1687 1730 35
1717 1757 9
1723 1739 150
1749 1754 143
1773 1793 107
1797 1828 176
1821 1860 62
1835 1846 92
1838 1875 209
1849 1865 182
1863 1910 149
1886 1888 4
1907 1927 290
1911 1947 58
1930 1938 72
1933 1946 28
1937 1945 106
1951 1990 158
1977 1985 88
2004 2029 138
2031 2038 289
2035 2065 68
2064 2113 57
2079 2121 17
2098 2099 1
2117 2130 182
2128 2160 3
2154 2195 189
2155 2203 216
2175 2201 106
2199 2228 73
2205 2233 199
2229 2270 122
2241 2285 29
2243 2267 218
2260 2277 18
2281 2308 176
2300 2347 197
2324 2335 283
2347 2373 123
2352 2402 208
2357 2396 144
2381 2396 109
2394 2432 296
2413 2419 49
2436 2471 96
2455 2478 174
2456 2476 143
2477 2521 18
2506 2526 190
2534 2573 24
2550 2552 78
2577 2594 133
2591 2612 134
2621 2665 208
2630 2661 252
2648 2674 296
2648 2675 27
2655 2689 267
2667 2685 130
2681 2708 194
2701 2724 22
2705 2737 130
2709 2720 289
2731 2762 84
2752 2787 205
2760 2785 120
2768 2799 124
2789 2822 2
2793 2796 261
2799 2825 95
2811 2858 2
2827 2865 217
2835 2857 37
2844 2867 270
2853 2858 131
2877 2925 92
2888 2899 259
2909 2916 114
2929 2978 71
2933 2959 220
2938 2975 285
2964 2980 299
2968 3009 269
2975 3002 222
2996 3029 100
3022 3057 17
3041 3059 255
3067 3107 132
3089 3105 11
3097 3122 287
3114 3143 85
3132 3162 14
3158 3206 100
3165 3184 96
3177 3216 259
3192 3213 190
3202 3210 136
3213 3222 251
3218 3245 135
3241 3247 300
3255 3281 71
3260 3294 44
3288 3294 169
3295 3339 242
3320 3339 210
3320 3357 266
3343 3366 177
3359 3398 224
3375 3397 233
3388 3433 194
3389 3430 207
3408 3423 198
3428 3451 15
3433 3475 53
3449 3483 276
3478 3497 270
3494 3540 77
3514 3563 91
3517 3546 71
3537 3561 65
3553 3564 287
3557 3568 173
3568 3583 3
3597 3628 96
3607 3633 280
3620 3624 145
3643 3651 24
3644 3667 186
3670 3691 168
3699 3707 53
3723 3760 33
3735 3740 78
3754 3793 294
3772 3779 131
3802 3851 104
3831 3835 247
3835 3857 100
3841 3851 59
3850 3872 13
3875 3883 201
3876 3891 276
3896 3915 24
3898 3947 31
3902 3935 283
3922 3926 295
3934 3964 98
3950 3991 253
3976 4023 268
3983 3985 162
3990 4015 271
4008 4028 53
4019 4027 295
4032 4033 284
4051 4081 50
4066 4085 49
4086 4109 215
4104 4154 51
4118 4139 195
4122 4139 294
4126 4154 8
4154 4180 85
4158 4192 198
4167 4212 143
4169 4216 142
4195 4207 155
4197 4245 35
4222 4234 110
4242 4268 264
4267 4283 248
4267 4290 10
4286 4317 77
4307 4330 51
4308 4347 270
4334 4372 212
4334 4363 284
4345 4384 181
4354 4366 205
4360 4395 272
4360 4365 37
4383 4391 131
4401 4419 159
4418 4434 99
4444 4471 294
4466 4484 101
4486 4532 47
4506 4530 40
4511 4537 296
4534 4582 266
4547 4568 135
4569 4589 135
