300
15 30 179
28 62 111
45 77 270
58 102 267
74 112 111
74 87 72
83 110 122
113 123 59
120 166 87
128 138 98
153 187 17
164 179 5
174 175 62
177 192 107
188 196 221
210 217 7
231 258 17
237 252 44
260 297 270
277 315 58
298 342 270
302 314 62
302 304 102
330 357 149
360 365 197
365 387 70
393 420 199
403 441 74
406 425 71
436 448 254
459 471 168
474 486 274
496 510 278
506 530 201
522 553 40
546 582 256
573 615 67
581 625 287
591 615 33
597 619 160
603 650 75
621 655 5
631 670 261
654 665 66
671 687 76
679 719 143
685 697 204
707 735 114
712 724 97
719 749 266
722 754 257
739 754 273
744 794 114
748 794 8
771 775 92
785 800 177
795 818 245
795 823 20
822 853 222
842 888 230
861 870 172
866 882 118
870 896 253
895 917 241
898 930 212
910 941 250
910 916 296
937 985 269
953 985 36
982 989 48
1007 1038 109
1035 1050 235
1054 1086 128
1069 1070 105
1069 1090 162
1084 1134 275
1091 1136 92
1111 1154 180
1118 1125 157
1136 1147 112
1139 1166 105
1164 1205 265
1192 1203 75
1212 1259 30
1223 1246 102
1231 1257 258
1256 1298 272
1282 1321 137
1305 1349 166
1326 1331 36
1334 1368 105
1355 1402 193
1379 1414 15
1388 1402 73
1399 1440 32
1426 1437 222
1456 1500 172
1460 1468 298
1479 1490 19
1499 1510 98
1529 1552 7
1533 1577 182
1547 1592 296
1557 1594 142
1580 1614 5
1597 1605 114
1622 1655 287
1640 1670 114
1648 1676 236
1666 1678 51
1686 1722 134
1701 1712 125
1718 1735 175
1730 1748 205
1737 1771 228
1763 1792 69
1780 1810 240
1804 1854 164
1821 1862 237
1844 1854 150
1866 1893 54
1884 1909 190
1888 1921 186
1892 1894 107
1905 1937 113
1927 1935 80
1931 1979 199
1940 1949 22
1960 1994 231
1985 1993 277
1987 1998 24
1999 2009 256
2009 2057 62
2020 2028 260
2029 2039 229
2033 2049 240
2048 2070 126
2068 2115 189
2087 2094 274
2103 2105 275
2133 2170 247
2152 2193 97
2164 2189 254
2188 2194 137
2207 2229 101
2221 2254 81
2228 2257 22
2234 2278 26
2264 2290 166
2279 2284 127
2289 2321 30
2311 2326 289
2319 2330 202
2336 2339 293
2359 2384 282
2360 2392 267
2369 2372 155
2375 2411 21
2396 2439 153
2422 2469 74
2432 2446 102
2448 2491 204
2477 2523 19
2497 2528 218
2503 2528 16
2521 2557 244
2543 2573 101
2569 2606 245
2575 2617 258
2577 2589 258
2604 2646 255
2617 2661 259
2632 2676 145
2661 2690 193
2688 2710 138
2695 2697 209
2722 2765 33
2732 2778 68
2752 2761 251
2756 2770 192
2785 2829 123
2793 2809 49
2817 2854 47
2826 2863 53
2840 2872 299
2864 2873 55
2875 2891 30
2905 2945 68
2907 2949 120
2917 2925 125
2932 2964 232
2942 2972 87
2961 2981 57
2982 2987 92
2993 2998 16
3008 3012 145
3037 3042 233
3055 3086 105
3084 3126 52
3099 3115 29
3107 3142 27
3116 3141 72
3128 3162 93
3153 3185 242
3178 3213 243
3198 3217 194
3211 3238 219
3237 3284 296
3237 3253 208
3244 3290 81
3268 3278 206
3290 3328 265
3305 3316 108
3324 3331 244
3327 3372 130
3327 3332 165
3337 3383 29
3346 3382 144
3358 3369 268
3371 3390 228
3398 3399 168
3418 3449 69
3437 3449 269
3448 3473 82
3473 3515 223
3493 3528 269
3496 3532 222
3524 3562 228
3531 3572 113
3553 3571 173
3582 3595 30
3592 3608 62
3609 3650 38
3639 3667 220
3648 3669 143
3656 3699 57
3678 3687 110
3708 3734 47
3717 3732 85
3731 3759 138
3761 3781 128
3781 3826 214
3787 3800 255
3811 3828 298
3829 3871 146
3841 3882 227
3842 3882 55
3850 3892 286
3863 3870 45
3869 3873 222
3887 3931 7
3915 3941 121
3915 3953 90
3922 3924 277
3931 3937 61
3954 3968 237
3977 4011 111
3997 4001 187
4010 4033 116
4015 4047 146
4030 4065 158
4044 4081 201
4052 4102 140
4069 4070 82
4095 4115 184
4108 4150 264
4138 4153 111
4155 4204 83
4175 4211 281
4195 4201 41
4197 4245 172
4201 4207 94
4216 4250 65
4245 4280 287
4254 4255 287
4284 4314 121
4311 4332 198
4313 4318 26
4316 4332 3
4335 4341 134
4358 4367 242
4361 4379 78
4384 4423 43
4390 4431 7
4390 4406 251
4398 4419 107
4402 4430 242
4418 4466 245
4444 4469 149
4471 4503 76
4500 4540 131
4513 4559 278
4519 4542 214
4529 4575 123
4549 4555 34
4550 4586 48
4575 4584 248
4596 4606 214
4616 4632 88
4639 4660 278
