300
28 29 67
58 79 285
66 79 230
95 145 229
101 129 16
113 124 117
114 155 139
142 152 18
156 196 54
167 188 144
182 219 174
197 215 147
211 259 268
218 236 260
231 259 37
234 246 230
257 265 143
276 316 110
299 318 42
318 367 207
334 336 188
352 376 194
366 387 201
387 422 210
417 439 10
417 437 107
447 494 225
447 470 145
458 490 247
471 496 218
496 497 275
496 524 91
524 553 133
550 579 295
566 577 104
591 624 103
613 631 144
623 661 205
627 640 291
631 664 25
639 665 28
663 685 20
665 691 199
686 730 206
706 738 206
736 762 108
739 782 104
767 810 85
793 824 209
805 825 282
818 848 231
821 850 109
827 868 117
840 860 157
852 859 183
870 919 238
894 921 148
904 939 165
923 962 8
933 977 181
957 1003 181
974 1013 34
979 992 104
986 1006 80
1002 1019 32
1020 1041 184
1039 1063 29
1052 1099 262
1065 1102 138
1078 1098 246
1092 1117 261
1106 1126 188
1127 1146 120
1156 1164 69
1183 1233 219
1198 1222 269
1205 1218 236
1234 1250 276
1247 1274 124
1251 1287 212
1261 1288 241
1277 1307 60
1287 1337 45
1291 1323 206
1299 1329 107
1311 1344 15
1318 1329 85
1341 1377 54
1342 1391 241
1369 1409 199
1395 1409 208
1398 1423 189
1417 1427 30
1445 1488 273
1475 1495 237
1488 1537 130
1508 1536 162
1515 1517 64
1518 1556 52
1535 1582 157
1542 1575 99
1554 1599 199
1575 1625 169
1591 1606 300
1593 1619 163
1605 1639 291
1609 1630 90
1634 1681 84
1659 1698 184
1680 1686 51
1703 1725 244
1714 1736 44
1740 1762 248
1761 1768 43
1782 1789 9
1801 1827 270
1805 1809 235
1831 1842 155
1850 1876 91
1856 1858 155
1882 1931 276
1886 1936 149
1892 1915 204
1900 1913 59
1928 1964 253
1939 1943 58
1942 1971 250
1944 1990 74
1966 2010 263
1977 2024 155
1978 1996 31
1979 2008 193
1996 2005 222
2017 2053 114
2018 2041 211
2026 2060 238
2037 2060 85
2063 2088 250
2089 2097 252
2089 2108 56
2115 2164 184
2121 2148 248
2131 2158 48
2149 2160 243
2151 2194 49
2180 2208 251
2182 2221 193
2200 2228 229
2208 2210 239
2212 2262 185
2223 2254 243
2245 2285 62
2270 2317 298
2279 2305 242
2300 2307 126
2304 2307 112
2311 2347 149
2341 2389 145
2350 2384 296
2371 2421 213
2381 2402 207
2384 2396 276
2392 2394 97
2404 2407 165
2420 2461 19
2446 2469 86
2456 2481 132
2464 2493 1
2471 2499 253
2500 2527 192
2523 2540 83
2552 2591 242
2569 2605 3
2572 2609 171
2581 2586 147
2595 2639 112
2597 2620 84
2606 2631 242
2635 2640 84
2644 2657 13
2657 2688 71
2686 2727 10
2716 2745 1
2743 2786 1
2746 2788 233
2768 2805 33
2778 2807 251
2800 2845 100
2801 2825 168
2812 2843 105
2835 2879 37
2846 2889 100
2856 2899 164
2886 2897 114
2912 2954 264
2935 2955 195
2963 2994 181
2988 3005 86
3013 3049 237
3043 3053 289
3054 3057 53
3074 3094 197
3082 3129 105
3083 3091 84
3105 3153 29
3130 3170 53
3158 3165 51
3170 3215 140
3193 3239 56
3205 3254 258
3227 3251 149
3246 3289 23
3275 3298 298
3277 3326 157
3303 3346 143
3314 3344 117
3336 3371 68
3357 3367 130
3373 3387 259
3402 3440 281
3429 3436 42
3459 3489 159
3480 3492 169
3504 3511 231
3529 3556 240
3535 3557 278
3561 3564 113
3590 3611 244
3593 3610 62
3597 3631 4
3618 3668 61
3626 3666 99
3633 3661 15
3651 3678 217
3658 3668 80
3658 3690 50
3666 3680 249
3672 3689 116
3700 3750 16
3715 3761 69
3738 3762 275
3749 3755 143
3756 3804 134
3762 3770 166
3785 3787 70
3795 3813 103
3805 3829 268
3831 3878 33
3852 3889 266
3873 3895 224
3897 3916 235
3918 3966 93
3922 3949 95
3931 3953 165
3960 3967 211
3974 4005 177
4000 4045 202
4013 4022 134
4016 4051 104
4043 4057 251
4063 4089 134
4063 4096 111
4079 4127 277
4101 4118 229
4118 4152 89
4140 4182 123
4161 4181 297
4181 4224 32
4205 4227 99
4226 4272 201
4238 4280 197
4260 4265 44
4267 4269 199
4296 4325 173
4306 4339 147
4317 4352 95
4318 4346 77
4338 4345 168
4349 4373 216
4353 4402 113
4368 4401 281
4372 4421 204
4379 4405 109
4386 4404 68
4407 4410 246
4412 4431 95
4439 4458 225
4453 4490 40
4481 4517 105
4484 4524 117
4495 4521 87
4521 4551 181
4527 4562 123
4548 4575 166
4561 4585 95
4589 4635 191
4609 4643 88
4633 4660 262
4647 4688 295
4662 4682 76
