300
24 64 202
36 63 157
36 37 72
54 82 182
84 121 196
90 131 111
113 132 35
123 125 245
129 143 71
147 168 213
157 185 81
170 174 244
178 187 258
184 189 98
199 239 19
200 240 278
227 274 248
256 281 263
281 320 227
283 312 221
301 319 47
329 357 293
348 367 295
370 388 193
370 372 289
386 412 130
413 455 282
433 445 139
460 499 159
488 509 171
517 533 36
545 559 266
549 571 137
555 592 206
570 620 110
576 600 259
594 598 103
623 651 232
643 681 118
653 698 243
673 714 225
682 697 196
700 742 117
704 730 275
719 722 199
745 783 204
750 780 284
776 787 248
776 784 115
805 855 57
818 857 279
838 858 241
843 872 108
861 887 36
884 887 90
895 945 295
899 905 105
906 911 280
911 915 253
938 975 151
947 990 21
969 1004 247
978 1018 208
995 1010 34
1024 1057 213
1047 1089 96
1069 1075 41
1070 1120 200
1098 1131 81
1101 1127 102
1119 1130 220
1121 1134 216
1140 1157 257
1163 1203 273
1164 1179 194
1167 1210 133
1184 1214 200
1196 1219 79
1202 1231 121
1220 1246 252
1238 1256 59
1251 1269 44
1266 1269 273
1293 1296 291
1314 1359 266
1338 1378 179
1341 1359 212
1349 1397 296
1378 1407 97
1405 1447 131
1412 1421 236
1436 1466 257
1461 1497 46
1467 1471 231
1474 1510 203
1481 1501 115
1500 1515 53
1514 1546 298
1537 1578 73
1562 1575 38
1581 1626 48
1597 1634 189
1611 1612 74
1631 1672 26
1646 1687 289
1666 1707 291
1684 1720 160
1708 1740 270
1733 1757 134
1762 1807 290
1781 1790 287
1809 1821 87
1817 1838 63
1839 1871 289
1852 1868 87
1871 1885 127
1893 1913 257
1898 1899 70
1902 1927 181
1913 1938 132
1921 1950 207
1926 1940 154
1936 1980 50
1965 1989 23
1966 1995 147
1985 2023 212
1994 2044 260
2017 2030 284
2035 2082 155
2047 2094 165
2051 2072 112
2073 2085 66
2098 2100 36
2122 2164 192
2131 2168 202
2140 2145 297
2152 2181 126
2168 2172 298
2176 2214 79
2179 2183 97
2183 2199 55
2191 2241 51
2213 2260 94
2219 2224 260
2225 2273 225
2245 2263 64
2266 2280 32
2287 2289 216
2303 2353 41
2321 2350 87
2340 2345 82
2343 2347 159
2349 2389 294
2376 2385 6
2385 2408 159
2385 2427 46
2408 2446 74
2414 2431 238
2414 2421 60
2439 2465 65
2451 2474 262
2470 2480 34
2491 2527 40
2495 2509 67
2504 2552 47
2532 2558 113
2561 2571 207
2574 2587 187
2580 2607 182
2607 2635 300
2631 2641 116
2640 2686 222
2664 2688 105
2679 2725 178
2693 2712 168
2717 2745 156
2732 2750 228
2760 2799 61
2778 2806 128
2789 2797 68
2791 2798 94
2800 2816 281
2816 2839 165
2845 2874 85
2863 2873 265
2891 2909 155
2907 2927 24
2924 2963 193
2941 2989 144
2943 2962 194
2955 2982 129
2975 2988 117
2992 3035 127
3021 3058 275
3033 3049 30
3063 3085 155
3074 3108 132
3079 3088 124
3087 3120 40
3104 3126 196
3115 3145 186
3116 3139 86
3125 3150 200
3127 3140 130
3136 3139 271
3139 3186 261
3147 3160 72
3165 3208 137
3194 3198 100
3217 3263 127
3225 3246 211
3233 3237 270
3255 3303 78
3265 3290 147
3273 3295 283
3289 3320 31
3314 3325 13
3323 3330 185
3340 3372 90
3348 3391 100
3365 3395 71
3390 3426 52
3411 3451 191
3413 3414 85
3437 3483 270
3451 3492 145
3468 3509 74
3492 3540 50
3496 3508 144
3507 3544 41
3521 3532 288
3528 3554 41
3530 3557 215
3559 3578 195
3571 3606 96
3572 3596 209
3589 3593 191
3605 3618 288
3631 3635 105
3633 3677 171
3648 3687 40
3648 3649 81
3653 3677 118
3679 3710 178
3693 3718 43
3701 3737 176
3711 3756 71
3729 3744 256
3743 3752 81
3770 3778 144
3786 3795 141
3792 3800 24
3806 3817 190
3836 3882 239
3843 3854 126
3859 3860 75
3868 3890 144
3882 3901 129
3906 3923 43
3934 3958 82
3956 3971 224
3981 3982 43
3989 3997 20
4018 4033 293
4046 4093 257
4054 4094 87
4083 4128 179
4100 4113 184
4106 4152 281
4118 4160 121
4118 4160 51
4137 4144 262
4149 4159 262
4172 4175 135
4188 4213 43
4188 4212 192
4200 4213 281
4220 4225 178
4234 4261 51
4251 4253 89
4264 4276 128
4286 4301 89
4316 4341 188
4325 4339 76
4333 4345 80
4362 4408 246
4368 4403 73
4393 4395 78
4400 4424 48
4420 4463 300
4440 4471 115
4469 4519 181
4488 4523 84
4511 4554 230
4537 4550 68
4539 4543 264
4550 4577 23
4561 4580 4
4584 4590 122
4602 4615 256
