300
30 62 177
50 60 62
62 95 68
67 117 126
94 115 242
99 130 279
117 157 233
146 164 221
158 173 277
183 218 233
203 212 72
223 273 202
248 256 255
278 299 250
300 314 238
309 331 130
327 347 142
327 335 293
354 360 112
371 385 205
383 399 276
408 430 20
430 435 216
454 475 83
465 505 165
492 501 252
507 526 68
531 581 20
539 574 147
546 572 90
561 582 244
569 607 97
586 600 267
595 614 88
614 642 62
630 662 1
635 641 141
651 669 151
678 701 148
695 711 267
719 733 98
723 729 232
748 782 41
774 816 252
777 801 5
785 795 236
808 856 223
831 856 291
853 857 194
882 888 187
911 922 125
940 988 8
964 1012 21
969 986 75
972 1014 97
985 1031 248
991 993 266
1000 1038 84
1011 1024 154
1032 1073 27
1048 1055 80
1050 1073 274
1050 1091 232
1053 1094 128
1075 1099 39
1100 1102 73
1119 1121 153
1141 1171 141
1164 1195 44
1189 1208 50
1203 1220 143
1204 1253 118
1204 1216 185
1210 1234 282
1231 1270 202
1238 1247 244
1262 1308 181
1271 1288 276
1273 1308 114
1286 1327 160
1313 1354 131
1315 1358 12
1341 1380 253
1342 1348 21
1354 1359 268
1361 1394 134
1368 1389 230
1395 1412 106
1401 1410 240
1404 1444 79
1416 1425 272
1442 1485 243
1464 1470 70
1474 1479 25
1485 1502 119
1486 1510 126
1494 1530 135
1504 1516 25
1528 1544 57
1548 1580 273
1561 1599 51
1585 1595 41
1607 1624 181
1612 1647 292
1635 1641 170
1661 1682 221
1672 1716 2
1686 1709 139
1695 1732 130
1708 1722 43
1738 1756 16
1758 1765 116
1781 1805 85
1797 1824 31
1808 1843 250
1810 1831 296
1837 1874 214
1846 1848 5
1858 1877 297
1886 1933 282
1893 1917 87
1907 1914 79
1917 1929 227
1919 1950 291
1931 1974 34
1953 1977 229
1980 1996 121
2001 2047 33
2004 2044 269
2006 2010 251
2023 2060 145
2025 2048 274
2043 2088 98
2060 2095 295
2079 2084 85
2083 2106 20
2098 2106 23
2101 2134 152
2101 2131 187
2110 2116 199
2137 2170 159
2162 2212 203
2171 2201 142
2201 2216 115
2207 2210 199
2233 2240 191
2251 2277 172
2281 2325 149
2302 2350 54
2316 2361 217
2346 2373 63
2348 2367 284
2357 2390 288
2376 2384 148
2391 2404 289
2401 2403 187
2404 2408 194
2428 2435 269
2436 2447 113
2443 2483 129
2452 2468 188
2453 2475 28
2476 2490 165
2503 2523 1
2530 2531 25
2535 2546 11
2556 2577 42
2584 2617 31
2614 2658 216
2624 2657 220
2635 2672 165
2642 2652 119
2645 2688 174
2661 2709 167
2680 2694 12
2700 2746 49
2711 2747 193
2713 2725 39
2725 2744 104
2750 2774 76
2750 2789 102
2760 2789 177
2775 2801 174
2802 2851 8
2823 2835 32
2843 2852 119
2846 2877 47
2867 2913 182
2888 2893 133
2908 2927 175
2916 2935 252
2936 2951 167
2960 2989 300
2971 2996 104
2980 3028 232
2992 3007 170
2993 3012 183
3018 3067 59
3038 3043 165
3042 3060 288
3053 3092 231
3058 3084 123
3081 3106 215
3107 3123 242
3115 3163 249
3140 3149 233
3163 3185 230
3192 3201 195
3208 3247 269
3227 3274 98
3248 3289 16
3274 3284 267
3300 3312 289
3302 3322 271
3307 3324 126
3308 3319 205
3324 3345 120
3343 3350 77
3358 3396 31
3363 3377 273
3369 3385 3
3397 3416 218
3397 3407 120
3419 3447 86
3430 3440 70
3459 3462 102
3466 3481 60
3471 3489 218
3484 3490 189
3485 3528 212
3493 3530 245
3504 3536 99
3508 3539 249
3520 3539 77
3548 3560 141
3569 3612 243
3585 3616 141
3596 3639 136
3600 3604 288
3630 3647 77
3641 3649 181
3650 3678 110
3668 3671 9
3670 3677 222
3674 3711 52
3680 3698 110
3695 3745 10
3697 3702 262
3718 3728 250
3741 3788 55
3741 3743 100
3741 3761 176
3761 3768 244
3773 3798 260
3788 3817 257
3806 3815 179
3822 3831 258
3852 3888 35
3874 3892 221
3879 3882 234
3885 3894 115
3907 3939 189
3922 3936 58
3931 3975 214
3953 3968 148
3967 3975 271
3988 3998 59
4012 4059 119
4032 4082 15
4054 4090 80
4054 4066 63
4078 4091 125
4102 4108 258
4111 4144 125
4129 4138 208
4139 4185 184
4139 4147 161
4162 4175 193
4191 4236 26
4198 4221 16
4221 4257 77
4221 4230 146
4231 4267 182
4256 4280 182
4257 4265 26
4267 4291 98
4272 4301 66
4272 4288 113
4287 4337 223
4290 4326 103
4318 4366 60
4330 4353 1
4343 4354 164
4346 4377 46
4357 4401 6
4373 4394 7
4392 4434 187
4404 4425 131
4409 4450 36
4418 4424 207
