300
26 65 178
51 92 246
68 105 197
94 118 189
118 140 25
137 147 52
143 170 96
146 162 80
149 153 277
172 206 105
184 215 104
195 242 116
215 221 125
221 258 248
251 282 28
267 288 274
267 295 85
279 322 36
305 319 145
318 326 161
321 366 176
322 325 141
352 366 194
382 391 128
404 418 245
430 470 10
438 482 142
453 454 44
462 463 191
490 540 214
495 524 130
514 530 156
521 534 248
541 587 122
564 611 108
566 611 278
594 632 121
604 629 213
626 641 95
640 652 187
641 678 87
661 693 141
683 728 63
692 740 290
715 763 83
737 786 7
756 777 266
757 796 172
787 820 269
799 824 121
810 834 198
827 858 234
836 873 272
862 908 221
877 888 206
904 907 126
932 943 279
962 1005 11
965 1001 122
983 1005 71
1001 1033 83
1020 1053 59
1030 1072 287
1039 1078 10
1044 1047 229
1073 1083 29
1088 1091 190
1115 1151 125
1128 1152 270
1148 1159 53
1169 1189 249
1179 1188 46
1183 1184 200
1184 1230 99
1211 1226 221
1213 1260 44
1224 1266 123
1233 1276 194
1255 1288 52
1280 1298 295
1286 1300 297
1302 1320 72
1326 1346 269
1335 1385 19
1336 1353 197
1361 1392 112
1382 1426 168
1385 1387 268
1404 1449 297
1410 1414 24
1420 1424 165
1423 1465 166
1426 1432 274
1452 1489 70
1480 1494 166
1482 1505 149
1492 1530 186
1503 1521 163
1531 1566 13
1543 1574 218
1547 1558 75
1576 1623 1
1587 1601 277
1587 1595 76
1589 1629 168
1599 1632 283
1599 1641 97
1610 1650 271
1616 1621 37
1638 1651 212
1639 1650 240
1654 1669 189
1673 1696 12
1688 1713 215
1711 1728 133
1727 1772 75
1739 1781 121
1767 1787 121
1785 1833 131
1808 1810 94
1821 1868 55
1839 1885 246
1864 1907 231
1892 1928 7
1900 1943 83
1913 1922 114
1940 1944 28
1942 1973 121
1955 1958 235
1984 2023 234
1996 2038 267
2025 2067 292
2026 2071 6
2052 2061 101
2062 2091 150
2068 2101 252
2088 2091 274
2102 2118 273
2125 2158 150
2131 2162 139
2146 2184 207
2160 2190 71
2161 2198 17
2166 2195 31
2179 2189 208
2181 2213 147
2185 2235 266
2198 2201 122
2203 2218 227
2222 2256 188
2241 2253 27
2248 2250 59
2258 2271 103
2285 2307 45
2312 2322 210
2314 2360 280
2340 2370 148
2350 2363 108
2380 2414 256
2393 2402 273
2393 2398 214
2416 2444 276
2445 2483 61
2467 2474 228
2467 2492 18
2467 2493 233
2484 2527 202
2487 2510 187
2513 2544 250
2537 2548 124
2539 2569 137
2554 2571 15
2577 2597 179
2582 2628 299
2589 2632 26
2594 2629 17
2609 2628 250
2614 2615 293
2618 2628 189
2634 2675 69
2634 2670 11
2646 2666 191
2675 2700 170
2703 2721 170
2726 2733 94
2752 2799 224
2782 2824 63
2806 2844 133
2824 2833 103
2824 2843 36
2853 2902 16
2877 2878 19
2895 2935 238
2906 2951 220
2915 2942 255
2919 2946 204
2933 2961 216
2954 2994 288
2975 3021 142
2987 3018 300
2996 3020 231
3018 3060 6
3018 3036 226
3043 3079 71
3066 3083 199
3092 3105 277
3108 3150 95
3128 3150 105
3133 3178 253
3155 3182 49
3166 3175 162
3168 3188 196
3194 3237 277
3198 3233 36
3207 3256 16
3216 3240 190
3227 3229 53
3247 3252 230
3263 3286 175
3284 3318 124
3314 3346 164
3324 3346 9
3338 3355 212
3365 3366 56
3379 3407 22
3397 3411 225
3399 3428 272
3417 3448 127
3427 3466 16
3440 3482 292
3470 3520 139
3477 3483 291
3495 3504 6
3511 3553 33
3537 3577 114
3566 3604 14
3587 3613 237
3614 3644 170
3614 3650 264
3621 3640 278
3636 3675 285
3638 3658 266
3651 3695 56
3681 3706 194
3687 3712 110
3700 3728 114
3716 3742 94
3719 3726 241
3722 3732 219
3741 3780 168
3749 3759 235
3761 3803 167
3785 3835 65
3788 3815 192
3802 3827 199
3804 3830 261
3833 3867 41
3844 3867 96
3854 3898 37
3874 3913 286
3892 3911 100
3905 3934 155
3925 3960 5
3931 3962 247
3937 3985 180
3939 3989 208
3960 3984 238
3961 4010 88
3982 3983 272
3998 4035 191
4004 4034 203
4021 4036 90
4024 4051 211
4054 4102 21
4066 4085 49
4095 4100 104
4124 4133 135
4139 4182 183
4168 4181 239
4191 4212 20
4191 4237 43
4199 4237 62
4220 4268 137
4249 4295 271
4251 4278 97
4264 4292 41
4287 4325 114
4294 4315 54
4320 4324 262
4324 4372 44
4343 4365 123
4371 4413 139
4375 4418 91
4380 4391 75
4387 4415 15
4387 4403 175
4402 4451 37
4409 4438 224
4422 4446 121
4427 4439 215
