300
0 36 258
26 69 16
55 81 20
66 77 209
67 93 163
94 107 81
122 155 274
137 167 195
152 164 9
172 189 85
191 237 28
200 246 92
230 245 223
257 264 27
275 305 17
284 326 265
297 311 44
298 341 214
303 351 149
328 333 295
342 362 218
361 374 113
362 374 217
372 377 210
383 396 296
407 441 288
407 413 251
427 442 104
453 464 11
473 507 134
494 537 134
509 513 62
519 532 84
539 585 67
554 560 114
573 592 62
588 595 132
605 649 172
626 669 203
631 681 114
631 653 35
639 664 149
658 693 170
663 689 269
682 697 41
683 708 125
711 728 230
727 730 35
756 795 124
758 765 181
776 808 88
783 799 66
798 814 149
811 851 206
830 850 184
860 866 161
865 896 47
883 886 83
887 903 158
908 951 237
935 959 295
945 979 21
966 1001 274
983 990 298
1007 1009 70
1031 1064 205
1037 1074 91
1050 1074 26
1071 1113 63
1086 1110 22
1104 1133 142
1122 1124 290
1148 1180 134
1159 1174 15
1182 1221 172
1191 1235 103
1214 1259 139
1224 1239 44
1234 1277 157
1259 1296 87
1286 1312 142
1298 1340 61
1299 1308 82
1323 1331 206
1330 1367 193
1343 1371 213
1356 1363 27
1361 1379 193
1362 1393 96
1386 1425 152
1403 1411 291
1426 1437 249
1440 1472 58
1461 1502 126
1467 1488 60
1487 1490 68
1495 1545 112
1500 1543 243
1502 1521 182
1531 1572 233
1549 1570 254
1556 1599 283
1581 1586 258
1588 1597 31
1599 1614 21
1619 1640 214
1646 1662 250
1667 1673 206
1672 1682 9
1702 1734 234
1702 1751 78
1709 1731 8
1716 1750 159
1730 1777 155
1751 1753 22
1779 1819 108
1784 1808 261
1792 1812 96
1797 1828 73
1822 1849 129
1832 1872 281
1848 1875 229
1859 1891 300
1886 1921 174
1905 1935 140
1931 1953 61
1945 1947 46
1952 1988 157
1955 1986 281
1969 2007 126
1973 1987 246
1978 1992 212
1995 2042 178
2016 2049 210
2045 2078 290
2046 2089 262
2062 2074 299
2079 2082 71
2102 2146 241
2130 2131 240
2131 2153 27
2146 2190 153
2152 2165 159
2162 2211 266
2180 2212 226
2194 2198 243
2203 2241 79
2203 2232 264
2208 2221 142
2217 2223 88
2241 2287 240
2241 2260 6
2241 2243 93
2256 2281 238
2263 2283 261
2286 2287 101
2293 2339 245
2308 2346 199
2312 2342 123
2337 2347 261
2361 2366 169
2372 2395 9
2386 2423 146
2413 2460 125
2423 2470 279
2431 2459 245
2437 2476 133
2444 2492 26
2455 2462 27
2468 2476 191
2491 2493 232
2506 2550 135
2515 2524 244
2537 2586 62
2550 2588 184
2554 2571 57
2571 2617 68
2578 2618 267
2596 2601 80
2609 2618 12
2615 2640 30
2642 2650 222
2665 2681 147
2694 2714 238
2695 2702 113
2723 2730 273
2743 2768 23
2756 2790 227
2757 2773 281
2777 2804 102
2780 2801 298
2794 2839 63
2807 2824 268
2822 2862 254
2850 2890 50
2868 2887 6
2892 2936 223
2916 2930 143
2917 2922 273
2929 2971 279
2951 2964 66
2952 2953 248
2953 2971 188
2967 3008 106
2972 3014 185
2985 3009 92
2995 3005 48
3020 3036 77
3028 3063 162
3037 3082 49
3052 3090 149
3077 3112 122
3084 3128 50
3108 3111 113
3130 3147 172
3157 3168 236
3163 3184 96
3168 3175 56
3185 3189 261
3196 3207 165
3196 3212 30
3212 3227 233
3233 3263 181
3238 3251 180
3268 3270 279
3276 3297 278
3276 3304 137
3287 3331 204
3287 3331 272
3294 3312 12
3300 3329 275
3325 3358 212
3340 3353 181
3350 3351 81
3378 3407 280
3405 3448 257
3414 3445 205
3431 3437 90
3438 3486 263
3442 3459 134
3458 3506 199
3488 3537 86
3518 3565 206
3541 3558 126
3559 3599 262
3559 3600 289
3588 3635 53
3590 3631 57
3593 3627 131
3604 3605 75
3615 3659 209
3627 3666 106
3637 3643 42
3640 3685 168
3650 3660 130
3664 3667 157
3679 3689 20
3706 3709 185
3712 3715 235
3740 3769 144
3750 3758 1
3753 3802 100
3765 3794 255
3793 3838 256
3793 3809 155
3802 3836 256
3811 3821 108
3838 3866 67
3857 3899 226
3862 3902 232
3889 3901 208
3891 3896 255
3894 3941 96
3912 3925 169
3926 3950 261
3956 3999 81
3985 3986 214
3995 4001 109
3995 4024 156
4018 4033 94
4033 4044 105
4046 4062 194
4071 4081 225
4075 4086 147
4101 4137 17
4110 4143 264
4114 4155 90
4135 4146 113
4160 4169 19
4180 4185 207
4202 4226 295
4211 4250 270
4234 4268 151
4243 4287 124
4266 4291 170
4289 4329 208
4295 4322 133
4312 4337 226
4323 4369 113
4330 4334 265
