300
26 55 184
45 62 276
64 110 14
64 91 97
70 72 19
76 106 185
94 95 195
100 149 166
127 174 116
137 138 168
158 192 141
162 187 180
171 195 5
191 222 250
203 219 59
206 253 13
229 236 248
230 270 224
257 296 14
279 298 10
299 314 250
306 340 212
331 333 282
353 389 178
365 390 101
379 404 157
381 397 10
397 445 221
410 429 106
437 476 194
461 497 145
483 524 232
504 511 98
516 520 235
544 549 56
563 576 207
592 632 47
621 660 168
647 695 63
669 706 84
691 707 99
706 736 269
718 721 125
745 751 108
772 780 286
784 806 182
789 797 161
800 842 132
830 832 147
857 907 73
858 898 144
858 884 250
874 910 39
875 919 196
889 900 221
905 921 196
917 950 129
937 972 89
963 977 53
969 995 51
997 1007 177
1015 1032 93
1034 1036 116
1050 1055 280
1060 1083 196
1068 1079 205
1068 1089 90
1071 1119 151
1099 1121 201
1119 1146 110
1144 1188 171
1156 1162 268
1173 1183 218
1192 1212 94
1200 1206 266
1222 1267 245
1226 1233 181
1228 1277 240
1234 1239 181
1261 1304 270
1286 1304 218
1293 1319 14
1303 1343 53
1330 1375 192
1349 1384 8
1361 1394 86
1376 1399 103
1403 1408 84
1409 1420 1
1431 1471 206
1459 1499 134
1473 1479 107
1492 1524 125
1509 1557 92
1524 1536 147
1538 1581 6
1546 1564 266
1574 1624 162
1582 1590 36
1595 1611 45
1599 1646 240
1607 1625 194
1629 1671 16
1652 1690 213
1679 1717 243
1699 1720 185
1721 1741 32
1743 1788 282
1763 1794 204
1788 1804 171
1792 1837 95
1810 1833 90
1827 1851 211
1852 1878 236
1855 1896 18
1878 1914 39
1908 1910 16
1930 1963 253
1956 1992 281
1963 2010 234
1992 2024 284
1995 2007 152
2010 2025 270
2018 2027 123
2039 2052 66
2053 2065 292
2076 2108 133
2096 2138 123
2111 2115 25
2112 2156 280
2127 2131 150
2154 2199 126
2176 2224 292
2199 2223 157
2216 2264 194
2224 2234 175
2231 2265 261
2231 2235 244
2244 2257 99
2245 2260 173
2252 2255 20
2270 2279 154
2280 2315 13
2290 2321 297
2295 2302 163
2307 2308 207
2337 2382 48
2353 2382 121
2366 2382 127
2370 2389 53
2398 2410 218
2418 2441 190
2427 2445 299
2443 2469 131
2451 2453 176
2455 2485 218
2469 2504 119
2471 2510 89
2478 2502 37
2501 2512 108
2530 2540 210
2534 2575 153
2562 2601 296
2565 2606 120
2590 2602 214
2594 2621 171
2615 2651 219
2629 2632 162
2640 2668 299
2653 2679 216
2661 2686 1
2677 2690 20
2699 2741 206
2727 2755 192
2733 2740 50
2763 2791 153
2792 2836 75
2794 2797 44
2800 2847 209
2813 2814 174
2818 2864 266
2832 2842 138
2849 2881 106
2871 2886 56
2898 2936 155
2899 2943 72
2923 2926 25
2942 2949 2
2963 2984 149
2974 2985 26
2980 2994 124
3002 3013 38
3014 3017 2
3015 3027 17
3032 3067 196
3051 3082 18
3062 3112 108
3071 3081 63
3094 3116 2
3108 3139 215
3119 3150 121
3122 3138 156
3135 3170 61
3145 3165 274
3147 3188 37
3158 3178 173
3184 3210 104
3207 3240 284
3209 3234 98
3235 3261 227
3250 3285 195
3274 3301 142
3275 3319 162
3295 3317 280
3310 3342 297
3325 3375 128
3344 3388 54
3347 3353 245
3372 3397 234
3385 3418 96
3396 3406 270
3412 3451 282
3416 3464 170
3418 3427 284
3420 3445 149
3423 3426 58
3431 3446 207
3434 3473 231
3446 3487 260
3461 3492 235
3489 3510 115
3514 3526 280
3525 3539 64
3549 3588 6
3573 3577 244
3581 3631 127
3590 3624 180
3610 3648 180
3612 3661 267
3626 3646 211
3630 3666 107
3649 3654 163
3675 3691 67
3682 3694 86
3701 3716 203
3706 3734 90
3726 3730 77
3728 3745 81
3754 3766 268
3764 3796 85
3773 3811 51
3790 3809 55
3819 3861 36
3842 3857 277
3849 3886 297
3864 3907 170
3887 3910 238
3900 3935 134
3914 3938 197
3938 3941 108
3949 3951 237
3961 3995 36
3962 3975 213
3968 4012 272
3996 4022 135
4018 4045 164
4039 4066 101
4056 4069 1
4061 4082 274
4068 4071 298
4087 4127 87
4089 4120 164
4106 4125 204
4119 4127 84
4127 4164 159
4146 4169 146
4146 4152 267
4165 4200 169
4166 4202 63
4188 4222 117
4194 4227 204
4203 4240 67
4206 4250 267
4213 4263 177
4232 4238 167
4261 4274 183
4287 4288 292
4306 4339 209
4325 4343 233
4335 4336 186
4341 4342 36
4343 4386 221
4359 4393 17
4364 4412 297
4379 4412 121
4406 4445 289
4430 4450 6
4447 4492 230
4461 4476 282
4488 4516 100
