300
26 43 132
47 78 259
61 107 186
67 103 124
80 128 79
108 155 186
121 151 272
137 170 241
148 172 235
167 213 68
192 236 39
216 262 125
242 268 127
245 246 186
252 264 241
258 306 221
285 327 184
291 298 38
317 348 142
329 332 108
357 386 232
380 415 269
387 410 177
398 407 59
418 468 1
420 450 223
449 457 34
459 484 197
488 537 235
502 532 293
531 575 133
537 543 69
567 600 33
572 612 297
587 623 28
599 621 81
617 639 41
625 653 261
650 663 119
670 718 291
683 703 205
701 726 287
714 749 268
723 760 222
729 732 224
731 739 141
732 738 245
734 773 2
737 741 10
740 778 208
740 788 116
769 772 20
780 822 37
800 835 145
814 817 161
818 846 1
840 847 238
841 846 22
865 867 193
886 909 93
915 962 208
926 970 280
930 964 75
937 965 200
962 1003 193
975 1022 30
1001 1003 257
1017 1024 83
1020 1050 111
1020 1036 239
1048 1069 154
1057 1103 240
1059 1104 115
1061 1105 28
1068 1116 201
1092 1137 7
1116 1136 26
1142 1167 254
1164 1183 207
1171 1205 180
1186 1212 117
1213 1225 132
1222 1238 281
1235 1262 112
1240 1244 224
1241 1275 259
1257 1280 264
1257 1278 60
1277 1289 17
1278 1306 223
1305 1330 244
1325 1329 250
1341 1382 110
1349 1366 227
1378 1407 216
1383 1408 126
1386 1423 51
1415 1464 213
1434 1481 146
1437 1464 170
1437 1472 265
1444 1447 26
1459 1504 162
1488 1505 137
1510 1524 243
1516 1546 220
1522 1541 137
1534 1540 108
1541 1576 188
1565 1586 202
1566 1579 278
1566 1603 265
1571 1587 291
1582 1594 189
1600 1634 291
1602 1645 279
1620 1629 34
1631 1666 46
1655 1666 184
1658 1660 178
1667 1688 214
1692 1736 272
1696 1702 176
1721 1752 201
1750 1758 141
1767 1782 33
1782 1798 115
1810 1834 229
1826 1855 78
1852 1858 130
1877 1904 31
1882 1915 54
1901 1910 95
1902 1936 75
1920 1967 224
1929 1941 28
1950 2000 40
1971 1974 204
1992 2015 156
2017 2052 16
2045 2067 47
2068 2106 120
2071 2103 75
2078 2117 122
2088 2092 288
2095 2119 212
2112 2155 164
2126 2129 208
2139 2170 133
2167 2217 96
2168 2190 145
2187 2202 290
2200 2204 36
2203 2219 102
2206 2237 112
2216 2222 195
2229 2279 193
2243 2283 247
2251 2258 80
2278 2298 115
2301 2307 244
2314 2323 10
2318 2367 84
2332 2344 248
2352 2382 219
2366 2408 226
2389 2408 71
2397 2398 229
2416 2442 238
2434 2440 2
2447 2457 284
2453 2472 140
2478 2504 238
2478 2515 90
2485 2493 140
2490 2524 105
2507 2530 210
2527 2533 181
2548 2572 274
2550 2579 43
2567 2583 115
2583 2596 192
2609 2651 40
2633 2676 158
2663 2685 236
2675 2724 130
2700 2727 107
2725 2736 269
2743 2790 127
2745 2753 83
2760 2810 138
2774 2783 295
2785 2819 75
2793 2824 15
2806 2842 176
2819 2850 139
2825 2873 112
2833 2843 225
2859 2904 127
2878 2908 232
2901 2902 180
2923 2969 115
2939 2984 240
2943 2990 160
2952 2978 101
2972 2977 37
3001 3047 6
3006 3030 142
3025 3073 117
3036 3047 168
3040 3045 155
3045 3079 35
3054 3103 114
3065 3079 178
3093 3137 194
3093 3099 143
3100 3148 240
3118 3147 219
3140 3165 266
3157 3180 266
3187 3195 209
3208 3220 49
3234 3261 205
3257 3305 248
3267 3274 75
3293 3341 36
3308 3336 109
3333 3345 24
3340 3386 182
3351 3393 49
3367 3401 235
3374 3390 149
3401 3439 31
3422 3464 52
3446 3454 244
3473 3499 248
3476 3490 241
3481 3518 96
3485 3512 276
3496 3512 215
3502 3517 95
3529 3538 218
3556 3590 198
3559 3607 145
3585 3631 169
3596 3639 247
3620 3631 98
3640 3659 245
3646 3681 202
3672 3719 289
3675 3681 193
3690 3701 192
3711 3758 131
3719 3758 258
3737 3763 152
3737 3772 186
3744 3785 133
3747 3796 281
3763 3790 24
3765 3784 253
3782 3829 11
3812 3838 4
3813 3828 280
3840 3871 51
3849 3897 50
3878 3928 32
3901 3923 209
3921 3929 182
3925 3957 300
3926 3943 264
3956 4001 131
3973 3975 243
3984 4018 236
4011 4031 280
4030 4049 263
4033 4070 198
4045 4075 223
4056 4071 76
4077 4103 261
4086 4126 4
4114 4150 84
4123 4144 185
4150 4166 147
4157 4202 41
4157 4207 175
4173 4176 26
4193 4226 221
4218 4248 19
4235 4275 249
4239 4242 198
4255 4266 14
4261 4307 269
4272 4318 25
4287 4311 230
4299 4309 122
4303 4337 10
4324 4356 178
4329 4370 119
4357 4359 260
4361 4396 182
