300
12 36 141
35 63 223
58 79 259
86 89 297
106 135 197
131 169 85
160 203 161
161 196 264
190 240 66
197 202 164
199 234 232
207 247 53
229 267 280
246 291 274
266 310 16
270 300 119
277 295 31
284 285 257
286 330 250
307 356 116
336 346 123
361 389 101
367 389 287
383 393 66
384 425 259
393 434 197
420 460 113
424 448 56
439 469 91
465 483 284
492 523 253
513 514 6
519 533 2
545 564 192
554 585 80
558 594 22
576 580 113
600 648 241
603 647 68
606 631 81
609 617 156
638 674 279
661 703 165
668 700 211
680 695 141
694 708 228
711 725 219
738 777 13
746 755 123
749 796 38
760 776 117
783 788 223
786 800 113
805 817 171
818 820 162
846 866 205
860 904 17
880 922 161
895 943 54
924 928 281
949 986 41
972 1010 209
987 1029 238
1002 1028 19
1022 1032 119
1041 1057 30
1065 1079 293
1070 1094 50
1082 1113 69
1098 1102 4
1120 1144 50
1145 1194 190
1172 1189 28
1188 1208 262
1193 1228 71
1207 1236 179
1233 1266 211
1256 1287 156
1262 1276 109
1270 1299 40
1284 1325 188
1301 1308 269
1303 1337 293
1330 1345 91
1337 1374 137
1346 1376 226
1367 1371 75
1397 1444 259
1416 1459 143
1424 1426 54
1452 1460 89
1466 1475 127
1488 1492 280
1503 1516 162
1530 1556 279
1557 1563 81
1573 1606 146
1598 1599 18
1609 1632 21
1614 1639 171
1633 1682 72
1655 1683 239
1669 1717 62
1683 1687 42
1705 1738 181
1721 1750 27
1733 1734 47
1754 1769 217
1780 1807 96
1801 1847 195
1807 1834 120
1811 1824 17
1841 1888 241
1863 1865 5
1865 1867 106
1870 1888 257
1882 1911 209
1882 1913 219
1882 1885 140
1898 1928 8
1921 1927 153
1928 1935 80
1952 1956 55
1956 1957 6
1966 1993 278
1984 2010 217
2004 2048 125
2029 2069 90
2047 2054 188
2069 2089 252
2098 2121 242
2098 2127 243
2125 2154 205
2142 2172 31
2164 2203 232
2167 2211 160
2183 2189 37
2211 2233 207
2216 2263 233
2228 2273 1
2243 2271 178
2266 2293 194
2279 2297 53
2306 2331 181
2317 2320 188
2333 2351 47
2351 2364 264
2367 2394 245
2372 2398 300
2401 2417 222
2421 2448 207
2431 2448 143
2437 2446 210
2462 2479 214
2463 2478 269
2484 2489 76
2501 2505 155
2527 2540 215
2537 2558 172
2550 2585 192
2575 2577 260
2589 2637 93
2619 2626 70
2623 2641 18
2652 2658 126
2680 2717 3
2699 2733 58
2709 2756 45
2715 2718 162
2736 2750 73
2736 2777 19
2758 2769 37
2759 2809 193
2773 2817 179
2775 2798 210
2795 2836 34
2804 2824 294
2821 2834 16
2851 2878 143
2854 2890 256
2855 2876 231
2875 2892 299
2896 2912 249
2920 2929 259
2922 2944 164
2950 2963 77
2954 2980 251
2980 3005 125
3009 3020 192
3015 3048 212
3022 3028 135
3043 3089 153
3046 3054 246
3068 3115 168
3076 3109 171
3078 3126 298
3092 3114 286
3117 3167 94
3146 3155 226
3154 3170 97
3183 3221 134
3212 3227 53
3240 3242 42
3269 3317 293
3296 3326 272
3321 3350 115
3324 3325 193
3328 3366 96
3329 3347 14
3329 3346 73
3348 3369 206
3348 3358 118
3370 3401 260
3383 3387 130
3406 3441 159
3425 3460 51
3451 3462 291
3451 3471 155
3460 3467 194
3466 3491 122
3494 3527 19
3523 3559 198
3553 3586 127
3561 3598 221
3574 3604 66
3589 3611 17
3595 3615 245
3612 3636 207
3618 3655 139
3628 3651 291
3635 3680 45
3636 3652 20
3653 3696 121
3655 3700 38
3658 3686 25
3670 3672 285
3689 3698 53
3694 3708 201
3702 3713 179
3705 3735 78
3714 3738 164
3720 3764 3
3727 3758 30
3749 3785 176
3778 3824 70
3790 3832 105
3799 3822 139
3827 3873 49
3827 3848 214
3855 3879 148
3864 3904 164
3870 3888 192
3870 3882 84
3883 3909 87
3900 3939 203
3922 3967 255
3947 3983 11
3954 3969 134
3975 4000 16
3980 4020 211
3993 4040 97
4022 4060 10
4041 4087 281
4064 4068 245
4087 4093 106
4112 4144 287
4138 4171 99
4154 4173 43
4183 4211 89
4183 4190 192
4212 4238 223
4219 4245 8
4243 4258 32
4267 4309 87
4277 4322 188
4282 4331 51
4291 4308 90
4313 4337 176
4317 4355 39
4330 4380 74
4332 4349 276
4358 4367 46
4367 4392 189
4376 4410 261
4379 4428 83
4387 4414 165
4413 4438 277
4436 4467 227
4445 4478 48
4452 4474 22
4473 4515 17
4496 4543 90
4512 4520 24
4518 4561 291
4540 4568 242
4558 4578 107
4586 4614 259
4586 4623 30
4602 4641 123
4613 4644 228
