300
12 53 18
40 89 286
40 68 230
58 90 20
85 115 114
85 108 11
95 99 269
112 119 242
129 174 15
142 178 107
165 172 45
181 190 20
191 236 280
206 218 179
236 246 144
247 288 14
255 287 74
284 334 116
306 321 80
329 351 253
329 350 251
355 374 123
357 393 60
381 395 276
392 420 296
418 437 254
419 441 1
427 455 84
446 465 74
448 491 144
457 478 10
464 509 208
480 529 264
503 530 167
520 524 130
550 588 163
553 587 225
565 581 275
588 603 173
588 623 2
616 624 71
621 662 193
639 641 253
640 651 293
669 680 197
679 707 288
691 733 226
701 742 104
702 733 46
705 748 264
709 727 79
735 764 44
765 777 209
765 779 295
776 804 46
795 831 50
818 847 24
830 834 271
857 902 69
863 912 115
891 919 54
914 931 253
936 950 171
947 970 291
977 1007 218
1000 1006 51
1017 1049 72
1036 1042 120
1048 1056 266
1051 1053 95
1080 1117 165
1088 1134 272
1115 1133 124
1132 1163 92
1162 1184 90
1177 1195 137
1192 1227 286
1215 1242 15
1241 1288 241
1253 1303 286
1262 1311 8
1276 1299 71
1283 1293 166
1307 1332 271
1314 1352 4
1327 1356 126
1343 1355 168
1369 1391 298
1391 1394 198
1413 1463 220
1437 1484 269
1448 1465 151
1476 1493 38
1488 1496 34
1495 1525 69
1514 1552 93
1537 1582 109
1554 1559 27
1570 1582 58
1588 1626 87
1599 1635 41
1614 1621 176
1638 1666 85
1666 1703 66
1679 1717 154
1683 1721 219
1696 1737 270
1700 1739 218
1702 1703 139
1712 1729 135
1725 1759 15
1750 1775 152
1755 1790 143
1759 1790 110
1762 1795 187
1792 1836 129
1793 1799 292
1801 1813 195
1816 1855 147
1845 1849 233
1847 1849 117
1865 1868 156
1893 1920 64
1896 1927 201
1898 1921 209
1898 1900 242
1923 1960 162
1953 1982 220
1979 1982 39
1989 2039 42
2014 2057 107
2018 2063 33
2046 2074 196
2066 2096 72
2077 2112 197
2088 2124 29
2096 2124 142
2099 2100 197
2113 2157 67
2142 2149 136
2161 2176 70
2174 2179 46
2186 2210 26
2216 2247 166
2227 2252 124
2250 2298 229
2274 2314 47
2277 2283 271
2297 2298 89
2315 2329 142
2326 2350 178
2350 2354 39
2371 2388 191
2388 2431 153
2407 2426 198
2435 2437 116
2439 2440 79
2466 2494 126
2466 2472 255
2479 2496 72
2484 2498 195
2487 2504 217
2494 2507 166
2504 2515 134
2519 2556 27
2531 2546 260
2549 2585 107
2553 2567 187
2566 2612 59
2583 2625 179
2603 2605 269
2628 2678 83
2654 2661 65
2668 2704 201
2672 2715 79
2694 2722 196
2721 2751 287
2733 2736 122
2739 2776 274
2769 2798 166
2799 2841 238
2800 2833 71
2801 2808 194
2810 2833 79
2823 2833 187
2833 2858 38
2843 2874 250
2844 2882 75
2849 2857 147
2853 2883 1
2869 2907 93
2877 2901 270
2892 2940 234
2916 2936 241
2926 2950 18
2951 2997 299
2970 3011 13
2991 3008 65
3011 3013 294
3039 3080 279
3057 3072 179
3079 3122 86
3096 3102 217
3118 3144 279
3123 3150 116
3143 3151 218
3158 3169 74
3179 3228 214
3195 3204 258
3197 3232 248
3220 3238 261
3239 3275 9
3254 3302 242
3283 3318 264
3313 3337 223
3315 3359 21
3317 3337 59
3340 3376 241
3350 3355 127
3365 3406 68
3365 3390 119
3373 3374 86
3376 3389 271
3383 3402 207
3410 3420 265
3436 3474 160
3436 3450 242
3459 3479 297
3485 3490 40
3497 3537 112
3525 3569 24
3549 3593 264
3574 3583 151
3580 3592 58
3610 3646 113
3628 3630 195
3646 3648 19
3663 3706 39
3669 3704 268
3669 3717 281
3697 3739 132
3702 3720 210
3703 3726 4
3709 3717 147
3714 3734 250
3731 3758 249
3747 3750 166
3760 3778 4
3771 3804 183
3783 3830 128
3790 3810 197
3813 3819 159
3825 3861 249
3828 3835 149
3854 3863 123
3859 3885 241
3860 3904 200
3887 3924 196
3916 3950 211
3935 3962 282
3964 4010 75
3975 3993 145
3995 4020 262
4017 4020 92
4029 4069 21
4045 4068 12
4055 4096 31
4076 4077 88
4090 4128 284
4092 4121 235
4112 4153 133
4124 4154 26
4133 4148 156
4143 4152 164
4170 4196 40
4174 4208 43
4181 4184 31
4195 4214 94
4214 4248 200
4216 4253 292
4239 4276 274
4253 4268 205
4263 4273 134
4269 4283 108
4277 4295 104
4299 4304 6
4325 4336 61
4339 4341 180
4358 4371 155
4369 4407 36
4383 4425 167
4402 4450 80
4402 4417 70
4414 4426 270
4418 4434 150
4439 4456 179
4468 4491 52
4475 4479 194
4481 4521 39
4503 4508 249
