300
5 7 62
27 35 253
29 36 190
31 54 60
47 82 186
56 66 91
60 110 196
66 77 204
93 136 96
109 130 218
124 140 10
128 147 273
154 203 45
176 217 140
196 245 27
199 229 5
215 222 266
244 261 174
250 260 145
270 297 81
277 281 202
285 332 265
314 338 229
341 357 223
370 378 258
393 424 133
408 455 139
417 431 117
420 461 95
425 441 117
441 459 20
450 488 1
463 477 273
477 506 97
501 516 273
509 556 138
537 544 162
545 561 151
569 608 255
580 606 280
599 609 24
625 653 99
631 638 80
646 647 67
673 707 224
687 696 154
706 712 77
729 746 259
758 786 68
770 797 48
796 844 184
807 821 253
827 859 6
854 862 231
881 884 135
887 901 34
912 920 84
921 943 59
950 964 172
956 1006 238
981 1005 148
1001 1044 165
1010 1038 227
1021 1064 207
1043 1047 268
1045 1088 223
1064 1085 19
1090 1094 37
1090 1111 256
1113 1131 159
1118 1133 20
1121 1141 220
1123 1127 74
1136 1164 287
1140 1177 259
1145 1189 141
1149 1198 54
1172 1174 27
1176 1182 33
1192 1225 255
1222 1252 172
1248 1262 200
1269 1304 241
1281 1320 142
1298 1321 122
1317 1320 79
1346 1376 289
1366 1400 278
1396 1426 76
1403 1415 183
1403 1436 150
1416 1461 181
1440 1488 282
1467 1476 193
1467 1505 201
1489 1537 201
1508 1548 80
1523 1548 278
1539 1558 210
1544 1560 17
1557 1563 41
1565 1608 176
1586 1617 40
1589 1599 51
1606 1634 299
1608 1619 181
1622 1637 50
1650 1672 280
1662 1669 163
1687 1725 21
1700 1704 61
1713 1734 11
1714 1719 249
1718 1737 227
1747 1767 247
1773 1823 99
1788 1827 132
1810 1830 265
1826 1829 173
1848 1853 225
1855 1904 161
1882 1892 106
1895 1928 242
1921 1947 64
1938 1949 55
1945 1955 273
1947 1980 283
1968 1995 261
1986 2003 34
2005 2042 294
2013 2039 262
2040 2055 120
2066 2089 293
2086 2114 256
2110 2119 290
2110 2147 270
2113 2146 84
2130 2171 1
2141 2156 242
2143 2144 215
2161 2199 174
2165 2178 84
2189 2192 124
2214 2251 23
2231 2278 82
2240 2289 120
2255 2294 24
2260 2263 205
2281 2321 154
2289 2337 276
2304 2351 86
2326 2372 229
2334 2382 275
2337 2351 164
2349 2398 238
2359 2373 224
2385 2395 265
2395 2404 146
2395 2435 102
2395 2396 6
2396 2404 237
2424 2430 159
2435 2439 246
2463 2488 162
2487 2492 33
2510 2544 59
2523 2565 126
2525 2539 150
2550 2590 116
2567 2596 245
2590 2606 184
2607 2636 26
2611 2623 135
2635 2645 58
2642 2670 231
2648 2656 33
2657 2692 239
2657 2668 91
2662 2712 249
2664 2667 130
2671 2708 29
2680 2704 83
2680 2685 122
2704 2716 54
2726 2764 220
2727 2774 191
2727 2750 299
2733 2772 133
2742 2757 265
2770 2805 100
2794 2840 87
2816 2864 111
2842 2857 57
2865 2887 174
2867 2917 7
2876 2923 73
2876 2897 162
2882 2896 55
2884 2896 69
2890 2896 92
2903 2947 233
2931 2938 47
2943 2990 271
2953 3001 203
2971 2997 223
2983 3008 153
3011 3041 169
3024 3048 138
3054 3087 77
3083 3095 98
3113 3129 168
3122 3124 263
3124 3131 31
3138 3146 117
3164 3185 107
3186 3230 117
3193 3239 8
3214 3240 104
3233 3242 98
3233 3252 37
3240 3283 47
3253 3286 78
3269 3274 84
3297 3335 231
3297 3331 124
3304 3329 36
3322 3367 70
3340 3373 20
3359 3368 26
3384 3405 26
3384 3389 101
3407 3430 272
3408 3413 65
3425 3451 115
3428 3450 150
3447 3466 162
3459 3507 80
3488 3517 75
3494 3508 157
3515 3541 187
3518 3550 42
3526 3535 235
3540 3586 259
3545 3587 207
3573 3617 34
3579 3615 249
3583 3622 102
3604 3648 25
3607 3656 51
3609 3610 285
3624 3662 117
3646 3670 128
3656 3676 184
3680 3717 246
3693 3707 175
3716 3742 190
3727 3759 54
3753 3757 152
3779 3794 140
3787 3818 115
3810 3829 8
3817 3851 172
3837 3848 151
3852 3870 201
3876 3889 284
3885 3912 86
3906 3924 220
3931 3960 10
3958 3967 263
3961 3975 90
3985 4032 187
4004 4022 214
4005 4033 207
4005 4029 121
4019 4067 70
4029 4051 133
4045 4068 19
4050 4062 232
4050 4095 237
4054 4077 254
4065 4085 272
4091 4110 236
4117 4137 5
4118 4157 266
4131 4176 127
4141 4159 244
4164 4184 172
4178 4186 208
4208 4237 90
4229 4257 25
4252 4300 60
4274 4286 187
4303 4346 76
4331 4356 71
4345 4391 33
4351 4373 182
4363 4390 278
4390 4425 53
4404 4425 188
4422 4426 83
