300
14 33 268
29 30 32
47 51 259
54 101 228
74 111 256
87 97 238
90 126 41
93 107 288
99 140 55
120 136 195
141 152 131
142 175 114
161 207 108
174 175 191
203 210 38
227 277 157
244 255 6
267 283 14
294 342 245
311 348 9
341 359 227
350 391 232
355 363 233
376 401 20
398 436 225
427 450 80
431 449 83
452 460 139
459 479 173
466 503 7
471 521 208
489 505 122
514 559 90
542 556 28
552 575 284
564 581 134
579 621 29
587 597 187
610 654 256
631 640 202
658 699 199
671 706 104
700 715 197
722 749 200
741 746 120
751 769 289
765 787 65
773 818 246
792 793 190
803 851 5
807 846 35
816 827 154
825 867 118
835 847 258
846 851 56
861 882 91
883 916 126
894 943 254
915 965 100
943 960 107
967 999 271
983 991 211
983 991 103
991 1024 48
1015 1028 77
1037 1066 240
1048 1050 211
1065 1092 101
1085 1112 257
1101 1103 68
1116 1127 255
1130 1168 250
1139 1169 210
1148 1152 248
1173 1212 200
1175 1194 274
1177 1194 208
1194 1201 262
1220 1229 67
1225 1242 175
1231 1244 165
1245 1255 256
1274 1295 235
1276 1282 225
1298 1316 206
1300 1315 88
1301 1347 210
1319 1335 230
1327 1365 208
1329 1364 28
1358 1395 284
1363 1365 143
1372 1379 97
1374 1397 156
1386 1432 16
1397 1414 132
1424 1447 112
1434 1466 39
1450 1488 42
1457 1475 215
1464 1492 38
1477 1513 142
1502 1511 164
1514 1535 61
1540 1571 99
1547 1572 57
1549 1598 285
1568 1589 69
1573 1594 150
1590 1603 104
1596 1614 202
1603 1641 158
1612 1627 248
1621 1633 48
1637 1679 22
1640 1683 145
1662 1683 35
1687 1717 208
1713 1750 27
1731 1776 19
1732 1782 98
1735 1785 161
1754 1778 229
1754 1795 202
1758 1769 61
1767 1808 46
1792 1840 214
1802 1809 170
1810 1860 166
1834 1875 269
1842 1857 266
1853 1881 110
1883 1925 106
1884 1893 34
1893 1900 191
1914 1916 125
1922 1961 30
1947 1973 193
1953 1982 142
1958 2004 157
1960 1970 179
1963 1971 4
1974 1984 254
1980 2025 77
1980 2006 4
1999 2011 179
2019 2032 49
2025 2026 181
2027 2036 244
2056 2077 125
2057 2080 219
2066 2070 75
2088 2110 238
2097 2121 14
2113 2158 277
2142 2178 21
2151 2161 92
2160 2209 299
2181 2199 121
2182 2219 221
2202 2243 71
2231 2250 151
2257 2288 136
2282 2309 134
2283 2312 256
2303 2347 221
2322 2357 98
2344 2346 13
2367 2381 167
2370 2411 155
2383 2413 173
2409 2418 286
2409 2438 262
2429 2472 203
2433 2451 61
2461 2510 124
2481 2498 142
2511 2530 136
2531 2534 237
2549 2556 30
2576 2598 160
2583 2605 68
2600 2617 191
2602 2613 114
2626 2672 216
2635 2663 221
2656 2669 70
2663 2706 222
2673 2713 119
2686 2724 297
2695 2736 283
2707 2757 127
2725 2772 31
2737 2778 88
2760 2802 78
2765 2802 127
2788 2802 253
2793 2823 292
2811 2849 24
2825 2827 55
2847 2879 44
2875 2894 204
2881 2931 289
2905 2954 120
2913 2921 200
2942 2979 219
2961 2999 125
2989 3003 36
3017 3020 19
3031 3053 93
3038 3087 33
3051 3077 189
3058 3063 89
3077 3089 158
3086 3126 248
3110 3145 246
3118 3168 234
3120 3164 286
3129 3130 5
3130 3137 289
3130 3133 2
3143 3177 11
3168 3198 11
3197 3242 9
3221 3269 148
3237 3258 248
3266 3272 39
3295 3322 198
3323 3328 163
3334 3363 207
3337 3361 73
3339 3354 17
3369 3371 151
3393 3397 70
3417 3457 140
3426 3471 129
3438 3471 83
3452 3478 271
3456 3482 256
3484 3510 57
3513 3541 12
3536 3568 137
3544 3587 142
3567 3608 42
3569 3587 97
3585 3610 111
3605 3638 297
3635 3665 209
3651 3662 16
3678 3682 72
3697 3713 106
3702 3722 104
3715 3727 157
3715 3759 28
3735 3774 184
3764 3786 55
3771 3799 251
3783 3788 236
3786 3815 119
3795 3804 61
3797 3810 216
3811 3815 129
3838 3859 259
3840 3843 67
3869 3903 219
3885 3928 138
3887 3928 294
3902 3948 194
3906 3919 119
3907 3953 290
3917 3953 129
3923 3972 282
3946 3962 111
3965 4003 258
3971 3986 101
3981 4010 215
4008 4032 21
4019 4040 156
4036 4039 144
4061 4104 177
4063 4081 202
4079 4086 208
4090 4117 25
4105 4155 34
4115 4117 272
4139 4148 56
4165 4187 258
4168 4189 53
4179 4198 52
4198 4221 26
4224 4254 140
4238 4261 135
4242 4270 41
4242 4249 189
4247 4277 80
4276 4326 281
4300 4339 255
4305 4331 182
4321 4368 35
4321 4350 272
