300
14 57 24
29 77 269
45 47 256
74 109 12
104 118 7
125 143 132
153 190 290
178 224 260
204 207 85
206 207 97
212 213 159
227 258 145
252 288 45
258 286 118
274 277 136
298 345 200
316 331 224
317 361 283
321 365 92
331 355 240
332 350 21
339 355 226
344 387 299
367 397 279
391 393 174
395 427 190
403 410 293
411 420 82
421 465 110
444 465 235
462 482 49
491 539 86
495 536 179
507 538 95
531 551 69
550 589 299
579 617 272
580 598 90
606 655 207
627 676 283
648 649 85
657 680 110
663 697 32
683 693 261
699 743 182
716 720 155
737 740 13
745 746 162
764 810 150
790 801 138
820 867 135
839 854 28
850 852 204
858 868 190
881 921 189
889 925 19
912 959 157
934 968 296
942 955 190
961 1004 272
978 998 95
981 1013 56
987 1016 46
994 1026 251
1006 1039 211
1022 1045 96
1042 1068 14
1066 1103 200
1090 1103 156
1101 1147 40
1103 1150 125
1106 1138 247
1112 1151 53
1114 1138 209
1133 1169 83
1136 1154 59
1154 1183 233
1158 1183 230
1163 1206 117
1192 1242 65
1210 1246 68
1211 1261 260
1234 1282 184
1243 1281 280
1248 1266 9
1274 1297 159
1302 1324 130
1315 1347 216
1327 1335 81
1353 1390 75
1354 1384 168
1357 1373 140
1374 1381 247
1385 1401 42
1389 1392 180
1418 1461 252
1429 1466 119
1437 1447 161
1446 1482 274
1455 1489 72
1456 1500 7
1457 1506 55
1466 1478 215
1476 1513 65
1504 1520 76
1505 1552 185
1508 1534 200
1534 1542 274
1554 1587 106
1582 1617 193
1604 1638 219
1613 1634 105
1640 1681 11
1657 1698 280
1667 1698 164
1691 1731 291
1720 1757 147
1734 1754 282
1755 1768 299
1767 1780 156
1778 1803 1
1779 1811 299
1782 1826 20
1788 1833 16
1801 1825 213
1823 1868 157
1842 1880 239
1843 1872 241
1864 1872 91
1877 1927 196
1883 1906 14
1890 1909 61
1901 1904 288
1927 1974 160
1948 1994 21
1970 2015 16
1977 1988 99
2006 2014 110
2012 2028 175
2022 2042 250
2041 2060 145
2046 2080 246
2075 2097 220
2080 2129 51
2105 2117 236
2116 2164 239
2142 2177 3
2162 2194 251
2171 2181 198
2201 2226 49
2230 2232 171
2259 2303 48
2270 2304 235
2272 2274 105
2290 2308 119
2304 2338 31
2327 2341 78
2341 2386 38
2343 2383 135
2352 2353 116
2369 2401 60
2371 2379 246
2392 2438 54
2400 2439 107
2401 2421 168
2420 2441 60
2434 2439 216
2448 2480 277
2466 2499 113
2471 2509 48
2495 2532 19
2504 2546 107
2504 2533 278
2524 2574 97
2547 2595 81
2573 2594 166
2579 2589 248
2603 2644 18
2615 2646 1
2638 2681 50
2661 2694 98
2666 2696 263
2692 2721 49
2715 2763 175
2734 2739 107
2763 2787 296
2776 2813 29
2787 2820 89
2798 2803 155
2828 2841 161
2829 2869 289
2836 2871 113
2854 2904 38
2869 2888 72
2886 2922 43
2891 2907 24
2901 2936 265
2919 2947 163
2932 2962 92
2952 2961 128
2964 3011 251
2980 2992 282
2980 3026 42
3008 3043 97
3016 3029 105
3026 3075 101
3053 3080 70
3079 3125 190
3081 3119 213
3091 3115 45
3110 3151 134
3122 3149 261
3139 3142 16
3145 3177 33
3163 3183 132
3172 3198 53
3197 3241 161
3211 3243 6
3215 3236 83
3225 3242 77
3232 3238 87
3256 3283 57
3277 3326 116
3301 3334 238
3322 3370 197
3346 3366 68
3354 3365 6
3378 3413 159
3405 3413 79
3416 3418 169
3418 3460 239
3432 3474 14
3436 3437 79
3444 3445 82
3462 3471 86
3488 3496 28
3503 3515 40
3519 3522 232
3528 3574 253
3551 3576 204
3571 3576 189
3574 3578 217
3599 3603 37
3612 3646 277
3631 3649 49
3642 3661 294
3661 3711 155
3671 3718 31
3683 3696 47
3693 3703 110
3715 3763 280
3726 3751 148
3728 3743 44
3757 3799 287
3785 3826 56
3805 3814 265
3824 3857 257
3843 3878 160
3867 3911 37
3875 3898 109
3881 3892 27
3886 3925 139
3893 3933 178
3918 3922 26
3948 3964 241
3971 4002 235
4000 4010 5
4018 4068 139
4036 4043 256
4057 4103 69
4080 4116 10
4100 4131 81
4104 4147 118
4107 4134 93
4134 4136 141
4160 4167 283
4170 4213 1
4173 4196 53
4202 4245 249
4224 4269 32
4230 4260 233
4252 4287 294
4282 4284 161
4291 4314 27
4317 4331 30
4330 4339 23
4351 4384 257
4353 4382 84
4360 4377 102
4363 4412 90
4384 4422 131
4411 4433 78
4438 4468 192
4445 4482 221
4471 4487 176
4494 4539 156
4522 4528 23
4547 4549 225
4555 4569 121
4559 4596 5
