300
21 68 24
38 48 240
59 103 91
84 106 46
114 144 40
135 168 275
136 158 188
139 172 158
166 173 140
166 196 194
175 207 24
202 215 34
210 215 81
228 273 226
246 247 92
273 277 278
277 299 73
296 298 38
316 365 20
333 336 92
352 376 255
367 375 171
390 428 69
417 465 8
434 453 199
458 474 294
473 477 68
490 501 72
505 550 231
520 560 283
544 583 175
551 578 240
563 572 196
587 608 176
600 627 296
613 663 165
642 667 271
661 693 8
690 729 214
714 757 159
742 767 150
755 801 225
780 799 128
804 844 233
816 860 208
842 868 279
868 874 56
881 922 246
901 947 129
920 926 26
928 974 125
934 954 177
961 971 159
965 981 117
975 1014 22
999 1020 274
1027 1053 80
1053 1064 206
1053 1060 165
1072 1084 3
1074 1117 144
1083 1096 275
1106 1141 283
1129 1149 16
1133 1183 186
1143 1151 28
1153 1179 153
1154 1167 1
1162 1212 72
1163 1179 144
1164 1172 142
1164 1168 81
1184 1186 130
1202 1238 44
1216 1231 262
1217 1242 11
1222 1244 159
1231 1238 174
1251 1283 54
1252 1294 93
1281 1282 179
1306 1325 291
1321 1360 257
1338 1379 67
1358 1369 160
1380 1429 119
1409 1417 221
1417 1459 55
1422 1437 156
1450 1478 225
1452 1473 227
1454 1462 208
1484 1497 274
1494 1518 10
1494 1540 293
1519 1534 223
1528 1539 3
1535 1565 149
1537 1565 51
1552 1593 15
1559 1583 221
1565 1580 45
1594 1619 23
1602 1637 237
1623 1649 80
1644 1664 40
1644 1654 247
1668 1711 165
1672 1706 285
1689 1690 249
1695 1716 51
1721 1734 170
1749 1776 10
1773 1777 203
1775 1787 140
1801 1811 167
1818 1848 300
1833 1868 124
1840 1887 117
1844 1849 117
1857 1893 1
1885 1890 269
1908 1920 6
1922 1960 41
1947 1997 133
1962 1974 229
1963 2002 210
1978 2023 295
1980 2028 190
1985 1998 153
1996 2002 42
2025 2042 289
2044 2056 226
2055 2079 131
2075 2098 163
2091 2138 27
2094 2107 265
2097 2136 197
2118 2124 129
2139 2152 224
2144 2186 150
2171 2189 127
2193 2217 33
2215 2238 254
2217 2243 57
2222 2240 120
2230 2267 136
2248 2276 185
2269 2306 80
2281 2294 274
2311 2360 100
2321 2367 178
2334 2369 122
2343 2367 95
2360 2397 71
2380 2399 273
2407 2449 285
2430 2444 57
2439 2440 211
2465 2493 63
2481 2522 79
2486 2535 238
2509 2556 88
2527 2573 228
2541 2589 282
2558 2602 106
2575 2584 35
2582 2604 71
2604 2636 194
2612 2661 27
2625 2632 286
2640 2648 27
2653 2686 154
2667 2700 24
2681 2694 184
2707 2720 130
2727 2770 75
2747 2782 211
2766 2795 35
2791 2833 133
2805 2822 247
2834 2844 280
2843 2874 44
2846 2864 88
2874 2920 35
2887 2910 300
2889 2923 43
2893 2911 144
2907 2913 92
2917 2934 106
2941 2944 41
2955 2986 211
2962 2973 280
2965 2995 284
2979 3010 163
2985 2994 82
3006 3036 49
3032 3054 232
3047 3059 277
3064 3101 236
3076 3082 152
3083 3116 275
3091 3130 27
3115 3138 162
3129 3136 163
3156 3195 13
3160 3192 294
3183 3197 101
3185 3233 109
3197 3235 252
3218 3221 142
3230 3236 129
3249 3258 42
3263 3298 118
3281 3284 294
3285 3290 143
3288 3299 108
3304 3319 118
3330 3372 113
3343 3355 189
3370 3387 115
3395 3436 75
3399 3427 276
3407 3436 7
3427 3433 63
3446 3488 100
3452 3460 297
3453 3472 260
3470 3507 255
3491 3515 9
3516 3533 134
3528 3535 78
3533 3572 207
3545 3586 218
3572 3594 236
3595 3624 103
3605 3645 268
3609 3626 75
3622 3624 264
3646 3664 13
3664 3686 248
3673 3678 68
3674 3681 157
3695 3737 102
3719 3723 283
3738 3760 130
3745 3761 266
3746 3796 71
3765 3814 9
3774 3809 9
3801 3812 285
3825 3844 15
3826 3829 67
3839 3840 176
3841 3874 228
3864 3876 287
3883 3897 36
3905 3947 229
3920 3952 265
3946 3987 40
3952 3970 288
3956 3986 280
3979 3988 95
3984 4030 62
3997 4015 256
4001 4008 254
4022 4068 179
4023 4025 126
4033 4068 44
4040 4049 216
4044 4052 253
4072 4074 248
4095 4124 261
4098 4118 132
4098 4112 97
4102 4139 48
4111 4156 159
4135 4170 17
4162 4183 264
4177 4203 201
4192 4238 249
4197 4208 137
4206 4222 5
4226 4248 201
4240 4259 90
4243 4278 228
4267 4315 256
4276 4315 289
4300 4325 13
4301 4337 116
4323 4373 155
4350 4400 23
4373 4405 149
4374 4385 195
4375 4410 33
4401 4423 279
4405 4430 282
4410 4429 113
4410 4440 260
4421 4432 266
