300
23 71 203
31 52 151
44 78 300
52 95 184
77 113 121
90 95 57
96 112 156
103 115 265
130 159 181
150 175 103
152 195 211
178 204 140
199 235 135
208 223 161
231 247 190
247 271 68
257 295 233
259 289 85
270 290 231
283 311 299
308 310 144
332 336 212
339 353 18
362 407 7
382 427 184
399 437 283
401 439 252
402 418 270
416 421 257
429 478 146
429 477 235
450 460 31
466 482 277
471 485 138
500 532 18
514 537 66
543 585 39
569 600 140
570 577 269
588 608 147
592 595 228
610 625 233
634 658 233
656 658 6
668 670 2
674 676 208
691 722 65
692 721 10
695 710 110
695 736 67
713 732 98
716 742 211
738 741 107
756 794 275
757 766 84
787 821 281
797 812 101
813 848 2
831 848 299
848 894 89
872 915 68
882 897 260
901 936 30
912 957 226
919 931 15
938 976 157
949 963 171
952 972 63
977 1010 27
1005 1031 181
1032 1076 18
1062 1107 13
1084 1134 145
1108 1131 269
1126 1157 49
1144 1164 212
1170 1219 88
1185 1195 49
1195 1227 64
1196 1197 100
1224 1240 125
1236 1265 189
1252 1297 150
1265 1304 161
1276 1303 143
1279 1304 141
1301 1333 276
1323 1364 240
1348 1359 279
1371 1399 162
1394 1425 179
1398 1445 39
1419 1443 127
1429 1462 111
1444 1478 158
1464 1485 249
1477 1496 111
1489 1518 90
1497 1499 270
1512 1536 54
1523 1535 243
1524 1538 57
1546 1557 124
1570 1571 249
1586 1603 90
1596 1605 100
1603 1618 251
1628 1632 82
1644 1682 198
1670 1674 110
1683 1703 244
1694 1743 269
1717 1733 170
1747 1797 86
1775 1779 171
1802 1816 113
1820 1857 82
1850 1868 133
1865 1902 163
1873 1894 168
1896 1935 215
1909 1951 134
1933 1941 242
1950 1960 220
1976 2017 50
1979 1998 230
1986 1991 45
2009 2044 109
2035 2085 169
2046 2082 222
2059 2077 276
2061 2074 98
2087 2114 42
2104 2144 225
2120 2136 211
2130 2151 244
2153 2154 28
2179 2180 193
2199 2203 223
2226 2264 218
2239 2277 64
2251 2258 35
2270 2274 162
2273 2321 234
2285 2330 56
2305 2319 104
2307 2357 55
2324 2362 165
2339 2347 129
2350 2352 64
2355 2388 141
2362 2370 110
2368 2418 46
2395 2427 171
2415 2442 52
2433 2452 153
2460 2479 69
2486 2503 75
2511 2560 20
2528 2552 272
2532 2556 29
2541 2545 3
2569 2580 207
2599 2608 173
2602 2652 219
2620 2641 50
2636 2645 276
2656 2679 7
2662 2694 40
2670 2688 194
2691 2706 177
2703 2739 99
2733 2744 90
2760 2782 272
2787 2818 114
2800 2842 160
2824 2837 206
2835 2859 219
2855 2860 63
2858 2897 133
2874 2919 199
2900 2932 121
2908 2915 8
2927 2953 138
2946 2976 79
2952 2995 236
2977 3006 264
2997 3046 91
3012 3039 223
3038 3078 281
3063 3096 60
3075 3100 2
3089 3099 175
3098 3137 14
3098 3104 49
3124 3167 1
3151 3181 39
3178 3219 194
3183 3219 102
3196 3241 78
3205 3216 162
3220 3222 266
3241 3249 286
3252 3257 219
3263 3310 145
3293 3320 177
3322 3372 114
3324 3346 75
3350 3361 66
3370 3414 76
3377 3412 166
3400 3439 216
3408 3444 181
3430 3447 265
3440 3475 64
3449 3484 275
3477 3524 208
3495 3541 31
3507 3517 3
3532 3577 61
3545 3562 273
3567 3571 61
3583 3619 105
3605 3631 291
3620 3658 48
3628 3678 180
3633 3655 187
3651 3688 90
3681 3708 95
3701 3721 298
3720 3766 263
3750 3767 144
3773 3777 223
3781 3828 64
3786 3823 294
3790 3819 220
3799 3821 1
3806 3856 178
3823 3864 19
3849 3865 291
3859 3903 194
3879 3917 15
3879 3891 187
3908 3958 139
3915 3927 30
3916 3951 75
3940 3977 242
3948 3994 161
3955 4000 143
3981 4009 183
3996 4035 28
4012 4027 295
4016 4030 134
4040 4056 284
4056 4093 17
4074 4099 247
4086 4113 171
4094 4127 168
4102 4140 293
4125 4129 222
4146 4193 230
4169 4181 68
4180 4192 278
4197 4236 195
4213 4237 85
4213 4254 224
4229 4240 55
4231 4267 65
4261 4273 15
4266 4278 25
4269 4318 224
4278 4295 288
4290 4314 95
4294 4334 45
4317 4345 204
4347 4394 157
4376 4408 232
4397 4423 12
4417 4442 3
4434 4461 205
4458 4506 55
4483 4488 142
4510 4511 79
4513 4539 117
4516 4542 148
4542 4549 232
4547 4558 165
4568 4601 127
4578 4627 102
4598 4610 273
4620 4666 43
4630 4638 4
4649 4655 230
4661 4665 119
4664 4668 104
4665 4672 115
4683 4708 153
4689 4714 300
4697 4736 121
4711 4716 281
