300
19 65 228
29 69 210
43 92 279
57 87 50
61 89 215
63 98 18
70 105 186
75 112 146
103 121 92
117 123 42
119 157 278
134 142 167
143 144 18
165 171 219
178 215 201
196 245 18
208 209 179
215 250 163
239 248 8
252 279 291
282 312 211
312 319 246
331 350 26
356 357 172
369 417 295
398 440 39
409 410 75
414 421 174
419 455 37
438 460 153
441 453 84
464 482 98
484 516 8
494 531 93
513 517 299
528 565 214
546 595 235
548 598 69
558 569 186
562 571 198
579 612 114
587 602 215
601 628 169
610 654 79
621 623 99
645 691 40
668 670 69
692 708 122
704 718 272
722 736 126
751 754 203
762 800 53
778 813 150
802 826 248
829 871 292
837 872 151
867 889 78
897 930 64
923 969 98
952 968 180
968 989 246
998 1042 54
1026 1027 204
1050 1079 156
1072 1074 192
1084 1127 260
1110 1142 144
1111 1139 169
1136 1144 34
1148 1198 292
1165 1201 221
1184 1185 238
1214 1216 75
1218 1267 220
1246 1280 66
1252 1277 235
1282 1292 147
1301 1347 293
1321 1366 246
1348 1398 124
1361 1375 20
1379 1422 278
1384 1420 200
1396 1421 199
1405 1418 232
1424 1446 18
1442 1453 26
1470 1512 191
1481 1519 219
1492 1496 40
1510 1528 69
1510 1544 198
1530 1561 139
1530 1574 25
1547 1559 67
1563 1568 229
1565 1567 135
1578 1586 119
1578 1581 84
1603 1614 94
1611 1633 65
1620 1630 180
1640 1669 179
1666 1693 102
1692 1728 268
1709 1724 227
1737 1744 53
1740 1746 85
1769 1805 170
1771 1810 23
1783 1787 67
1801 1821 199
1817 1841 161
1822 1868 285
1834 1858 207
1845 1849 111
1847 1874 248
1871 1911 48
1895 1910 28
1909 1945 23
1914 1929 264
1933 1962 273
1943 1945 139
1961 1962 228
1982 1987 170
1982 2006 279
2003 2037 129
2028 2072 254
2054 2101 226
2074 2088 249
2100 2125 265
2112 2139 3
2121 2145 228
2125 2147 89
2145 2152 63
2163 2194 49
2171 2213 89
2184 2213 240
2212 2260 257
2236 2262 214
2239 2272 107
2249 2299 249
2278 2292 298
2301 2327 157
2320 2321 189
2326 2348 105
2327 2371 131
2333 2371 222
2353 2354 188
2377 2405 214
2404 2432 137
2411 2434 89
2429 2446 260
2454 2458 232
2463 2492 246
2473 2488 293
2495 2500 233
2498 2528 93
2523 2549 270
2539 2580 230
2551 2591 185
2555 2572 249
2571 2577 23
2589 2600 171
2610 2654 181
2638 2677 165
2655 2704 100
2666 2667 11
2668 2685 127
2675 2707 117
2692 2723 111
2697 2714 179
2711 2733 161
2726 2758 140
2754 2789 224
2774 2792 27
2794 2817 65
2808 2833 75
2810 2837 190
2818 2831 154
2824 2841 138
2829 2835 128
2852 2874 229
2863 2897 273
2891 2913 160
2895 2935 118
2917 2959 143
2929 2942 198
2935 2950 266
2936 2946 101
2951 2987 141
2979 3022 95
2998 3021 175
3015 3058 228
3017 3053 181
3041 3047 229
3063 3078 160
3072 3077 253
3083 3115 16
3101 3139 247
3103 3119 118
3126 3176 155
3136 3162 278
3140 3144 218
3153 3202 191
3179 3187 140
3197 3223 219
3198 3217 200
3205 3225 55
3211 3221 20
3232 3250 80
3247 3262 50
3255 3270 162
3273 3279 143
3281 3307 290
3299 3300 1
3303 3310 247
3323 3354 78
3335 3340 33
3344 3385 9
3350 3387 294
3365 3368 147
3371 3399 184
3384 3402 124
3410 3440 180
3410 3414 86
3428 3444 298
3457 3461 252
3466 3501 155
3494 3531 89
3509 3529 235
3529 3540 98
3533 3563 76
3547 3589 236
3565 3612 84
3590 3623 212
3615 3655 12
3642 3653 186
3652 3663 32
3660 3664 146
3680 3699 277
3685 3718 241
3696 3714 294
3711 3740 140
3733 3771 141
3744 3752 19
3770 3813 60
3800 3828 19
3802 3830 104
3824 3849 5
3842 3872 135
3847 3884 51
3869 3876 41
3883 3922 16
3902 3941 205
3914 3950 123
3940 3950 38
3964 3970 174
3994 4016 56
3999 4019 296
4019 4059 220
4028 4032 39
4051 4075 137
4076 4095 102
4084 4124 267
4100 4102 123
4122 4127 201
4125 4161 280
4131 4165 204
4156 4186 57
4176 4225 51
4203 4223 2
4232 4259 88
4245 4290 144
4254 4296 189
4267 4288 287
4272 4291 137
4298 4328 112
4322 4370 225
4334 4347 30
4345 4351 105
4368 4417 183
4397 4418 294
4409 4419 133
4418 4464 50
4447 4483 264
4451 4456 124
4471 4479 80
4480 4521 65
4497 4526 26
4498 4528 131
4519 4555 91
4521 4567 189
4523 4560 111
4544 4572 186
4546 4594 273
4551 4587 56
4572 4585 185
4573 4615 92
4590 4592 41
