300
23 27 118
23 38 167
50 55 94
73 78 12
98 137 237
104 105 16
123 127 292
143 176 134
148 183 212
153 161 285
167 216 11
182 214 21
209 245 67
218 235 147
232 240 250
256 257 264
277 315 297
293 341 95
323 339 282
332 333 125
342 383 237
369 381 241
371 392 252
382 407 237
407 415 4
434 446 204
462 486 299
478 488 71
498 539 204
526 550 265
532 546 241
560 565 205
579 615 138
596 637 130
603 630 231
628 629 166
644 684 151
659 690 250
662 707 258
670 689 227
700 724 168
730 748 258
731 751 224
760 775 254
770 792 186
792 797 244
806 831 127
824 844 236
829 849 176
847 874 232
851 877 148
873 916 213
902 932 124
915 961 296
920 969 87
942 961 192
971 986 272
980 1003 13
981 1017 32
1002 1034 96
1018 1035 106
1031 1077 156
1044 1059 48
1049 1089 206
1060 1074 70
1071 1109 151
1084 1108 230
1113 1120 86
1140 1172 165
1163 1195 78
1174 1180 191
1187 1222 289
1208 1229 198
1224 1273 230
1232 1248 285
1232 1246 158
1259 1279 244
1261 1306 48
1271 1278 140
1277 1313 90
1282 1329 210
1297 1310 195
1307 1335 207
1309 1338 94
1338 1339 218
1349 1390 244
1352 1372 210
1374 1386 205
1378 1379 107
1383 1389 183
1413 1460 140
1433 1451 58
1445 1490 114
1469 1485 47
1474 1508 2
1503 1530 178
1530 1568 102
1553 1595 172
1563 1575 222
1568 1608 211
1593 1613 146
1594 1619 215
1602 1611 106
1619 1623 250
1619 1630 142
1635 1656 121
1640 1643 79
1647 1658 178
1653 1675 33
1667 1694 249
1690 1693 78
1691 1725 103
1703 1725 115
1723 1732 29
1727 1763 208
1727 1758 19
1753 1801 64
1758 1788 35
1781 1790 2
1807 1829 225
1821 1827 271
1840 1881 223
1848 1877 23
1859 1900 249
1888 1908 214
1902 1908 137
1909 1958 229
1926 1933 15
1932 1937 58
1934 1954 60
1956 1973 12
1979 2028 231
1998 2002 232
2025 2075 27
2044 2050 144
2061 2080 101
2061 2109 219
2090 2112 81
2093 2121 140
2094 2116 30
2094 2104 173
2098 2107 67
2112 2155 149
2117 2143 86
2139 2175 40
2167 2197 84
2197 2224 237
2197 2200 152
2203 2222 153
2209 2240 75
2239 2284 201
2243 2274 34
2272 2313 245
2273 2275 14
2301 2351 109
2331 2356 234
2358 2368 195
2368 2378 108
2375 2421 176
2381 2409 235
2384 2396 145
2393 2415 18
2419 2462 271
2439 2484 279
2440 2480 157
2457 2481 42
2484 2508 170
2505 2550 56
2521 2560 141
2534 2555 59
2538 2562 99
2544 2583 181
2554 2569 76
2571 2577 272
2578 2586 30
2583 2612 168
2611 2636 80
2640 2643 162
2664 2701 126
2694 2726 136
2722 2762 159
2740 2764 199
2751 2771 90
2752 2755 61
2765 2812 198
2769 2788 197
2783 2817 68
2807 2839 193
2823 2833 45
2827 2841 28
2855 2892 56
2867 2870 81
2889 2907 71
2915 2932 24
2917 2936 274
2937 2981 268
2956 2990 257
2982 2990 206
2992 3002 117
3008 3011 281
3019 3026 154
3047 3059 218
3072 3076 104
3087 3094 95
3112 3157 256
3142 3187 120
3151 3183 190
3173 3201 86
3177 3207 126
3190 3235 24
3196 3227 254
3205 3233 203
3220 3237 160
3222 3224 47
3227 3258 12
3240 3284 218
3265 3269 139
3285 3327 76
3308 3354 12
3329 3371 139
3332 3359 61
3350 3396 234
3352 3394 253
3356 3381 132
3377 3401 63
3377 3398 40
3384 3425 287
3409 3450 26
3413 3450 247
3413 3460 184
3429 3453 286
3449 3496 64
3451 3459 170
3475 3518 33
3489 3509 218
3501 3532 102
3514 3524 136
3535 3552 253
3551 3580 289
3562 3565 205
3584 3589 131
3596 3644 11
3619 3623 46
3626 3636 244
3643 3646 104
3647 3664 7
3650 3661 202
3661 3680 97
3683 3719 154
3689 3730 246
3718 3737 105
3738 3764 33
3758 3769 190
3769 3798 11
3769 3819 11
3778 3797 187
3797 3847 123
3824 3853 160
3828 3867 12
3847 3879 108
3847 3879 233
3876 3916 127
3903 3922 296
3907 3938 1
3916 3958 4
3919 3926 217
3928 3934 165
3956 3968 10
3977 4010 212
3980 3992 37
3987 4026 299
4015 4047 75
4022 4072 252
4041 4056 195
4049 4099 280
4058 4071 136
4063 4090 216
4088 4124 242
4103 4141 262
4121 4134 291
4123 4153 135
4142 4167 18
4150 4183 5
4180 4226 125
4192 4204 241
4221 4222 180
4235 4280 112
4254 4283 293
4260 4276 292
4273 4274 217
4301 4316 172
4329 4379 26
4351 4389 27
4355 4376 190
4375 4389 13
4403 4417 145
4405 4420 172
4412 4448 80
4419 4436 194
4422 4453 122
