300
30 38 272
47 93 236
70 78 131
78 126 199
108 130 24
132 149 124
142 174 205
145 159 93
161 194 247
170 195 175
192 207 206
198 244 22
206 215 262
223 249 208
243 284 140
255 301 149
276 278 189
284 304 293
308 326 124
338 381 161
364 395 112
388 422 84
394 418 227
410 452 189
417 466 23
434 472 187
448 464 52
449 467 189
471 474 67
479 522 184
484 517 8
504 539 120
529 564 86
551 556 228
577 602 210
594 600 254
608 647 88
616 633 254
630 679 129
660 675 117
682 712 65
701 730 65
703 733 89
720 756 262
748 764 31
752 763 39
769 801 29
783 813 175
785 810 235
803 849 153
828 866 213
855 890 230
868 884 257
884 897 140
899 939 184
919 963 210
923 972 197
941 943 162
963 999 72
972 1002 205
998 1048 131
999 1029 27
1015 1056 279
1031 1043 247
1044 1051 215
1045 1066 129
1066 1110 112
1072 1096 245
1085 1118 243
1092 1142 279
1092 1133 223
1098 1127 53
1127 1135 82
1150 1194 140
1161 1185 159
1169 1183 1
1173 1211 132
1183 1218 61
1198 1247 251
1202 1216 222
1221 1247 71
1243 1293 124
1269 1307 30
1285 1332 230
1286 1317 232
1316 1326 155
1316 1353 263
1327 1362 63
1345 1347 148
1363 1383 148
1373 1406 64
1377 1391 264
1393 1441 223
1415 1431 81
1421 1457 153
1428 1455 271
1429 1459 257
1436 1462 122
1460 1464 263
1463 1509 230
1472 1520 109
1481 1527 238
1498 1513 126
1499 1548 286
1502 1544 294
1521 1535 140
1526 1550 37
1548 1554 244
1555 1586 245
1561 1562 280
1577 1587 298
1589 1601 82
1594 1632 81
1620 1648 72
1625 1639 121
1634 1676 83
1655 1664 100
1669 1702 14
1692 1742 45
1718 1758 294
1725 1745 11
1736 1742 164
1743 1791 121
1752 1765 75
1759 1797 183
1764 1810 142
1786 1789 49
1807 1854 283
1831 1870 154
1844 1882 108
1874 1923 154
1883 1930 214
1900 1924 185
1924 1928 98
1934 1951 51
1943 1963 186
1948 1975 158
1976 1994 138
2004 2018 232
2011 2042 103
2020 2048 222
2042 2086 22
2062 2074 279
2063 2107 80
2089 2131 243
2118 2152 299
2126 2139 199
2153 2190 86
2167 2206 117
2172 2211 284
2202 2208 130
2232 2247 245
2237 2268 130
2244 2285 252
2254 2264 260
2272 2322 145
2294 2307 140
2323 2340 121
2325 2333 220
2335 2365 116
2352 2367 272
2360 2378 145
2373 2384 230
2387 2429 145
2406 2426 258
2421 2451 219
2431 2462 247
2436 2452 165
2460 2492 147
2469 2471 10
2498 2501 173
2515 2531 124
2527 2576 252
2543 2586 238
2555 2577 224
2564 2598 256
2594 2600 59
2610 2618 168
2624 2632 90
2645 2689 87
2660 2670 291
2680 2710 128
2705 2728 148
2727 2752 151
2734 2778 113
2743 2790 45
2765 2780 4
2766 2798 214
2768 2794 93
2786 2798 187
2797 2828 57
2798 2814 110
2820 2830 33
2820 2827 213
2839 2862 289
2865 2888 231
2883 2912 119
2905 2942 12
2916 2958 169
2920 2949 233
2938 2985 90
2961 2964 134
2991 3005 112
3011 3058 201
3019 3053 286
3019 3031 122
3044 3074 4
3048 3052 261
3063 3097 8
3076 3100 116
3083 3114 195
3098 3129 73
3116 3159 236
3142 3166 130
3168 3213 164
3191 3204 21
3192 3230 63
3218 3224 181
3238 3244 7
3251 3280 116
3262 3304 2
3272 3310 1
3274 3324 188
3282 3307 300
3298 3304 299
3325 3370 216
3333 3366 239
3348 3393 104
3354 3402 229
3383 3422 232
3400 3426 165
3402 3425 297
3410 3457 21
3438 3483 176
3458 3485 194
3483 3510 296
3508 3520 296
3529 3559 19
3549 3550 245
3568 3593 209
3592 3609 28
3618 3619 83
3631 3676 89
3646 3684 203
3654 3669 128
3661 3676 15
3676 3691 208
3699 3726 48
3720 3739 243
3739 3740 179
3766 3778 153
3770 3780 239
3788 3817 140
3814 3856 16
3842 3876 283
3859 3866 292
3862 3898 116
3869 3881 223
3882 3911 189
3901 3923 291
3909 3938 67
3914 3918 67
3942 3971 99
3956 3958 245
3972 4018 191
3990 3993 268
3999 4016 125
4005 4026 145
4005 4047 148
4012 4027 163
4041 4062 28
4071 4103 233
4077 4088 44
4100 4139 107
4113 4120 138
4128 4164 101
4135 4166 12
4137 4144 274
4164 4201 299
4194 4231 89
4222 4262 6
4248 4268 277
4260 4299 3
4263 4287 262
4276 4277 96
4279 4322 269
4289 4338 199
4310 4326 200
4331 4337 248
4357 4404 255
4357 4368 96
4376 4378 112
4393 4425 177
4422 4443 259
4436 4456 106
4455 4487 102
4470 4475 176
4497 4541 32
4515 4522 30
4544 4561 278
