300
7 46 201
14 16 88
35 74 27
60 62 17
83 96 16
92 110 125
119 166 159
139 172 208
155 169 142
161 203 109
174 185 15
201 206 228
211 241 111
220 227 249
236 244 257
243 255 267
269 317 185
288 309 160
289 331 195
309 334 126
335 337 39
337 342 197
359 399 223
366 381 138
372 417 167
402 452 190
413 451 99
434 477 246
453 471 88
476 493 300
491 514 180
507 535 168
532 559 229
537 572 165
552 596 212
560 586 194
565 610 265
591 595 250
610 625 85
623 624 263
650 695 83
675 718 242
691 714 143
719 769 8
737 770 42
767 812 27
778 827 140
779 780 110
800 840 51
823 855 176
853 886 139
873 879 140
884 916 22
897 929 227
927 956 11
934 975 241
962 989 278
980 1021 105
1009 1020 146
1009 1013 263
1018 1046 113
1020 1029 274
1039 1051 55
1051 1056 135
1061 1085 156
1090 1094 108
1120 1146 276
1143 1187 103
1164 1166 50
1173 1198 39
1175 1184 193
1196 1225 27
1204 1216 117
1231 1278 153
1257 1302 169
1276 1322 208
1277 1312 295
1304 1317 43
1319 1333 128
1335 1354 230
1357 1394 110
1387 1432 30
1410 1440 147
1436 1463 84
1447 1472 229
1477 1526 254
1480 1505 134
1482 1513 288
1505 1544 94
1526 1536 210
1541 1548 102
1543 1587 13
1568 1593 78
1574 1615 286
1578 1594 27
1593 1610 207
1595 1633 191
1614 1644 233
1634 1639 187
1655 1674 80
1675 1722 118
1700 1746 88
1712 1761 256
1735 1775 25
1756 1797 46
1779 1828 108
1790 1820 37
1812 1841 138
1817 1861 86
1841 1865 19
1863 1913 197
1883 1896 161
1899 1905 134
1929 1934 230
1944 1947 42
1954 1957 183
1969 1984 229
1980 2000 214
1998 2005 287
2017 2064 185
2037 2068 169
2066 2100 212
2087 2105 104
2096 2139 187
2101 2116 162
2125 2155 223
2140 2154 270
2165 2209 232
2166 2188 255
2166 2188 265
2190 2240 270
2209 2214 88
2213 2255 270
2236 2242 34
2251 2289 181
2271 2274 242
2284 2303 232
2314 2337 271
2344 2356 106
2351 2390 195
2362 2381 253
2391 2423 247
2419 2440 133
2428 2429 251
2433 2460 140
2443 2480 145
2456 2463 203
2483 2516 179
2508 2534 132
2512 2551 226
2526 2560 221
2538 2569 31
2562 2574 275
2584 2595 3
2596 2619 85
2620 2647 222
2633 2640 23
2648 2680 90
2663 2667 254
2671 2675 94
2686 2720 292
2701 2718 202
2711 2753 213
2739 2758 183
2748 2796 130
2778 2809 8
2791 2837 182
2793 2835 5
2803 2824 217
2833 2872 212
2838 2840 126
2854 2880 293
2883 2912 215
2896 2898 124
2909 2926 276
2914 2915 98
2932 2946 139
2943 2965 243
2972 3018 201
2998 3015 220
3028 3033 236
3039 3062 281
3069 3108 205
3074 3109 64
3083 3097 91
3090 3104 128
3117 3150 63
3131 3172 192
3138 3159 141
3147 3185 74
3173 3221 241
3197 3239 116
3202 3241 3
3223 3268 212
3246 3268 252
3250 3262 242
3277 3300 118
3278 3282 141
3278 3319 258
3308 3328 250
3315 3331 4
3323 3368 52
3323 3373 49
3328 3377 158
3348 3367 227
3348 3383 50
3369 3385 168
3387 3394 40
3417 3465 287
3439 3444 290
3439 3463 251
3452 3461 202
3473 3479 225
3496 3535 270
3513 3539 211
3527 3541 33
3534 3552 2
3563 3581 209
3583 3623 139
3597 3603 88
3600 3643 142
3611 3644 23
3636 3682 242
3640 3681 231
3656 3675 153
3656 3668 140
3681 3692 134
3689 3700 75
3696 3698 35
3700 3749 216
3722 3754 167
3740 3768 258
3768 3810 189
3793 3803 197
3798 3826 102
3810 3845 176
3813 3836 74
3813 3860 37
3815 3858 154
3843 3857 38
3844 3855 71
3845 3890 95
3848 3863 58
3858 3882 97
3866 3913 203
3872 3896 12
3875 3914 41
3905 3945 209
3935 3955 144
3965 3978 3
3992 4018 172
4007 4008 46
4027 4039 212
4045 4092 146
4060 4100 141
4088 4132 186
4118 4167 69
4142 4169 159
4159 4189 134
4172 4222 176
4194 4212 223
4224 4269 155
4234 4264 177
4235 4241 296
4246 4260 297
4265 4279 258
4281 4319 26
4282 4284 87
4309 4324 282
4325 4354 81
4325 4371 102
4341 4363 119
4360 4381 210
4389 4429 154
4410 4456 145
4435 4469 263
4464 4473 207
4482 4483 66
4511 4528 163
4539 4576 132
4540 4586 75
4555 4568 268
4567 4573 4
4579 4624 191
4586 4621 261
4614 4616 123
4616 4652 181
4618 4642 126
4646 4664 142
4656 4699 91
4664 4703 135
4668 4707 298
4689 4722 226
4717 4747 122
4720 4762 214
4741 4767 229
4753 4801 216
4755 4778 226
4778 4800 157
4784 4832 278
