300
5 49 69
20 52 16
50 53 192
56 57 142
58 67 8
64 66 281
65 77 271
69 102 206
85 96 222
96 122 227
121 134 70
128 160 85
156 193 21
172 207 166
179 189 146
185 205 133
193 215 29
219 246 90
241 275 289
270 305 34
292 302 105
307 327 133
317 330 232
320 370 211
348 365 16
357 372 257
387 413 297
414 456 50
425 432 247
454 477 24
475 521 279
481 523 255
510 520 227
510 555 264
535 585 51
540 566 277
546 588 26
551 578 88
572 591 142
601 613 88
619 626 241
645 657 281
669 696 76
690 708 6
715 733 148
733 768 70
763 788 33
779 798 152
802 804 242
806 839 174
832 876 210
852 895 299
863 871 209
886 919 69
892 913 210
906 916 220
927 940 151
951 970 256
957 978 202
959 963 281
967 988 296
995 1014 197
1021 1051 280
1040 1089 297
1055 1071 271
1065 1091 25
1073 1109 274
1090 1097 285
1098 1147 7
1126 1176 126
1132 1182 174
1136 1166 138
1164 1196 178
1167 1210 97
1195 1223 277
1203 1207 199
1211 1227 283
1214 1238 170
1244 1258 101
1262 1278 157
1275 1286 141
1287 1308 35
1296 1341 222
1312 1334 197
1331 1366 244
1354 1377 238
1374 1417 184
1399 1418 105
1401 1445 56
1422 1428 66
1447 1477 147
1461 1505 61
1489 1501 113
1496 1539 42
1519 1538 212
1521 1571 28
1547 1576 184
1571 1613 5
1575 1587 137
1585 1610 273
1609 1656 53
1614 1660 210
1637 1664 190
1650 1695 206
1655 1678 142
1676 1692 224
1700 1746 121
1723 1744 265
1741 1791 114
1751 1764 47
1776 1784 279
1780 1816 202
1802 1827 230
1821 1829 57
1826 1844 147
1846 1870 13
1873 1908 43
1877 1884 245
1878 1887 99
1900 1941 294
1926 1927 163
1941 1968 87
1956 2000 168
1983 2018 242
1992 1995 284
2014 2054 123
2027 2065 122
2030 2075 277
2046 2067 110
2048 2058 26
2072 2093 193
2087 2094 230
2116 2146 104
2126 2164 41
2128 2175 129
2133 2156 297
2155 2188 51
2176 2217 16
2196 2227 264
2215 2241 265
2221 2227 182
2225 2229 195
2249 2264 119
2278 2291 25
2297 2323 257
2318 2364 241
2346 2365 203
2355 2380 119
2359 2370 215
2359 2395 140
2363 2394 68
2366 2373 199
2367 2401 129
2397 2427 155
2417 2455 75
2433 2454 256
2462 2505 170
2462 2492 264
2483 2529 256
2484 2520 173
2508 2546 91
2530 2555 103
2540 2588 80
2560 2568 266
2573 2586 103
2582 2589 238
2607 2654 269
2607 2640 138
2637 2642 222
2652 2660 295
2656 2682 271
2658 2664 44
2665 2693 116
2694 2712 102
2719 2724 265
2733 2763 180
2738 2744 141
2742 2751 70
2769 2789 61
2783 2796 98
2794 2813 214
2806 2833 251
2810 2852 122
2827 2854 55
2855 2891 183
2873 2895 208
2881 2929 181
2898 2905 269
2901 2912 139
2929 2944 190
2936 2953 297
2940 2983 179
2957 2964 210
2974 2989 201
3002 3018 42
3007 3028 223
3016 3038 295
3023 3044 235
3027 3031 283
3036 3040 203
3066 3104 224
3088 3103 211
3091 3095 85
3109 3157 250
3124 3168 106
3149 3167 109
3153 3188 245
3160 3168 124
3188 3220 94
3210 3238 154
3221 3227 100
3231 3251 285
3236 3266 210
3243 3255 30
3244 3286 58
3264 3300 135
3277 3318 140
3299 3321 47
3328 3335 26
3339 3355 22
3364 3406 238
3373 3406 294
3391 3419 139
3397 3414 38
3407 3451 243
3410 3428 231
3429 3471 251
3432 3470 294
3433 3460 265
3443 3466 221
3443 3477 135
3446 3472 61
3455 3461 139
3466 3475 20
3491 3492 61
3516 3559 108
3529 3572 222
3545 3562 43
3563 3567 182
3572 3606 82
3584 3589 85
3591 3622 55
3621 3622 280
3645 3681 33
3648 3690 150
3659 3683 270
3683 3684 156
3685 3706 115
3715 3760 97
3728 3733 153
3750 3762 198
3760 3780 20
3764 3804 285
3784 3811 204
3789 3803 233
3804 3834 13
3807 3816 277
3816 3862 162
3838 3847 288
3863 3878 256
3893 3915 275
3915 3955 127
3938 3940 91
3962 3978 198
3966 4014 296
3976 3995 239
3981 3986 6
3988 4028 292
4014 4018 54
4034 4077 184
4052 4056 277
4067 4076 159
4082 4087 139
4082 4105 259
4086 4099 124
4088 4132 142
4098 4099 126
4122 4153 172
4140 4155 165
4145 4163 180
4164 4173 131
4172 4212 252
4189 4190 175
4207 4256 5
4228 4278 290
4244 4246 51
4265 4292 181
4291 4336 10
4304 4353 288
4328 4337 71
4337 4340 168
4352 4382 85
4366 4413 54
4374 4417 228
4386 4435 125
4402 4411 286
4429 4447 57
4434 4478 70
4449 4466 13
4459 4476 48
