300
9 14 11
12 56 214
24 31 201
40 66 83
48 86 73
76 78 199
97 134 147
118 163 138
144 184 240
164 165 120
186 229 254
191 234 235
212 238 202
221 259 232
236 280 235
260 304 27
260 279 130
273 306 147
280 325 212
285 331 123
289 295 184
318 367 116
330 355 78
342 387 58
348 386 219
373 374 193
398 408 159
401 429 129
414 430 62
422 467 53
427 445 99
447 450 192
452 472 23
464 514 259
485 530 214
490 503 160
503 538 186
515 542 110
524 525 207
543 578 197
554 555 124
573 589 96
580 602 175
587 630 88
594 611 261
623 660 232
646 655 270
672 675 38
687 688 286
701 739 133
701 715 38
721 729 49
729 734 73
756 789 283
757 801 167
787 794 17
804 831 37
807 856 119
820 831 89
849 873 22
860 870 46
863 897 10
881 916 175
885 910 276
912 919 291
934 981 278
947 967 287
960 969 138
976 1017 69
991 1010 128
1018 1023 290
1038 1066 57
1054 1079 177
1055 1093 171
1067 1107 69
1071 1085 151
1071 1109 110
1092 1099 256
1106 1128 134
1117 1144 26
1147 1152 11
1165 1180 168
1190 1229 208
1220 1270 181
1233 1235 27
1244 1273 206
1249 1297 177
1263 1300 128
1282 1320 224
1305 1354 92
1333 1383 247
1361 1363 67
1372 1381 90
1375 1382 256
1384 1409 142
1388 1436 282
1415 1446 151
1439 1442 216
1452 1457 269
1457 1468 8
1486 1490 155
1498 1544 280
1516 1519 49
1533 1578 109
1542 1546 46
1565 1602 115
1595 1618 178
1614 1662 193
1622 1654 157
1648 1698 289
1669 1698 154
1698 1706 112
1724 1748 20
1743 1750 89
1770 1799 139
1777 1793 206
1795 1834 193
1813 1840 93
1841 1854 147
1865 1902 160
1870 1884 198
1900 1906 239
1903 1951 216
1905 1912 29
1908 1913 230
1936 1958 257
1953 1978 27
1962 2011 162
1980 1988 11
1981 2025 8
1990 1999 117
2011 2039 275
2031 2045 48
2048 2059 160
2067 2114 284
2075 2116 33
2087 2120 45
2093 2109 30
2113 2138 23
2116 2151 124
2130 2134 202
2158 2180 269
2164 2213 69
2173 2187 126
2198 2221 278
2215 2240 261
2224 2241 96
2248 2289 118
2276 2297 59
2277 2299 196
2305 2346 161
2306 2338 182
2336 2374 273
2352 2374 294
2365 2372 245
2389 2428 216
2419 2423 296
2426 2440 155
2443 2471 114
2455 2467 144
2462 2492 44
2485 2511 200
2492 2542 222
2500 2517 260
2506 2552 191
2536 2567 212
2553 2572 272
2574 2609 10
2604 2627 220
2630 2658 48
2643 2653 268
2671 2712 60
2689 2701 295
2704 2708 13
2709 2714 282
2716 2740 147
2738 2757 69
2748 2767 271
2778 2781 279
2792 2815 1
2808 2856 49
2823 2832 39
2853 2887 79
2872 2902 189
2901 2936 94
2908 2917 258
2937 2950 297
2949 2981 24
2954 2975 139
2980 3030 121
2981 2992 24
2981 3004 159
3002 3011 73
3030 3047 296
3043 3047 211
3048 3054 215
3060 3076 142
3062 3067 167
3068 3078 97
3074 3087 41
3104 3107 10
3112 3158 148
3114 3119 41
3143 3187 164
3159 3209 288
3186 3220 6
3196 3226 60
3219 3222 22
3223 3263 210
3243 3288 134
3255 3283 274
3267 3306 119
3297 3330 148
3319 3326 85
3345 3384 32
3346 3360 252
3376 3379 131
3389 3432 232
3412 3434 289
3432 3470 254
3442 3458 246
3446 3496 90
3474 3506 243
3504 3545 175
3523 3545 273
3545 3582 125
3568 3578 116
3581 3619 130
3608 3621 274
3626 3651 277
3639 3660 226
3659 3699 279
3660 3661 39
3668 3697 19
3685 3687 232
3686 3716 298
3686 3730 13
3710 3730 196
3738 3773 103
3742 3791 228
3749 3767 178
3758 3785 217
3780 3826 54
3804 3806 15
3828 3832 278
3830 3847 198
3842 3858 23
3842 3869 85
3844 3885 89
3861 3886 237
3886 3923 15
3898 3946 77
3899 3929 226
3914 3960 200
3916 3928 206
3941 3961 93
3945 3986 156
3952 3967 73
3976 3977 34
3985 4005 53
4000 4015 22
4006 4011 292
4020 4059 66
4028 4053 37
4030 4031 233
4056 4065 73
4076 4078 278
4101 4141 98
4102 4121 249
4102 4122 199
4113 4125 102
4133 4135 256
4141 4180 288
4147 4168 263
4158 4201 151
4185 4199 12
4207 4250 298
4224 4233 241
4249 4272 199
4276 4285 194
4282 4324 165
4293 4296 298
4298 4318 118
4308 4329 88
4331 4345 123
4339 4365 1
4368 4416 258
4394 4396 83
4419 4420 129
4445 4476 160
4449 4485 197
4463 4491 240
4467 4475 69
4496 4522 110
4510 4523 237
4522 4536 153
4537 4572 166
4564 4592 87
4573 4583 291
4603 4638 109
