300
27 74 154
39 64 174
50 63 103
59 84 266
80 85 247
85 120 1
107 127 91
111 135 179
132 180 237
153 166 258
153 177 101
164 174 85
184 221 97
202 240 17
231 238 105
241 245 202
242 249 217
262 297 204
278 298 117
280 294 182
289 320 243
316 340 299
326 356 155
333 360 64
345 363 85
365 401 201
366 380 104
376 404 287
406 456 127
411 434 173
427 461 44
440 473 243
443 481 107
469 519 151
485 522 260
487 534 141
505 551 34
513 539 72
542 546 288
567 606 199
573 610 32
598 609 104
600 604 98
603 646 213
612 629 214
612 640 32
633 657 63
636 660 130
659 679 207
678 706 176
687 727 2
709 754 123
721 749 28
725 740 85
755 759 47
778 810 250
798 837 104
816 826 122
819 844 21
837 840 119
844 882 283
858 880 211
876 896 191
898 947 132
901 911 57
915 944 264
941 988 270
967 968 256
988 1033 229
989 1016 209
1016 1049 31
1033 1048 158
1049 1088 45
1056 1101 261
1081 1086 198
1106 1151 23
1107 1116 38
1107 1120 77
1131 1165 89
1153 1201 226
1157 1181 271
1161 1179 2
1168 1191 163
1197 1226 95
1222 1223 154
1229 1258 91
1255 1269 138
1284 1317 214
1298 1313 214
1323 1347 167
1349 1372 202
1366 1391 203
1382 1412 84
1407 1437 115
1421 1444 79
1442 1474 10
1469 1514 171
1494 1503 225
1524 1536 46
1534 1574 23
1547 1549 251
1563 1595 13
1566 1568 140
1586 1635 12
1609 1649 209
1620 1641 103
1640 1683 283
1649 1675 121
1668 1704 104
1680 1701 284
1705 1725 238
1718 1722 47
1730 1750 285
1734 1764 296
1737 1787 117
1747 1785 256
1768 1774 256
1769 1797 194
1780 1783 198
1784 1821 45
1790 1805 42
1811 1850 37
1818 1865 7
1821 1846 58
1824 1843 262
1838 1845 254
1853 1890 110
1858 1869 199
1882 1931 267
1906 1914 242
1910 1948 279
1931 1973 79
1949 1994 129
1959 2000 280
1967 1983 95
1967 1997 77
1989 2034 225
2014 2029 18
2015 2046 55
2033 2081 136
2044 2073 27
2072 2090 138
2076 2101 58
2102 2115 59
2119 2128 33
2131 2134 36
2145 2179 263
2173 2212 109
2178 2211 237
2202 2223 169
2217 2221 134
2228 2264 274
2238 2279 101
2246 2268 264
2265 2289 18
2282 2308 10
2285 2301 45
2292 2300 207
2300 2327 290
2327 2376 270
2336 2385 228
2362 2366 271
2388 2398 11
2394 2427 286
2403 2415 115
2411 2415 84
2422 2436 59
2429 2463 270
2433 2480 229
2450 2477 299
2467 2489 68
2477 2508 230
2488 2521 165
2494 2499 258
2520 2562 163
2525 2568 253
2548 2581 124
2552 2579 76
2568 2573 298
2575 2609 279
2602 2604 267
2602 2641 259
2626 2654 52
2651 2678 200
2670 2689 207
2687 2694 237
2702 2739 89
2716 2747 277
2736 2781 260
2759 2771 255
2785 2819 47
2797 2832 76
2807 2853 154
2819 2835 33
2842 2873 54
2870 2871 149
2888 2935 139
2896 2935 196
2919 2952 62
2936 2977 95
2948 2951 152
2958 2981 260
2961 2995 32
2991 3016 210
3006 3031 13
3007 3041 43
3008 3019 7
3036 3063 24
3062 3075 149
3079 3080 46
3108 3111 188
3137 3185 53
3160 3164 108
3166 3186 11
3170 3173 182
3171 3204 196
3176 3216 29
3206 3226 21
3234 3240 279
3234 3270 220
3261 3306 100
3273 3282 209
3284 3334 98
3300 3349 233
3308 3357 4
3333 3351 132
3357 3363 288
3357 3396 160
3374 3389 37
3398 3430 5
3418 3439 3
3420 3446 236
3445 3464 6
3454 3474 34
3475 3502 176
3487 3534 19
3495 3503 29
3505 3535 39
3508 3535 77
3521 3557 126
3548 3554 300
3577 3587 32
3601 3628 66
3626 3652 219
3644 3648 212
3664 3665 152
3685 3726 25
3707 3723 174
3734 3775 263
3761 3792 71
3787 3816 24
3793 3810 65
3797 3820 144
3802 3821 167
3826 3843 165
3828 3842 230
3833 3867 152
3839 3840 136
3841 3861 271
3861 3899 157
3877 3901 239
3905 3909 174
3913 3928 175
3935 3951 21
3955 3968 288
3972 4007 91
3973 3984 242
3978 4008 116
4003 4004 55
4012 4045 126
4038 4082 93
4043 4087 125
4046 4092 151
4048 4060 85
4052 4073 290
4064 4079 218
4094 4123 50
4106 4123 76
4121 4129 226
4140 4155 274
4141 4149 109
4155 4199 202
4167 4169 161
4189 4206 125
4209 4236 172
4210 4260 45
4232 4278 241
4237 4261 21
4242 4256 219
4257 4295 170
4286 4306 19
4296 4305 107
4308 4325 16
4333 4360 220
4338 4378 231
4361 4362 122
4376 4425 300
4384 4422 239
4407 4421 62
4428 4441 32
