300
29 71 92
39 44 177
48 86 5
49 52 254
72 97 258
96 130 148
126 155 113
142 166 152
152 183 128
161 168 226
191 199 21
196 211 175
206 213 182
215 253 135
222 250 127
231 240 250
251 275 165
278 289 96
289 290 125
297 315 300
303 332 64
309 310 49
328 363 141
346 351 298
376 396 163
395 425 191
420 454 119
442 487 31
453 457 242
457 483 149
462 505 54
471 505 40
481 491 81
483 490 76
502 542 236
506 509 41
530 579 214
559 571 236
588 610 129
605 629 171
624 654 49
639 683 265
646 687 39
654 702 211
659 688 208
673 690 114
676 677 85
679 728 170
707 755 42
723 730 13
747 754 227
752 800 59
765 775 88
792 797 210
815 831 245
820 838 146
823 856 159
823 830 10
853 878 102
860 869 189
875 881 133
903 920 15
906 907 159
918 952 71
930 940 190
941 958 29
947 995 162
949 985 8
974 1002 228
996 1030 300
1017 1063 153
1027 1065 260
1029 1032 40
1052 1101 243
1069 1102 169
1093 1132 271
1093 1104 107
1120 1136 121
1130 1154 5
1138 1148 291
1144 1184 32
1170 1181 67
1172 1205 239
1175 1176 272
1187 1236 102
1187 1201 214
1210 1250 252
1219 1228 195
1240 1272 106
1256 1288 158
1268 1300 228
1297 1346 119
1316 1333 32
1323 1345 144
1347 1375 176
1376 1405 97
1383 1406 34
1383 1389 114
1396 1434 24
1409 1443 120
1422 1440 154
1445 1485 252
1453 1488 33
1479 1499 292
1503 1516 167
1512 1557 248
1531 1568 228
1555 1592 160
1574 1589 141
1602 1615 297
1621 1664 58
1647 1671 272
1653 1663 263
1673 1718 215
1703 1738 2
1726 1743 196
1743 1745 56
1771 1820 120
1798 1804 291
1807 1848 208
1835 1864 106
1839 1849 258
1860 1871 101
1862 1907 139
1884 1891 81
1887 1913 111
1908 1920 187
1938 1984 52
1964 1973 167
1993 2027 77
2004 2012 115
2011 2053 85
2016 2052 16
2032 2066 64
2044 2093 291
2056 2101 82
2067 2102 263
2092 2104 256
2116 2160 92
2118 2129 100
2123 2129 174
2151 2159 120
2162 2201 158
2191 2227 217
2214 2262 230
2227 2243 79
2255 2276 230
2257 2277 159
2287 2308 252
2299 2314 10
2307 2313 75
2316 2340 131
2326 2343 170
2334 2375 289
2357 2358 243
2378 2383 66
2396 2428 33
2406 2417 58
2420 2458 15
2438 2473 134
2454 2485 179
2464 2512 248
2466 2473 1
2474 2486 49
2484 2521 58
2501 2512 214
2506 2513 282
2522 2534 252
2532 2538 29
2544 2561 158
2570 2617 261
2593 2643 216
2611 2650 32
2615 2648 180
2637 2682 211
2660 2672 217
2671 2701 110
2682 2706 126
2696 2717 74
2726 2754 285
2751 2755 195
2751 2795 288
2756 2768 191
2771 2808 169
2801 2841 74
2815 2854 35
2845 2847 140
2866 2875 109
2887 2935 210
2900 2920 288
2921 2962 15
2942 2949 109
2947 2997 192
2949 2984 32
2968 3014 180
2985 3005 278
3009 3042 72
3015 3029 201
3037 3056 127
3052 3081 59
3079 3102 200
3096 3118 204
3097 3130 268
3100 3122 3
3124 3127 201
3154 3203 201
3175 3219 93
3202 3207 128
3209 3246 83
3230 3239 159
3243 3272 16
3267 3278 248
3267 3290 192
3279 3301 141
3287 3323 182
3295 3312 37
3304 3351 294
3313 3338 293
3328 3342 183
3347 3367 14
3376 3410 25
3386 3417 252
3405 3410 192
3422 3471 81
3449 3464 130
3471 3520 90
3477 3522 210
3478 3525 247
3494 3503 258
3502 3537 15
3508 3510 248
3520 3530 43
3537 3552 65
3543 3585 103
3558 3591 285
3563 3584 194
3591 3605 281
3615 3639 63
3621 3644 186
3641 3690 191
3659 3669 19
3687 3720 281
3714 3762 110
3723 3726 239
3733 3777 258
3746 3793 66
3756 3775 174
3766 3816 140
3769 3818 207
3780 3803 277
3794 3832 160
3796 3802 115
3816 3848 65
3845 3875 116
3849 3879 17
3849 3862 73
3863 3874 149
3878 3922 292
3907 3909 272
3917 3967 232
3940 3983 142
3961 3980 189
3969 4019 29
3993 4009 148
4017 4050 145
4041 4066 175
4061 4066 7
4068 4115 189
4069 4103 191
4097 4100 137
4113 4160 84
4122 4153 70
4145 4191 80
4146 4163 41
4154 4204 110
4180 4185 4
4189 4192 18
4195 4201 135
4220 4230 27
4244 4273 121
4254 4276 84
4254 4293 40
4272 4276 57
4298 4309 48
4318 4336 62
4333 4347 171
4346 4382 200
4351 4379 137
4380 4416 14
4389 4398 147
4418 4426 191
4423 4430 56
4439 4464 230
4465 4467 132
4470 4495 223
4470 4490 100
4487 4534 4
4509 4541 293
4523 4534 234
4539 4552 215
