300
9 33 118
11 17 90
35 84 216
43 77 93
71 74 285
82 85 181
108 110 51
130 132 52
153 196 79
181 220 284
207 238 215
217 247 34
246 267 160
255 302 218
278 312 75
301 303 76
318 346 254
328 353 282
328 339 150
328 351 213
340 378 78
349 378 110
357 377 299
359 384 10
372 400 123
401 432 195
421 466 101
432 469 235
458 491 21
472 488 195
486 525 265
513 558 259
532 560 43
535 568 10
545 560 186
560 602 206
562 602 235
586 633 35
592 641 133
607 616 79
625 665 225
633 673 247
649 696 6
651 664 200
663 712 64
671 721 33
671 708 12
691 698 153
699 726 258
713 727 150
721 743 48
728 770 168
731 762 272
737 786 289
758 763 52
767 785 90
777 791 98
789 828 250
805 814 256
834 849 223
844 872 128
871 894 209
900 904 241
926 939 124
952 976 124
952 992 101
979 1003 198
995 1012 191
1017 1064 153
1027 1073 280
1038 1039 7
1052 1069 94
1066 1087 151
1068 1103 216
1087 1114 165
1101 1103 181
1109 1158 80
1119 1162 51
1131 1176 260
1131 1136 191
1144 1159 240
1160 1173 142
1162 1211 38
1171 1217 186
1178 1201 258
1179 1183 212
1209 1211 63
1222 1234 177
1222 1271 269
1234 1267 199
1244 1284 204
1247 1292 282
1274 1300 79
1302 1325 58
1303 1305 203
1305 1328 27
1323 1344 49
1333 1368 27
1362 1389 106
1370 1420 64
1382 1397 60
1402 1436 169
1406 1430 50
1429 1472 15
1430 1454 22
1438 1473 136
1445 1477 101
1466 1472 79
1482 1510 233
1510 1547 26
1529 1571 175
1552 1556 179
1554 1565 243
1571 1613 177
1593 1630 300
1608 1642 79
1632 1658 94
1653 1669 79
1653 1660 216
1654 1687 247
1674 1678 129
1696 1714 99
1696 1702 260
1718 1753 233
1727 1730 172
1751 1768 211
1769 1804 294
1788 1809 86
1810 1823 202
1813 1850 119
1842 1867 249
1869 1879 149
1883 1928 35
1913 1935 23
1917 1960 219
1938 1940 231
1939 1963 178
1941 1978 180
1957 1978 193
1975 1997 77
1984 2009 167
2005 2042 220
2009 2059 75
2034 2044 179
2060 2099 264
2089 2094 182
2098 2100 68
2127 2157 246
2130 2167 123
2137 2180 107
2144 2194 289
2163 2206 225
2192 2218 113
2208 2233 271
2212 2227 77
2218 2239 205
2236 2250 101
2264 2298 296
2286 2336 204
2310 2331 278
2328 2372 207
2358 2371 61
2382 2429 293
2399 2410 271
2413 2429 119
2416 2425 142
2440 2489 83
2454 2476 174
2473 2512 227
2480 2510 258
2497 2536 101
2500 2505 133
2510 2550 245
2533 2541 222
2553 2587 16
2576 2594 233
2605 2614 159
2618 2626 169
2632 2665 173
2659 2703 166
2670 2681 51
2682 2702 276
2700 2731 160
2719 2761 82
2734 2769 161
2752 2790 240
2761 2799 115
2762 2787 20
2769 2819 229
2769 2811 219
2779 2818 201
2796 2804 275
2806 2849 185
2823 2862 292
2838 2877 3
2850 2859 147
2873 2878 136
2881 2903 297
2886 2887 13
2914 2952 197
2920 2955 181
2944 2962 295
2948 2966 58
2969 3005 165
2982 3009 149
3000 3044 54
3020 3068 247
3024 3066 30
3025 3060 243
3025 3058 91
3036 3063 239
3054 3063 81
3062 3084 166
3079 3107 247
3096 3119 204
3119 3121 295
3125 3171 52
3126 3164 272
3140 3185 98
3165 3195 6
3186 3209 259
3214 3261 264
3218 3225 209
3223 3262 227
3249 3282 37
3263 3290 176
3291 3318 135
3292 3314 119
3317 3324 26
3333 3343 127
3348 3357 217
3357 3370 145
3377 3383 36
3377 3407 294
3389 3390 60
3415 3453 1
3426 3428 284
3451 3497 5
3455 3484 285
3469 3512 95
3485 3512 38
3514 3538 234
3544 3551 102
3544 3552 22
3565 3566 282
3575 3593 154
3590 3607 55
3603 3606 286
3610 3655 279
3637 3673 58
3649 3663 281
3663 3711 256
3679 3700 55
3700 3726 177
3705 3711 188
3716 3744 231
3731 3752 2
3752 3780 181
3752 3775 178
3759 3763 165
3781 3783 136
3801 3850 43
3816 3836 229
3827 3876 97
3849 3869 182
3876 3899 104
3887 3893 82
3896 3930 218
3919 3927 195
3938 3944 289
3968 3987 27
3981 4007 3
3999 4019 36
4015 4056 147
4021 4067 166
4043 4083 5
4057 4101 195
4086 4132 159
4089 4107 138
4092 4105 98
4114 4129 77
4133 4176 39
4136 4185 274
4161 4210 154
4183 4215 106
4209 4248 15
4237 4247 197
4250 4300 105
4257 4275 222
4274 4315 127
4302 4342 254
4310 4333 129
4312 4337 224
4321 4364 121
4349 4354 65
4366 4407 171
4392 4402 150
4421 4438 134
4429 4469 27
4454 4470 55
