300
11 19 108
32 35 13
49 86 95
49 80 76
79 123 52
90 135 220
110 111 134
128 139 161
144 163 55
165 204 199
191 217 210
212 226 286
212 240 278
226 270 209
230 242 34
232 263 69
248 297 35
269 307 219
277 325 29
281 325 19
302 350 174
329 341 4
338 362 148
367 392 50
382 390 96
394 436 178
409 416 157
417 442 164
421 459 154
451 498 33
470 507 139
498 534 218
523 544 294
543 593 157
551 561 66
556 579 237
562 568 206
571 591 85
580 593 161
599 622 108
628 636 273
652 657 240
675 688 204
677 683 56
692 721 83
719 728 295
729 773 5
752 756 147
782 827 64
800 849 228
821 854 97
832 863 148
862 872 166
888 900 163
896 933 184
897 929 173
914 918 246
929 967 192
941 960 40
966 1011 248
989 1028 184
1002 1041 188
1010 1027 40
1019 1048 203
1043 1060 252
1049 1053 79
1075 1083 269
1082 1128 228
1084 1126 223
1085 1098 180
1100 1129 133
1128 1137 211
1142 1145 85
1162 1190 264
1164 1206 226
1189 1228 196
1218 1248 100
1234 1267 221
1251 1271 168
1257 1289 208
1272 1278 220
1274 1293 286
1298 1346 176
1305 1349 8
1313 1345 166
1316 1353 43
1317 1358 86
1318 1349 129
1335 1373 17
1344 1385 260
1357 1359 181
1379 1400 30
1403 1416 250
1423 1467 31
1453 1491 194
1463 1479 24
1469 1486 122
1499 1507 29
1511 1522 246
1533 1575 88
1546 1585 176
1570 1574 143
1585 1594 120
1594 1633 204
1603 1651 194
1632 1671 273
1662 1690 175
1673 1682 113
1675 1720 255
1698 1743 101
1706 1745 264
1726 1731 264
1728 1769 102
1735 1781 61
1735 1778 246
1754 1791 92
1767 1813 298
1777 1783 229
1778 1792 18
1802 1808 207
1804 1830 278
1805 1837 213
1823 1849 118
1846 1847 162
1846 1881 278
1864 1869 93
1875 1885 238
1901 1925 30
1925 1959 53
1933 1934 18
1953 1963 178
1978 2003 45
1989 2034 177
2016 2037 206
2021 2022 223
2030 2079 98
2046 2059 72
2067 2074 40
2086 2128 218
2092 2102 34
2099 2141 201
2124 2145 102
2143 2168 203
2161 2205 203
2186 2194 175
2207 2233 11
2218 2222 266
2231 2259 138
2235 2280 195
2237 2244 134
2250 2252 290
2273 2316 199
2284 2285 112
2301 2316 105
2315 2329 95
2337 2348 190
2339 2357 147
2341 2385 183
2366 2415 9
2379 2393 245
2397 2405 236
2403 2426 137
2431 2481 178
2441 2465 44
2448 2460 87
2461 2472 45
2461 2507 176
2483 2493 102
2502 2551 244
2522 2540 78
2534 2581 113
2555 2594 70
2577 2579 256
2578 2602 287
2598 2613 237
2602 2613 116
2616 2633 174
2637 2681 53
2652 2674 94
2669 2703 17
2688 2701 68
2698 2715 279
2704 2730 218
2725 2752 131
2726 2746 238
2740 2789 6
2747 2782 159
2755 2779 182
2776 2812 39
2786 2816 187
2811 2858 92
2819 2851 179
2823 2863 89
2853 2879 11
2860 2886 41
2870 2913 75
2878 2882 30
2891 2941 294
2904 2913 254
2923 2944 249
2930 2968 101
2939 2984 114
2948 2971 55
2960 2977 22
2962 2969 14
2970 2985 50
2973 3014 50
3002 3030 267
3032 3079 264
3050 3073 290
3070 3098 121
3090 3093 136
3091 3117 193
3118 3141 182
3127 3144 175
3144 3171 264
3155 3159 239
3165 3212 170
3167 3208 101
3175 3194 45
3194 3228 254
3203 3243 14
3212 3225 276
3227 3275 145
3235 3256 114
3236 3279 113
3252 3259 114
3278 3303 112
3300 3309 295
3321 3323 117
3345 3360 247
3366 3404 282
3391 3422 224
3408 3455 1
3429 3432 289
3452 3487 32
3475 3511 90
3485 3497 78
3487 3504 198
3503 3504 102
3516 3564 159
3523 3572 39
3534 3571 150
3564 3599 255
3571 3610 206
3601 3626 165
3627 3674 80
3638 3641 287
3664 3704 239
3685 3686 26
3708 3753 80
3721 3722 178
3741 3756 223
3745 3746 104
3772 3818 17
3792 3796 122
3797 3807 17
3806 3824 97
3830 3863 57
3857 3879 223
3879 3925 36
3888 3902 299
3915 3955 63
3930 3951 114
3958 3971 48
3970 4014 84
3993 4005 90
4015 4063 163
4015 4026 198
4023 4034 132
4030 4049 150
4034 4058 277
4040 4080 272
4064 4069 44
4082 4090 299
4100 4119 25
4111 4118 127
4138 4185 275
4142 4181 238
4153 4188 233
4158 4207 163
4170 4217 272
4182 4201 291
4210 4251 121
4230 4271 235
4235 4258 193
4261 4300 64
4277 4312 29
4289 4324 293
4317 4318 227
4343 4366 270
4359 4382 140
4388 4391 252
4417 4433 142
4443 4452 118
4457 4483 20
4463 4480 190
4478 4528 1
4483 4492 96
4488 4493 220
