300
19 54 70
30 77 278
49 53 247
64 106 222
83 110 125
108 139 101
126 136 270
152 160 35
177 188 137
182 193 128
195 213 258
209 222 162
232 274 10
243 293 275
257 284 113
284 334 179
285 300 26
308 351 59
326 353 188
346 370 202
357 383 88
363 407 198
364 374 215
389 425 178
419 421 165
444 447 235
473 498 157
492 503 221
505 529 201
524 535 39
554 559 300
557 571 298
577 607 272
600 617 264
614 650 260
627 666 145
631 680 120
653 682 158
668 675 228
669 699 123
686 694 3
710 722 29
721 727 98
737 775 12
751 763 290
761 774 156
768 812 29
772 804 249
802 840 142
812 851 38
812 835 51
829 830 208
831 849 143
850 853 258
871 893 112
894 896 105
905 914 190
921 943 244
929 939 53
935 962 56
948 957 47
949 980 163
958 999 94
976 984 205
985 1029 173
985 1031 219
1009 1050 35
1021 1070 292
1028 1043 250
1039 1050 63
1059 1088 187
1089 1112 150
1108 1120 52
1135 1160 285
1153 1177 204
1163 1185 87
1176 1210 296
1192 1241 184
1208 1209 166
1223 1251 177
1233 1261 148
1261 1281 263
1290 1336 72
1299 1315 52
1315 1330 58
1337 1374 142
1338 1353 286
1355 1396 206
1365 1393 258
1372 1421 97
1382 1420 276
1387 1404 296
1411 1419 39
1430 1439 54
1434 1450 117
1451 1457 42
1456 1462 194
1464 1490 109
1492 1513 94
1492 1536 78
1505 1514 174
1515 1558 59
1526 1556 67
1539 1583 68
1559 1608 300
1582 1606 88
1612 1625 111
1624 1629 177
1626 1666 108
1627 1670 177
1649 1665 134
1655 1702 59
1670 1685 3
1698 1748 268
1699 1720 276
1722 1737 297
1728 1778 40
1730 1763 42
1737 1773 161
1762 1776 165
1762 1774 192
1783 1801 127
1791 1801 10
1808 1829 40
1833 1875 203
1835 1866 208
1860 1892 65
1865 1893 131
1895 1901 84
1897 1931 171
1919 1940 274
1929 1949 192
1931 1976 156
1933 1977 127
1960 2007 87
1965 1978 276
1983 2023 124
2005 2022 177
2019 2020 279
2034 2080 21
2044 2093 252
2071 2075 262
2085 2120 90
2098 2142 295
2109 2148 19
2118 2133 96
2143 2169 178
2166 2198 276
2188 2232 191
2210 2227 72
2224 2248 264
2243 2259 275
2258 2270 123
2266 2294 37
2293 2311 93
2297 2325 95
2305 2306 149
2316 2344 288
2335 2380 5
2339 2364 175
2343 2367 128
2355 2364 59
2377 2393 245
2391 2415 194
2395 2440 197
2404 2416 239
2420 2444 226
2437 2447 204
2465 2485 99
2485 2503 192
2499 2500 257
2524 2565 138
2525 2561 148
2537 2576 139
2537 2544 205
2566 2584 177
2569 2576 105
2591 2633 90
2609 2630 120
2617 2663 231
2623 2624 272
2649 2654 106
2653 2699 231
2659 2704 202
2679 2727 178
2683 2713 199
2684 2722 50
2684 2727 258
2703 2753 129
2728 2778 273
2736 2761 74
2749 2760 145
2772 2786 271
2802 2824 199
2823 2848 71
2835 2877 285
2853 2879 89
2880 2909 92
2894 2926 165
2923 2951 153
2948 2957 238
2949 2952 230
2950 2979 181
2970 2996 275
2974 3024 78
3003 3051 175
3026 3041 190
3047 3049 158
3076 3126 255
3093 3126 183
3116 3156 72
3118 3155 169
3121 3157 249
3151 3164 33
3158 3168 205
3163 3193 241
3183 3186 77
3189 3229 57
3214 3220 166
3221 3257 180
3235 3269 144
3246 3281 185
3261 3262 242
3280 3325 263
3285 3301 290
3287 3307 54
3300 3335 242
3317 3347 200
3342 3369 13
3369 3403 138
3376 3378 255
3376 3400 294
3384 3411 149
3411 3454 120
3421 3453 22
3443 3487 59
3454 3475 172
3468 3512 156
3493 3523 137
3521 3550 235
3522 3561 180
3539 3568 226
3539 3553 219
3555 3585 142
3570 3605 172
3595 3597 115
3624 3644 283
3654 3655 45
3674 3681 279
3683 3694 174
3699 3724 168
3704 3730 234
3733 3756 121
3737 3767 240
3759 3796 296
3773 3790 87
3798 3804 297
3824 3858 24
3828 3872 198
3852 3893 150
3877 3909 93
3880 3889 296
3887 3896 23
3888 3926 229
3917 3932 263
3919 3962 188
3935 3961 157
3935 3951 289
3956 4002 157
3971 3978 90
3995 4024 17
4002 4003 91
4008 4024 38
4017 4031 47
4022 4041 20
4036 4067 140
4050 4092 95
4061 4101 208
4090 4099 249
4098 4129 257
4099 4121 210
4100 4135 200
4122 4161 213
4130 4167 281
4140 4180 7
4166 4213 267
4167 4201 34
4196 4226 191
4213 4216 117
4215 4253 295
4216 4238 30
4232 4272 116
4237 4258 119
4253 4287 31
4271 4320 59
4293 4331 203
4296 4346 262
4317 4345 290
4332 4350 146
4350 4380 256
