300
19 62 54
25 28 107
42 50 155
69 94 257
86 108 188
112 140 77
121 148 54
149 177 194
175 212 152
184 228 195
201 203 99
226 268 61
226 254 207
249 273 193
270 313 162
296 340 166
308 314 277
327 350 262
344 368 86
353 367 104
382 428 101
384 390 180
384 402 265
400 427 199
400 409 223
414 453 139
425 442 158
434 451 175
445 451 281
471 497 47
473 491 259
489 495 2
504 543 119
531 538 52
543 579 100
571 594 254
583 630 88
585 612 43
609 631 205
637 673 87
654 661 247
665 702 161
668 713 273
687 723 251
701 704 203
713 725 178
722 760 298
738 786 89
751 769 82
755 798 94
760 797 28
782 821 19
807 826 101
824 856 211
826 849 74
832 854 178
853 885 77
854 869 244
870 888 160
891 938 1
918 941 24
919 966 134
933 955 137
937 982 276
963 1013 79
963 1007 58
970 1011 264
1000 1021 230
1022 1055 257
1026 1041 67
1031 1061 95
1034 1083 80
1051 1092 232
1051 1098 91
1075 1114 134
1076 1087 188
1106 1108 34
1130 1159 170
1154 1166 233
1176 1211 77
1192 1216 176
1208 1246 26
1231 1243 159
1256 1295 124
1264 1305 254
1271 1275 280
1282 1308 141
1287 1299 95
1293 1318 223
1318 1337 300
1325 1334 50
1346 1371 155
1350 1365 219
1379 1391 236
1392 1411 254
1396 1434 138
1425 1459 85
1453 1477 135
1464 1506 221
1473 1497 135
1502 1511 60
1528 1539 180
1553 1576 182
1580 1615 45
1588 1589 105
1595 1615 8
1599 1601 17
1626 1667 166
1656 1706 296
1679 1700 195
1692 1736 247
1711 1712 278
1733 1777 55
1760 1798 274
1785 1826 198
1814 1817 46
1843 1861 295
1857 1895 160
1874 1921 296
1874 1902 89
1891 1921 255
1904 1907 115
1928 1943 134
1957 1989 2
1981 2018 52
1990 2019 68
1999 2039 235
2012 2028 187
2020 2069 282
2040 2066 233
2054 2103 102
2079 2127 212
2098 2112 143
2105 2128 19
2134 2182 53
2142 2186 59
2162 2185 100
2191 2222 75
2194 2243 99
2222 2228 47
2225 2249 79
2225 2234 253
2240 2276 298
2248 2259 74
2266 2300 274
2295 2306 79
2309 2337 266
2336 2337 197
2354 2355 247
2371 2387 166
2380 2400 95
2410 2458 100
2412 2445 263
2420 2446 9
2449 2453 252
2455 2468 76
2472 2498 234
2490 2498 71
2511 2512 41
2524 2531 69
2544 2565 62
2569 2606 268
2585 2617 114
2601 2641 65
2619 2657 233
2644 2658 211
2673 2677 81
2686 2722 86
2703 2711 253
2716 2719 62
2739 2741 230
2755 2794 102
2782 2823 36
2805 2840 256
2813 2837 133
2826 2838 76
2844 2852 139
2864 2914 138
2879 2894 54
2886 2904 113
2900 2912 232
2919 2955 4
2946 2989 50
2953 2977 84
2972 2979 68
3001 3026 217
3026 3027 35
3026 3064 69
3048 3051 29
3069 3072 147
3079 3098 165
3098 3121 157
3108 3156 274
3115 3135 51
3128 3178 207
3133 3176 86
3149 3171 215
3166 3203 13
3172 3181 57
3173 3191 56
3178 3192 250
3184 3198 235
3191 3211 41
3210 3216 232
3225 3272 252
3251 3278 274
3263 3270 41
3289 3317 246
3289 3292 25
3306 3335 45
3333 3337 267
3336 3342 123
3347 3353 266
3357 3405 213
3358 3373 294
3359 3372 233
3378 3428 212
3406 3429 167
3428 3473 233
3451 3454 37
3465 3501 6
3467 3509 141
3469 3470 5
3472 3494 240
3494 3497 162
3504 3522 77
3522 3531 225
3538 3549 252
3541 3588 216
3561 3575 201
3580 3605 72
3592 3632 30
3613 3633 293
3624 3673 275
3639 3663 13
3657 3681 209
3665 3693 10
3678 3684 290
3696 3712 50
3704 3754 18
3721 3728 173
3739 3761 93
3745 3780 209
3748 3773 291
3761 3784 212
3768 3795 273
3777 3789 198
3804 3848 40
3831 3872 176
3846 3880 105
3853 3889 161
3859 3888 18
3864 3889 238
3873 3915 93
3883 3908 152
3908 3941 59
3932 3967 164
3940 3970 18
3947 3953 230
3958 3998 191
3982 4013 171
3995 4043 87
4015 4034 128
4034 4059 2
4056 4097 95
4075 4112 255
4083 4116 121
4099 4122 111
4108 4156 142
4133 4154 74
4148 4152 125
4150 4185 138
4164 4196 2
4181 4196 38
4195 4221 91
4207 4215 19
4227 4269 95
4237 4283 253
4242 4251 46
4257 4306 264
4273 4276 63
4280 4315 22
4291 4328 5
4297 4320 213
4326 4339 224
4355 4399 248
4372 4406 282
4402 4424 56
4422 4447 91
4447 4486 283
4452 4500 106
4466 4481 180
4474 4520 296
4482 4525 138
4508 4514 200
4519 4557 61
4520 4556 268
4534 4584 177
4552 4574 158
4573 4618 235
