300
6 50 159
26 59 223
51 100 173
55 80 47
58 97 277
66 90 175
95 137 173
95 138 180
119 144 231
138 150 190
164 182 16
171 183 175
185 197 44
201 232 126
214 259 53
235 252 102
252 292 142
268 281 17
295 344 175
301 347 108
325 334 194
337 363 197
358 365 226
368 413 155
368 372 175
395 411 156
411 460 171
418 423 132
446 467 292
447 460 127
457 469 152
475 515 293
495 496 47
521 536 149
551 575 282
579 621 93
609 626 42
609 614 56
625 634 172
644 645 2
647 662 195
665 691 140
673 711 102
695 723 26
704 726 249
707 751 67
716 722 113
730 751 96
738 776 291
746 766 148
774 817 85
798 833 211
808 830 107
838 839 116
840 846 223
866 901 27
885 904 259
893 898 48
916 955 177
932 978 23
938 973 193
968 977 107
968 994 202
991 993 258
1006 1034 52
1019 1041 198
1034 1083 206
1055 1097 226
1076 1105 183
1088 1129 150
1088 1109 154
1117 1165 18
1132 1160 189
1140 1173 82
1145 1147 35
1155 1173 51
1184 1209 154
1202 1227 148
1207 1248 206
1234 1237 213
1248 1282 284
1264 1266 252
1291 1334 35
1305 1351 149
1322 1359 179
1328 1333 93
1352 1354 140
1356 1388 196
1377 1402 58
1386 1399 205
1400 1432 227
1409 1412 214
1421 1443 47
1430 1460 270
1431 1438 254
1450 1468 191
1459 1473 23
1466 1471 123
1484 1522 235
1498 1508 117
1528 1554 205
1539 1583 87
1562 1598 174
1583 1604 98
1595 1630 68
1617 1640 57
1631 1636 20
1636 1679 24
1640 1643 174
1654 1666 185
1678 1722 260
1699 1709 204
1729 1778 170
1757 1763 271
1762 1787 163
1782 1821 217
1786 1797 109
1806 1813 280
1834 1854 184
1841 1871 27
1864 1909 34
1878 1910 159
1880 1929 37
1888 1897 247
1918 1965 272
1926 1929 160
1950 1982 170
1976 1992 192
1999 2034 260
2019 2058 147
2026 2067 235
2043 2081 32
2059 2078 63
2077 2096 299
2103 2134 126
2122 2147 136
2141 2179 90
2148 2183 40
2152 2173 102
2167 2169 207
2197 2219 5
2205 2238 198
2216 2234 195
2218 2231 12
2229 2256 203
2254 2282 50
2268 2297 220
2268 2294 57
2295 2314 102
2321 2336 39
2340 2379 56
2357 2361 287
2387 2404 140
2402 2434 40
2402 2434 184
2421 2471 125
2447 2475 160
2464 2478 82
2466 2492 67
2493 2503 152
2500 2529 282
2523 2544 130
2544 2590 260
2565 2575 91
2575 2596 76
2586 2611 237
2606 2628 25
2635 2643 176
2657 2679 194
2683 2709 208
2685 2721 141
2704 2744 11
2717 2766 215
2732 2776 157
2759 2778 212
2764 2793 138
2784 2798 129
2804 2849 75
2811 2840 196
2829 2861 91
2843 2878 93
2857 2899 170
2879 2887 30
2892 2904 112
2915 2948 203
2918 2941 280
2941 2969 59
2963 2984 266
2968 2990 15
2996 3045 185
2996 3038 19
3017 3060 81
3031 3046 228
3042 3059 17
3056 3085 86
3084 3130 251
3111 3112 235
3140 3166 71
3163 3168 66
3189 3237 109
3218 3249 80
3232 3281 255
3251 3271 279
3253 3290 167
3277 3323 170
3278 3316 212
3279 3310 44
3296 3343 113
3317 3366 53
3345 3367 199
3370 3401 152
3374 3386 130
3398 3438 154
3427 3430 216
3444 3488 228
3469 3482 92
3472 3518 187
3491 3492 94
3512 3530 61
3525 3548 202
3543 3581 122
3568 3582 291
3574 3607 221
3575 3581 148
3578 3612 89
3601 3617 31
3614 3646 182
3617 3619 78
3635 3657 287
3664 3703 191
3682 3708 265
3685 3707 72
3704 3735 207
3725 3740 87
3725 3756 58
3743 3789 179
3761 3797 32
3788 3806 55
3795 3798 214
3822 3867 55
3822 3827 224
3842 3881 62
3865 3896 54
3880 3910 32
3886 3922 205
3915 3948 287
3929 3976 179
3959 3979 39
3966 4004 85
3993 4037 18
4019 4040 132
4025 4058 252
4039 4080 28
4057 4083 109
4061 4111 160
4086 4136 120
4107 4108 262
4112 4159 32
4132 4138 201
4137 4168 12
4146 4173 51
4157 4202 192
4180 4198 186
4180 4187 217
4201 4238 246
4209 4255 82
4236 4264 12
4242 4247 31
4260 4296 164
4283 4327 9
4289 4317 10
4291 4323 167
4292 4306 63
4313 4353 274
4334 4368 190
4347 4365 217
4367 4381 107
4384 4418 210
4414 4429 185
4435 4466 205
4465 4492 220
4482 4502 57
4497 4521 288
4505 4507 292
4527 4566 83
4543 4591 252
4571 4606 91
4586 4613 215
4609 4620 282
4617 4625 2
4642 4653 129
4659 4671 118
4665 4709 144
4689 4704 257
4699 4700 174
4727 4730 204
4753 4754 210
4781 4828 67
4781 4820 11
4808 4837 235
