300
27 42 250
39 48 32
50 82 229
60 74 238
63 112 115
74 105 116
104 130 210
117 153 239
125 163 135
155 198 238
167 189 263
177 188 17
207 250 163
216 222 8
229 271 7
255 291 147
270 285 236
281 287 205
311 344 163
323 333 224
344 385 275
348 364 11
357 393 147
360 366 250
379 412 276
392 424 21
405 427 182
416 433 18
436 462 138
461 472 58
477 518 147
493 524 93
510 511 115
531 579 252
560 578 74
561 577 46
581 587 151
602 633 183
614 641 198
623 656 64
634 655 270
638 682 87
654 673 63
678 702 248
695 699 43
713 747 151
736 755 132
744 785 262
760 772 183
765 770 165
778 781 46
802 818 144
809 839 190
839 847 126
845 872 259
875 891 143
892 898 157
915 925 275
922 943 185
930 976 37
944 991 116
968 1004 111
994 1024 18
1003 1013 143
1022 1043 80
1039 1049 272
1056 1106 120
1070 1111 151
1079 1127 151
1108 1151 222
1118 1151 156
1135 1152 134
1147 1157 201
1167 1187 102
1191 1212 201
1214 1254 32
1230 1258 161
1250 1274 127
1252 1258 181
1273 1280 32
1289 1305 270
1289 1305 284
1309 1352 221
1326 1336 38
1333 1357 299
1360 1389 140
1374 1395 256
1399 1445 158
1418 1442 80
1435 1476 3
1464 1473 60
1474 1500 297
1490 1502 60
1501 1521 35
1509 1530 281
1524 1547 192
1548 1553 145
1560 1589 240
1560 1579 83
1581 1588 212
1602 1607 172
1610 1629 207
1620 1665 62
1621 1639 24
1638 1676 228
1644 1651 31
1664 1692 85
1685 1726 191
1705 1710 242
1735 1757 291
1739 1741 158
1763 1797 267
1792 1838 277
1817 1834 207
1846 1863 54
1874 1894 75
1886 1923 163
1891 1909 206
1898 1911 60
1919 1920 285
1946 1972 264
1966 1991 153
1969 1999 151
1970 2008 158
1999 2045 147
2027 2047 226
2045 2071 35
2063 2099 140
2086 2097 43
2102 2128 268
2125 2150 105
2135 2165 36
2156 2203 219
2181 2192 100
2191 2232 99
2201 2209 138
2223 2254 137
2232 2262 8
2251 2289 136
2260 2297 140
2278 2313 183
2289 2294 56
2316 2359 244
2344 2357 295
2362 2400 83
2371 2374 289
2400 2450 141
2428 2474 227
2456 2480 5
2470 2510 152
2492 2493 19
2507 2543 189
2534 2539 104
2535 2574 234
2555 2567 139
2561 2596 15
2588 2635 14
2593 2598 167
2593 2604 283
2617 2645 140
2637 2649 112
2661 2663 188
2683 2709 136
2712 2755 232
2713 2748 239
2720 2730 157
2725 2767 52
2741 2751 158
2752 2787 66
2775 2820 91
2788 2820 248
2809 2822 81
2809 2857 66
2827 2860 245
2831 2846 95
2849 2893 51
2853 2892 231
2864 2906 78
2873 2878 81
2880 2917 104
2896 2924 241
2921 2960 65
2928 2958 40
2953 3001 95
2969 2986 276
2970 2980 214
2972 2996 263
2977 2987 63
2989 3027 243
3010 3042 298
3014 3052 140
3034 3065 240
3060 3067 158
3062 3109 92
3068 3096 112
3072 3077 109
3096 3128 219
3107 3154 286
3115 3164 164
3136 3149 23
3163 3205 166
3173 3196 254
3187 3225 292
3190 3235 17
3206 3231 221
3223 3229 93
3234 3246 272
3261 3269 238
3271 3301 278
3300 3310 263
3314 3359 102
3342 3357 250
3364 3388 298
3375 3400 273
3375 3419 23
3390 3427 109
3413 3424 50
3416 3456 151
3430 3463 95
3452 3492 60
3455 3458 151
3466 3473 111
3490 3539 200
3510 3515 29
3515 3533 257
3542 3576 291
3567 3613 144
3581 3591 280
3589 3602 109
3593 3639 121
3596 3637 96
3609 3646 211
3627 3652 235
3628 3647 1
3646 3672 141
3651 3679 184
3656 3681 139
3672 3684 136
3698 3715 61
3726 3727 250
3747 3753 268
3776 3826 19
3781 3815 267
3801 3838 118
3816 3854 169
3846 3857 142
3859 3896 269
3881 3914 78
3890 3904 105
3902 3910 189
3912 3934 13
3938 3954 53
3939 3956 282
3956 4003 298
3972 3975 78
3991 4018 280
4012 4053 40
4038 4066 190
4055 4072 157
4065 4096 135
4070 4113 257
4096 4130 52
4119 4145 289
4129 4162 220
4135 4146 114
4155 4183 129
4163 4194 10
4183 4188 166
4197 4228 48
4206 4236 186
4234 4264 186
4251 4252 80
4279 4294 55
4296 4327 100
4306 4341 13
4323 4344 282
4352 4393 96
4382 4396 156
4401 4433 230
4420 4445 118
4445 4465 197
4446 4447 139
4469 4500 31
4491 4536 141
4514 4527 63
4530 4548 185
4547 4550 207
4548 4595 195
4569 4585 293
4569 4618 196
4595 4596 2
4616 4663 63
4628 4650 201
4631 4648 110
4661 4710 234
4689 4702 200
4694 4744 186
4721 4732 232
4748 4757 276
4756 4803 145
