300
16 30 142
41 63 55
68 114 27
83 132 227
89 98 281
119 161 22
129 149 154
145 192 244
167 176 153
183 210 31
185 212 199
214 234 264
221 241 57
237 285 9
254 293 50
280 304 63
290 316 214
310 327 34
329 349 77
332 342 4
358 370 297
368 372 50
383 429 235
409 434 208
416 450 96
434 483 165
447 450 240
468 482 288
471 505 281
496 515 296
521 557 2
526 537 228
541 562 252
564 591 50
592 632 100
599 603 101
618 653 232
625 663 128
652 656 5
675 692 263
679 718 129
689 710 125
698 710 201
703 735 231
727 774 99
728 750 227
758 778 200
764 765 217
784 834 38
812 827 84
824 836 114
826 830 259
856 857 28
885 928 192
895 922 165
900 915 260
920 950 123
949 996 101
962 980 270
972 979 52
991 998 7
1021 1063 143
1045 1085 7
1059 1074 93
1068 1093 57
1081 1085 2
1111 1144 153
1111 1146 177
1125 1134 249
1152 1164 261
1169 1188 77
1175 1211 176
1204 1241 213
1220 1265 267
1230 1252 284
1248 1251 19
1277 1323 15
1277 1323 163
1299 1333 100
1317 1365 56
1331 1381 234
1339 1370 257
1365 1381 73
1381 1382 160
1381 1388 100
1403 1431 111
1414 1416 14
1419 1468 265
1447 1481 150
1475 1520 135
1502 1541 31
1506 1542 123
1524 1533 296
1534 1558 204
1556 1604 27
1573 1587 275
1588 1638 214
1589 1590 136
1593 1638 74
1603 1628 202
1633 1661 140
1648 1695 137
1656 1705 232
1679 1697 61
1690 1718 245
1701 1735 120
1727 1736 149
1733 1782 68
1750 1797 57
1763 1805 245
1781 1810 36
1807 1817 288
1828 1856 64
1851 1883 3
1863 1895 157
1864 1886 151
1892 1897 52
1922 1928 30
1922 1963 58
1935 1956 215
1936 1974 205
1961 1966 201
1967 2008 279
1993 2005 166
2009 2020 163
2018 2048 279
2048 2078 114
2068 2069 115
2074 2083 90
2093 2128 178
2102 2151 168
2119 2151 95
2143 2174 211
2171 2208 147
2173 2177 270
2173 2178 3
2202 2221 190
2202 2218 283
2224 2244 89
2229 2256 147
2250 2255 278
2261 2288 66
2279 2329 194
2294 2300 51
2303 2311 42
2305 2320 230
2311 2321 189
2327 2349 51
2351 2381 80
2376 2378 142
2399 2438 85
2417 2419 47
2425 2445 103
2430 2467 21
2454 2459 61
2467 2494 79
2474 2478 90
2497 2503 88
2513 2550 158
2529 2544 239
2539 2567 256
2550 2566 189
2576 2600 174
2582 2615 179
2588 2623 242
2606 2649 42
2634 2677 103
2664 2667 115
2670 2707 131
2698 2719 3
2718 2724 196
2720 2742 147
2725 2741 163
2751 2778 235
2771 2776 196
2784 2791 13
2795 2796 257
2796 2819 206
2799 2838 43
2807 2825 93
2830 2840 78
2835 2877 215
2849 2891 274
2863 2906 148
2884 2920 86
2897 2937 173
2925 2928 286
2937 2956 124
2949 2964 181
2958 2988 179
2984 3033 202
2984 3032 150
3002 3004 13
3007 3042 2
3012 3037 186
3014 3028 187
3042 3045 100
3042 3048 195
3060 3089 103
3065 3080 177
3066 3090 2
3073 3107 72
3092 3100 34
3119 3145 293
3149 3167 191
3161 3186 18
3181 3226 158
3193 3225 107
3216 3238 53
3231 3232 177
3234 3263 60
3236 3275 173
3240 3249 279
3247 3283 246
3276 3312 76
3283 3316 16
3286 3305 238
3294 3307 101
3309 3328 27
3336 3340 257
3338 3350 1
3365 3375 291
3389 3404 248
3418 3420 229
3421 3440 194
3443 3458 283
3450 3470 177
3477 3505 132
3501 3526 175
3521 3527 48
3522 3561 192
3537 3587 251
3567 3592 297
3585 3614 134
3595 3625 167
3619 3644 65
3631 3641 14
3652 3697 214
3665 3667 220
3688 3696 31
3704 3730 275
3709 3749 44
3733 3767 3
3740 3760 7
3751 3798 39
3772 3793 152
3793 3796 297
3803 3840 251
3813 3852 37
3836 3840 54
3862 3870 84
3874 3889 9
3885 3896 123
3906 3954 19
3933 3944 207
3941 3982 50
3958 3961 190
3967 4012 29
3980 4024 28
3985 4034 11
3995 4000 159
4025 4074 131
4033 4039 112
4033 4055 237
4051 4083 175
4075 4079 240
4088 4105 175
4115 4160 295
4145 4164 188
4149 4199 67
4178 4202 249
4189 4232 173
4201 4240 50
4227 4238 227
4251 4298 19
4276 4310 104
4298 4340 296
4326 4335 222
4355 4383 138
4385 4399 169
4387 4402 142
4403 4411 10
4409 4421 75
4429 4459 140
4436 4457 41
4439 4461 162
4444 4473 262
4464 4508 140
4479 4481 74
4507 4537 287
4515 4544 216
4528 4567 183
4540 4541 163
4540 4580 227
4567 4596 236
4591 4630 276
4602 4636 181
4621 4634 161
4624 4671 282
4639 4688 117
