300
14 57 30
21 49 129
28 31 125
46 74 40
56 60 170
71 92 31
82 115 214
99 132 9
126 155 232
140 176 105
156 198 272
178 191 19
204 219 138
211 218 270
239 267 7
266 278 121
274 305 208
283 322 50
313 342 165
318 332 128
346 369 44
352 397 267
373 411 156
393 417 250
398 429 131
426 429 244
437 481 268
449 490 41
478 485 271
502 537 219
512 526 109
532 539 54
535 540 245
542 578 46
545 585 181
573 615 175
597 619 36
616 618 189
631 661 109
644 679 41
669 681 212
672 680 182
681 719 193
683 722 204
695 739 228
703 737 63
711 724 135
721 728 54
735 750 150
753 776 266
782 790 190
787 797 13
805 830 71
810 859 213
811 834 14
814 848 37
837 843 154
854 858 177
856 902 44
886 916 140
912 949 237
925 927 118
941 964 273
952 991 2
961 988 188
984 1016 102
1003 1040 75
1009 1033 78
1009 1040 92
1036 1060 27
1060 1076 140
1089 1130 218
1089 1125 148
1101 1109 262
1123 1166 195
1132 1138 226
1137 1160 6
1147 1164 178
1155 1193 75
1179 1206 156
1185 1234 283
1187 1212 78
1200 1201 263
1219 1224 175
1223 1253 97
1225 1272 229
1254 1300 200
1262 1311 210
1291 1292 230
1317 1337 279
1345 1367 84
1345 1352 71
1362 1374 69
1392 1417 246
1401 1437 221
1404 1413 32
1418 1461 20
1435 1470 54
1456 1503 182
1471 1477 82
1485 1526 266
1487 1505 25
1498 1514 154
1516 1520 7
1525 1562 166
1531 1562 196
1561 1575 200
1589 1621 165
1604 1642 149
1615 1654 243
1639 1671 204
1660 1699 204
1665 1685 144
1666 1671 283
1683 1691 96
1695 1731 179
1709 1750 17
1711 1743 205
1731 1732 44
1747 1784 286
1763 1803 23
1767 1795 83
1773 1800 76
1788 1820 11
1808 1809 117
1838 1852 42
1852 1889 140
1865 1909 44
1894 1933 200
1910 1921 259
1920 1930 127
1945 1977 191
1973 1996 24
1999 2025 25
2003 2018 54
2011 2020 185
2029 2076 239
2046 2087 167
2067 2105 237
2070 2088 286
2094 2111 73
2097 2113 73
2104 2122 192
2124 2132 19
2130 2168 236
2142 2168 296
2151 2194 81
2161 2186 279
2181 2185 212
2183 2196 190
2183 2184 34
2190 2197 278
2192 2225 186
2218 2225 210
2243 2247 232
2244 2252 299
2270 2277 290
2270 2285 64
2272 2281 76
2279 2311 227
2305 2325 182
2316 2356 233
2338 2366 163
2368 2410 281
2369 2390 88
2396 2426 254
2408 2428 23
2433 2452 194
2435 2439 25
2435 2465 184
2446 2473 108
2471 2497 28
2479 2526 53
2492 2533 284
2501 2542 228
2515 2546 160
2541 2548 251
2559 2586 56
2586 2599 208
2616 2646 204
2619 2666 110
2637 2671 285
2654 2670 258
2677 2680 135
2685 2728 297
2701 2704 132
2703 2705 122
2719 2766 17
2727 2771 147
2728 2754 158
2750 2789 200
2775 2797 269
2795 2842 123
2818 2831 127
2821 2836 121
2825 2846 93
2855 2892 231
2877 2921 160
2893 2922 279
2894 2906 220
2922 2943 142
2951 3001 213
2967 2980 258
2990 3033 147
3008 3039 90
3028 3063 271
3042 3066 73
3068 3079 124
3085 3135 240
3087 3127 37
3101 3138 161
3121 3163 283
3130 3147 184
3157 3176 150
3179 3187 88
3205 3244 251
3235 3254 91
3264 3308 175
3270 3299 167
3292 3312 57
3296 3331 132
3303 3315 189
3324 3326 7
3331 3338 242
3359 3392 53
3375 3393 175
3384 3418 190
3406 3429 225
3430 3476 26
3450 3491 87
3460 3492 48
3461 3478 56
3466 3500 17
3487 3531 182
3513 3560 11
3515 3537 283
3522 3561 68
3536 3540 225
3559 3602 88
3562 3569 54
3575 3594 26
3578 3600 70
3595 3643 37
3625 3666 56
3651 3699 27
3668 3676 23
3692 3694 192
3705 3724 15
3726 3744 88
3749 3783 276
3765 3768 77
3769 3800 138
3774 3795 237
3782 3793 139
3800 3826 167
3803 3821 73
3830 3841 99
3850 3854 262
3852 3885 71
3856 3895 42
3876 3893 32
3902 3915 130
3904 3912 6
3931 3957 99
3960 3981 100
3974 4003 271
4000 4047 190
4019 4036 269
4023 4051 50
4038 4075 264
4068 4091 223
4069 4117 59
4083 4091 240
4093 4132 299
4117 4158 272
4134 4176 271
4159 4161 243
4162 4172 150
4168 4210 3
4178 4216 235
4192 4231 127
4198 4229 264
4208 4228 222
4234 4274 47
4261 4294 291
4275 4301 228
4292 4297 284
4307 4320 214
4320 4332 118
4329 4358 58
4348 4364 163
4373 4409 190
4385 4406 95
4413 4423 222
4434 4447 41
4461 4481 52
4463 4502 298
4480 4495 206
4489 4495 242
4513 4535 34
