300
29 65 79
36 81 97
65 90 291
78 124 138
83 91 183
107 123 26
135 149 20
157 173 31
184 198 77
192 218 239
199 249 23
210 239 273
239 252 296
264 265 29
284 334 49
293 313 209
294 326 98
324 337 160
346 358 13
355 361 18
362 369 150
369 378 167
383 424 98
393 419 278
409 424 70
416 417 19
427 462 25
433 460 142
437 476 275
443 493 128
448 475 154
456 459 93
467 486 177
486 535 17
506 538 17
512 542 131
537 583 15
553 590 46
559 607 67
579 620 119
603 606 69
633 670 113
651 693 22
656 660 226
671 685 159
696 716 32
709 712 24
736 760 287
746 779 89
755 786 274
776 783 197
780 796 101
786 832 288
788 822 17
814 819 281
832 838 211
856 871 131
860 885 290
865 907 167
884 886 49
894 924 177
907 926 187
908 952 110
915 939 122
929 964 298
938 976 180
960 980 4
977 1004 199
1007 1012 291
1035 1056 286
1050 1089 87
1079 1090 73
1109 1146 265
1116 1118 87
1125 1155 3
1147 1170 190
1166 1213 267
1176 1221 279
1181 1203 99
1202 1230 82
1231 1235 47
1259 1261 41
1276 1282 78
1293 1313 262
1298 1333 99
1319 1345 12
1345 1358 204
1354 1388 142
1359 1391 255
1370 1373 9
1387 1399 195
1411 1450 31
1415 1418 140
1431 1438 68
1445 1483 221
1455 1486 267
1459 1473 30
1463 1498 283
1468 1511 79
1482 1510 236
1502 1524 162
1503 1553 28
1519 1545 298
1530 1571 132
1551 1587 173
1577 1614 244
1583 1585 293
1594 1618 114
1595 1609 127
1610 1655 13
1615 1662 228
1621 1643 44
1644 1693 161
1654 1663 67
1671 1697 38
1680 1708 265
1686 1733 188
1690 1732 128
1718 1761 21
1726 1774 71
1735 1769 247
1764 1813 74
1768 1793 104
1780 1816 17
1810 1838 90
1821 1834 172
1836 1861 34
1860 1883 23
1861 1911 188
1872 1913 299
1872 1902 167
1884 1890 211
1896 1904 102
1920 1946 189
1941 1975 208
1966 1994 85
1989 2037 285
2009 2027 219
2017 2033 179
2019 2061 138
2024 2050 93
2027 2074 186
2054 2063 187
2073 2092 107
2091 2111 16
2120 2127 102
2136 2179 198
2148 2149 168
2165 2175 164
2189 2208 213
2195 2234 256
2204 2205 18
2210 2237 260
2235 2252 103
2256 2287 45
2260 2266 247
2273 2286 128
2291 2302 146
2306 2319 206
2334 2359 289
2364 2383 282
2382 2400 205
2407 2442 28
2430 2439 126
2458 2468 65
2470 2519 36
2480 2526 112
2496 2515 159
2503 2520 247
2514 2517 2
2519 2562 247
2537 2568 81
2548 2588 295
2557 2564 119
2582 2590 18
2601 2650 31
2604 2606 195
2632 2647 3
2656 2679 260
2679 2718 136
2704 2706 61
2734 2748 96
2750 2787 212
2779 2801 65
2783 2830 2
2785 2819 252
2801 2807 42
2808 2820 83
2811 2832 241
2839 2883 139
2866 2896 234
2893 2914 171
2922 2950 89
2926 2934 12
2945 2977 283
2962 2994 131
2972 3010 119
3002 3047 217
3016 3063 153
3016 3026 215
3024 3048 13
3043 3067 52
3056 3062 199
3063 3108 284
3087 3123 210
3101 3109 190
3103 3129 224
3111 3117 29
3124 3161 266
3149 3193 96
3160 3170 18
3174 3195 195
3198 3203 198
3207 3253 242
3222 3261 79
3247 3270 21
3261 3286 50
3273 3300 79
3287 3327 48
3305 3353 134
3321 3345 126
3339 3348 10
3368 3406 241
3389 3419 116
3402 3417 251
3432 3481 266
3456 3481 200
3462 3477 134
3468 3518 135
3482 3511 285
3487 3528 76
3495 3536 129
3502 3529 83
3509 3548 89
3516 3533 296
3524 3567 63
3546 3565 155
3553 3598 40
3568 3607 155
3598 3612 25
3623 3653 169
3645 3652 120
3657 3695 191
3660 3661 227
3674 3692 158
3677 3696 18
3690 3739 87
3709 3754 36
3718 3756 24
3743 3770 84
3748 3771 82
3755 3797 272
3762 3790 22
3770 3796 272
3781 3799 65
3801 3822 257
3801 3807 42
3816 3846 219
3820 3857 211
3822 3834 184
3846 3869 47
3867 3916 60
3876 3899 193
3878 3924 68
3882 3887 90
3893 3914 37
3906 3938 282
3935 3960 244
3952 3984 94
3980 4024 238
3980 3998 181
4010 4023 174
4039 4068 190
4048 4097 74
4057 4103 221
4082 4109 299
4102 4110 49
4107 4126 107
4120 4143 137
4148 4183 62
4149 4186 91
4150 4172 217
4152 4168 194
4166 4213 271
4172 4175 270
4186 4236 165
4216 4264 222
4227 4237 85
4244 4253 146
4269 4275 253
4277 4313 99
4282 4302 288
4306 4337 186
4330 4357 78
4351 4365 11
4363 4367 221
4393 4410 214
4399 4426 167
4401 4416 267
4417 4460 162
