300
19 48 215
42 72 135
55 70 62
58 100 288
63 107 122
76 122 125
92 123 84
96 113 50
104 105 155
121 126 47
151 175 180
158 200 202
183 199 98
207 249 235
213 243 113
217 258 124
228 277 295
229 240 70
243 286 224
259 287 102
263 280 65
288 322 208
313 344 32
339 350 100
363 393 67
363 383 63
390 429 267
392 436 232
402 413 294
412 444 184
422 445 285
450 483 241
471 518 138
487 508 208
514 531 212
536 566 294
542 580 221
561 566 106
588 625 197
593 602 209
609 624 52
635 679 157
660 706 183
686 688 119
705 746 219
725 726 266
728 777 11
739 762 164
739 784 79
742 776 88
770 796 266
787 799 102
791 806 166
820 865 163
848 856 276
851 879 181
853 899 46
856 877 192
879 882 109
908 918 251
910 935 219
939 973 7
947 949 48
965 991 77
973 1017 276
991 1018 110
1014 1058 97
1041 1044 75
1054 1060 144
1083 1086 292
1102 1108 151
1111 1144 48
1113 1161 217
1127 1141 195
1133 1140 144
1136 1151 42
1155 1178 16
1179 1207 132
1197 1239 300
1224 1272 289
1243 1282 195
1260 1305 77
1288 1333 215
1305 1325 298
1316 1330 179
1332 1342 82
1357 1368 198
1377 1424 255
1392 1419 76
1393 1395 263
1409 1412 197
1416 1450 198
1445 1486 60
1469 1500 288
1474 1508 60
1493 1518 226
1494 1540 85
1524 1573 24
1525 1531 163
1548 1555 137
1554 1592 222
1567 1592 257
1567 1602 62
1575 1603 134
1597 1615 49
1624 1662 98
1648 1670 254
1668 1680 17
1693 1710 80
1700 1703 30
1724 1748 20
1739 1778 266
1757 1773 178
1783 1784 239
1809 1854 166
1823 1835 143
1835 1848 285
1861 1867 26
1873 1906 151
1893 1897 296
1894 1930 95
1924 1941 153
1953 1957 156
1967 2003 160
1974 2021 174
1987 2014 213
1997 1998 32
2004 2012 22
2027 2054 130
2040 2056 3
2047 2085 177
2047 2061 180
2051 2062 109
2074 2097 299
2075 2104 255
2100 2114 32
2129 2139 94
2142 2160 252
2148 2164 23
2158 2161 52
2158 2207 79
2174 2201 138
2180 2222 124
2200 2212 176
2221 2252 18
2247 2248 291
2250 2262 215
2261 2274 187
2266 2286 275
2291 2307 133
2306 2336 119
2330 2343 91
2354 2383 96
2364 2407 207
2392 2429 113
2405 2441 172
2405 2451 19
2427 2454 15
2439 2449 154
2441 2465 91
2456 2472 71
2458 2506 12
2461 2464 116
2461 2476 260
2461 2474 139
2464 2512 12
2477 2526 221
2507 2557 185
2536 2542 206
2546 2586 70
2573 2609 137
2597 2637 3
2619 2626 120
2629 2650 75
2659 2667 163
2671 2695 127
2677 2727 225
2685 2705 24
2711 2738 212
2722 2755 30
2752 2787 96
2754 2803 138
2764 2778 231
2780 2830 37
2790 2835 105
2797 2832 216
2809 2826 102
2821 2869 60
2825 2865 139
2845 2886 195
2871 2902 294
2899 2924 216
2920 2929 80
2950 2971 12
2978 3020 169
2991 3035 36
2999 3045 242
3016 3023 20
3027 3041 62
3054 3094 208
3079 3092 86
3107 3116 43
3131 3176 46
3136 3152 118
3137 3158 246
3139 3181 241
3144 3191 238
3165 3186 173
3183 3193 246
3208 3224 132
3210 3235 126
3217 3246 38
3234 3253 21
3260 3310 67
3287 3331 279
3305 3351 161
3322 3370 197
3332 3376 277
3353 3388 217
3354 3376 75
3369 3388 230
3390 3421 253
3410 3414 285
3438 3481 39
3441 3443 212
3461 3473 77
3489 3518 164
3511 3543 237
3536 3565 180
3555 3557 118
3558 3577 272
3567 3585 104
3588 3593 73
3595 3598 287
3602 3608 61
3618 3659 273
3622 3667 157
3642 3679 269
3659 3663 166
3675 3680 222
3705 3727 115
3709 3719 292
3731 3753 113
3735 3765 218
3746 3760 243
3766 3767 261
3796 3837 136
3825 3865 187
3837 3853 100
3866 3904 170
3875 3925 288
3875 3910 42
3905 3946 172
3909 3930 85
3912 3933 116
3923 3973 30
3932 3961 276
3940 3970 71
3970 3981 23
3990 4031 7
3998 4045 170
4003 4050 120
4030 4038 266
4045 4093 51
4070 4106 75
4098 4104 124
4112 4131 50
4133 4139 98
4144 4150 67
4172 4206 282
4200 4201 78
4217 4255 249
4233 4256 85
4240 4253 77
4258 4291 150
4259 4288 253
4271 4274 299
4273 4318 154
4302 4350 258
4319 4360 299
4330 4339 271
4342 4386 30
4370 4419 74
4387 4404 81
4406 4411 169
4419 4457 271
4447 4451 197
4473 4492 227
4488 4493 197
4492 4532 193
4494 4532 300
4511 4530 38
4535 4549 264
4548 4550 263
4557 4567 178
4562 4597 194
4578 4586 75
4602 4626 74
4626 4635 210
4633 4654 211
