300
4 40 143
6 8 296
19 44 98
22 24 272
29 42 297
54 93 232
82 120 30
101 136 179
111 143 58
122 149 117
139 161 173
160 200 60
171 178 72
199 224 249
213 230 244
242 251 180
259 290 9
271 297 124
295 331 207
299 328 284
324 344 38
326 369 49
342 369 214
352 401 166
366 367 295
373 421 226
379 419 294
408 450 103
433 473 195
461 497 213
472 496 172
476 508 108
489 525 295
503 532 209
518 544 271
538 572 78
542 573 121
557 588 265
558 578 272
586 591 5
603 611 49
624 673 244
642 688 215
645 692 7
668 711 17
677 709 145
687 728 138
714 748 219
730 774 112
747 795 263
757 772 286
786 810 294
811 813 244
820 866 47
827 874 43
832 876 290
847 897 125
853 874 232
853 894 245
875 887 130
885 891 110
915 945 67
931 956 3
947 969 293
969 1001 57
999 1015 257
1024 1074 270
1036 1082 261
1053 1102 234
1069 1105 100
1083 1103 283
1102 1104 262
1106 1145 87
1124 1146 260
1145 1151 174
1158 1206 254
1187 1217 184
1212 1258 80
1222 1241 144
1227 1260 286
1233 1248 111
1243 1280 32
1263 1292 239
1268 1315 147
1285 1299 250
1309 1314 42
1334 1371 33
1363 1366 75
1364 1398 102
1369 1387 236
1385 1404 290
1388 1436 246
1398 1446 133
1402 1432 13
1421 1455 129
1433 1470 181
1440 1468 97
1441 1482 163
1469 1490 10
1478 1525 170
1499 1504 256
1526 1545 68
1553 1603 7
1556 1606 73
1564 1610 40
1590 1596 101
1596 1620 207
1617 1622 266
1621 1664 133
1621 1644 63
1649 1697 158
1654 1702 2
1680 1694 117
1698 1738 177
1710 1726 17
1714 1722 126
1719 1736 225
1740 1770 89
1756 1798 37
1786 1800 88
1810 1846 178
1828 1844 90
1852 1855 75
1869 1890 92
1890 1904 44
1913 1951 146
1942 1974 128
1950 1971 46
1976 1993 232
1981 1988 276
1990 2002 190
1999 2034 165
2000 2008 220
2023 2047 199
2030 2046 125
2041 2042 124
2060 2079 198
2071 2104 201
2083 2129 99
2086 2115 7
2102 2144 266
2108 2123 82
2114 2130 75
2135 2182 276
2141 2159 132
2147 2167 73
2150 2192 192
2170 2218 40
2172 2182 131
2184 2234 255
2202 2209 111
2228 2252 206
2237 2254 32
2253 2263 83
2260 2309 188
2274 2284 55
2286 2320 274
2298 2332 127
2310 2344 124
2335 2378 140
2357 2401 245
2387 2413 97
2389 2404 85
2399 2417 87
2428 2437 135
2434 2462 73
2437 2479 299
2467 2493 83
2477 2520 286
2507 2508 70
2523 2566 214
2536 2550 247
2540 2573 280
2554 2561 267
2583 2586 171
2589 2592 282
2611 2647 289
2617 2630 137
2621 2637 227
2650 2662 257
2656 2675 257
2679 2688 61
2692 2704 167
2713 2757 137
2735 2776 109
2745 2785 144
2774 2803 158
2799 2810 132
2816 2866 249
2816 2823 141
2826 2858 90
2854 2871 240
2856 2883 230
2867 2898 75
2870 2909 66
2899 2942 188
2903 2921 173
2914 2957 215
2943 2964 79
2964 2982 293
2985 3025 257
3008 3024 194
3033 3076 231
3046 3086 137
3060 3088 157
3061 3082 126
3065 3115 164
3087 3099 171
3105 3146 150
3110 3127 282
3124 3129 73
3134 3150 278
3146 3160 152
3174 3191 269
3191 3217 281
3215 3259 30
3225 3229 187
3249 3283 20
3253 3262 149
3276 3289 157
3276 3281 180
3281 3308 164
3294 3296 124
3303 3324 114
3333 3357 169
3350 3378 78
3352 3361 18
3374 3422 79
3393 3428 109
3419 3445 244
3447 3476 90
3465 3503 70
3474 3493 268
3491 3539 92
3508 3515 74
3531 3542 180
3551 3591 27
3577 3603 220
3591 3623 218
3611 3641 54
3616 3654 258
3622 3631 68
3643 3685 115
3647 3687 265
3672 3675 244
3673 3691 144
3695 3718 197
3709 3720 115
3709 3720 151
3723 3768 121
3750 3761 79
3763 3777 212
3786 3808 78
3794 3803 230
3811 3830 115
3819 3868 227
3846 3864 32
3868 3881 295
3880 3881 226
3892 3899 168
3895 3914 19
3903 3935 52
3915 3944 144
3944 3974 29
3949 3993 53
3966 4002 146
3983 4025 242
4003 4027 32
4019 4025 192
4035 4065 223
4050 4077 22
4077 4115 184
4093 4141 217
4096 4122 282
4106 4125 240
4125 4167 293
4154 4184 247
4175 4216 204
4200 4202 131
4222 4249 21
4245 4275 2
4253 4279 159
4256 4276 54
4271 4287 122
4296 4322 296
4322 4354 261
4331 4333 123
4343 4383 1
4361 4388 170
4373 4375 297
4400 4402 188
4425 4456 287
4438 4471 250
4466 4469 100
4476 4520 242
4486 4513 191
4513 4541 158
4527 4573 154
4538 4573 273
4553 4584 17
