300
9 12 55
37 66 69
50 96 101
51 70 156
64 100 37
64 82 208
91 123 89
100 101 297
130 168 90
136 163 161
137 184 119
161 171 132
170 172 95
198 212 297
216 246 192
230 267 173
248 252 252
251 253 99
262 308 279
272 313 102
273 292 257
297 312 179
304 345 276
331 352 274
347 358 106
372 384 274
386 434 97
409 446 30
435 469 13
460 492 172
465 498 208
494 532 148
506 530 17
524 546 280
527 576 298
533 573 102
544 590 229
550 591 151
571 617 19
589 620 178
615 656 117
642 677 86
644 654 91
674 683 173
704 730 100
734 737 109
764 785 250
794 825 174
803 804 220
829 838 258
842 886 159
846 851 53
855 868 79
858 877 131
861 878 12
863 904 211
879 882 223
896 929 248
925 967 203
936 958 147
953 970 212
955 969 225
971 1020 179
992 1025 251
1012 1023 10
1017 1055 179
1042 1074 218
1050 1092 185
1050 1074 89
1061 1071 20
1088 1095 113
1117 1128 66
1136 1167 239
1140 1187 268
1165 1175 149
1166 1201 51
1172 1222 147
1202 1249 46
1207 1250 135
1232 1248 77
1246 1293 229
1251 1283 177
1270 1304 109
1282 1328 232
1302 1347 146
1330 1372 191
1332 1354 138
1361 1395 233
1377 1421 276
1382 1400 220
1388 1425 270
1390 1412 214
1413 1434 287
1426 1457 183
1439 1468 209
1452 1472 49
1476 1494 269
1477 1526 235
1488 1518 2
1496 1540 96
1519 1530 275
1549 1577 232
1554 1578 175
1561 1562 99
1586 1597 11
1592 1631 42
1593 1613 135
1608 1613 42
1631 1654 288
1634 1642 173
1663 1668 267
1678 1719 77
1701 1746 250
1725 1775 243
1727 1766 130
1747 1762 152
1773 1815 257
1783 1832 107
1792 1809 206
1809 1827 247
1828 1834 151
1828 1847 250
1854 1889 56
1865 1903 279
1881 1930 94
1900 1904 212
1909 1929 275
1927 1951 136
1954 1967 11
1955 2000 18
1967 1973 209
1970 1971 35
1999 2020 227
2019 2035 82
2036 2085 51
2064 2079 134
2083 2099 172
2099 2135 254
2102 2143 209
2107 2135 82
2117 2134 26
2142 2181 77
2143 2170 189
2145 2171 292
2163 2186 216
2173 2187 219
2183 2217 226
2183 2230 74
2211 2241 276
2236 2253 56
2237 2246 198
2266 2285 17
2282 2319 121
2309 2337 135
2337 2346 177
2355 2369 29
2358 2384 176
2360 2407 138
2387 2416 56
2415 2448 190
2416 2431 294
2424 2445 147
2434 2456 266
2450 2491 47
2480 2490 226
2510 2549 114
2536 2543 264
2563 2591 59
2581 2587 75
2606 2626 191
2633 2641 8
2649 2679 75
2668 2679 17
2674 2721 77
2678 2687 81
2703 2715 282
2719 2724 164
2749 2798 196
2761 2787 274
2777 2810 49
2787 2801 298
2802 2819 230
2803 2816 24
2815 2852 24
2826 2834 21
2834 2838 249
2858 2863 268
2859 2903 162
2861 2874 46
2861 2864 185
2876 2893 245
2878 2904 299
2907 2953 172
2920 2923 57
2948 2957 107
2959 2970 47
2986 2989 184
3005 3040 132
3032 3061 277
3051 3059 94
3079 3086 285
3098 3135 80
3119 3142 82
3146 3196 266
3152 3199 6
3174 3223 158
3178 3227 96
3207 3252 123
3211 3254 28
3238 3274 129
3247 3284 172
3259 3273 236
3276 3311 230
3299 3329 148
3315 3318 138
3330 3374 172
3357 3372 121
3358 3367 21
3370 3400 150
3372 3404 1
3390 3427 4
3397 3409 20
3426 3462 127
3448 3493 41
3470 3475 239
3494 3540 172
3509 3556 122
3516 3528 99
3543 3549 12
3567 3574 271
3570 3609 166
3570 3571 170
3580 3585 80
3603 3639 97
3609 3654 259
3611 3658 49
3613 3639 94
3625 3673 182
3646 3676 51
3671 3695 106
3690 3692 147
3712 3762 96
3714 3759 17
3734 3756 102
3756 3791 236
3767 3806 20
3795 3813 148
3808 3836 201
3834 3841 150
3836 3881 227
3851 3885 164
3860 3864 153
3872 3883 233
3887 3908 211
3908 3946 265
3936 3945 211
3945 3972 286
3971 4018 25
3971 3998 227
3998 4005 109
4008 4027 136
4037 4051 146
4060 4095 90
4081 4115 104
4084 4095 8
4087 4116 71
4117 4144 98
4130 4173 16
4151 4155 144
4160 4209 259
4170 4186 239
4171 4173 211
4188 4225 172
4202 4229 109
4209 4223 33
4227 4251 186
4241 4265 240
4268 4281 204
4285 4307 237
4300 4336 132
4317 4362 180
4342 4385 239
4346 4394 97
4354 4355 200
4376 4400 242
4406 4452 251
4422 4431 124
4447 4487 65
4455 4460 189
4463 4466 5
4471 4484 96
4497 4544 89
4505 4553 63
4523 4539 229
4529 4554 176
4532 4559 274
4547 4549 53
4570 4588 102
4578 4580 88
4603 4626 291
