300
19 44 213
35 48 88
57 93 195
57 105 38
72 111 91
95 142 54
112 162 198
135 174 155
157 174 194
158 197 197
187 235 286
210 237 87
233 263 54
234 266 215
262 287 25
272 310 102
283 318 98
290 298 285
319 334 91
322 349 271
345 362 207
347 368 285
369 405 2
376 409 7
378 392 95
398 427 66
415 456 208
416 421 73
430 474 258
455 467 126
459 467 88
464 497 233
493 503 130
518 551 280
528 552 153
555 576 179
564 611 43
582 628 157
589 595 159
600 601 229
618 633 180
645 662 185
672 682 139
697 725 151
713 722 212
721 738 98
739 781 174
756 785 282
760 801 40
784 807 184
811 814 297
833 854 49
861 890 54
866 873 172
876 896 280
897 921 12
914 919 173
934 975 63
956 969 40
986 1023 111
1005 1048 29
1017 1027 69
1019 1052 189
1039 1040 224
1049 1056 30
1052 1086 291
1066 1086 108
1070 1074 184
1097 1109 174
1110 1159 139
1113 1137 230
1118 1122 142
1126 1174 166
1143 1186 147
1149 1162 29
1179 1221 216
1200 1241 265
1207 1257 78
1216 1262 206
1226 1272 224
1255 1293 30
1265 1267 270
1294 1334 297
1312 1347 61
1316 1335 110
1334 1338 242
1363 1386 75
1393 1405 176
1409 1420 206
1416 1466 249
1436 1442 151
1460 1500 65
1489 1537 209
1498 1544 103
1498 1507 167
1504 1537 2
1506 1530 75
1514 1539 172
1529 1551 253
1556 1570 34
1557 1580 172
1561 1594 20
1565 1589 76
1580 1589 49
1586 1610 106
1590 1621 67
1593 1605 27
1619 1667 155
1641 1686 74
1641 1651 272
1643 1679 57
1662 1681 199
1689 1701 204
1719 1732 21
1719 1732 210
1732 1771 218
1732 1771 248
1759 1788 156
1779 1798 113
1790 1823 54
1818 1837 41
1824 1844 285
1854 1863 66
1864 1908 117
1876 1917 150
1876 1916 263
1877 1879 56
1885 1917 17
1894 1941 250
1907 1956 184
1922 1924 29
1930 1946 231
1959 1994 258
1974 2000 153
1988 2002 70
2016 2034 272
2038 2054 222
2055 2090 177
2075 2078 54
2089 2116 166
2116 2134 118
2136 2153 10
2145 2153 251
2146 2186 243
2153 2203 285
2179 2196 242
2200 2241 60
2226 2260 286
2239 2264 61
2262 2294 158
2283 2287 81
2288 2303 159
2311 2357 291
2324 2365 73
2354 2373 48
2382 2416 186
2400 2447 3
2428 2449 188
2443 2454 296
2449 2494 227
2479 2523 266
2482 2513 243
2495 2528 3
2513 2540 143
2529 2545 74
2530 2561 187
2535 2567 291
2554 2603 207
2567 2577 209
2571 2611 253
2589 2596 270
2596 2608 129
2599 2648 177
2605 2652 156
2607 2625 134
2630 2676 280
2656 2669 232
2672 2685 4
2687 2736 81
2717 2719 187
2728 2767 135
2752 2771 33
2777 2827 76
2802 2834 65
2829 2875 182
2839 2868 217
2864 2885 58
2878 2927 145
2888 2931 147
2897 2908 90
2909 2911 133
2913 2956 209
2931 2937 218
2942 2955 253
2955 2988 71
2979 3025 146
2985 3030 157
3001 3049 212
3014 3045 66
3029 3053 184
3036 3042 267
3058 3094 157
3066 3102 210
3068 3118 19
3087 3130 216
3090 3104 84
3090 3114 67
3104 3134 174
3126 3155 277
3149 3165 238
3167 3209 245
3194 3234 275
3200 3226 245
3210 3233 220
3226 3230 98
3251 3256 79
3261 3279 46
3273 3317 143
3290 3317 229
3301 3347 92
3317 3342 146
3335 3352 214
3356 3382 188
3368 3405 230
3382 3414 228
3394 3437 236
3400 3429 99
3430 3453 43
3455 3475 23
3461 3464 63
3476 3521 41
3495 3517 16
3503 3546 277
3532 3545 57
3535 3549 19
3558 3582 180
3566 3606 286
3571 3587 66
3573 3613 79
3577 3617 273
3583 3618 291
3586 3618 6
3604 3631 173
3627 3671 95
3633 3656 1
3643 3676 228
3659 3692 182
3681 3718 295
3682 3688 42
3688 3711 238
3700 3723 113
3719 3721 6
3727 3739 290
3730 3744 72
3742 3777 268
3772 3814 24
3786 3821 182
3794 3816 169
3814 3857 229
3817 3846 80
3817 3844 49
3831 3868 283
3856 3892 286
3876 3918 14
3893 3931 132
3906 3931 44
3926 3974 235
3956 3990 252
3960 3973 30
3960 3974 244
3977 3979 145
4000 4031 40
4016 4050 164
4024 4055 205
4028 4030 179
4057 4083 114
4071 4087 138
4083 4105 58
4100 4113 98
4104 4140 278
4121 4144 300
4125 4171 55
4132 4140 289
4162 4197 38
4184 4190 259
4212 4226 61
4213 4246 219
4240 4243 225
4245 4284 215
4250 4251 58
4264 4300 233
4282 4288 87
4282 4325 232
4296 4312 10
4300 4349 244
4320 4354 51
4349 4378 159
4352 4388 4
4382 4407 154
4389 4397 96
