300
9 33 137
26 66 57
26 36 18
38 40 80
61 79 280
82 125 260
100 148 214
127 134 162
142 147 180
162 195 202
191 218 70
202 211 161
232 260 262
262 282 189
270 301 143
296 315 233
325 372 51
327 365 80
330 335 191
349 352 239
359 383 102
380 406 88
407 457 11
436 441 168
438 470 264
457 462 266
482 523 75
493 541 228
521 559 194
531 563 74
537 540 116
561 587 220
574 605 202
596 615 228
601 641 96
613 659 217
640 643 132
667 681 213
671 714 61
683 686 133
689 698 69
697 738 189
712 734 186
721 735 89
737 787 12
755 790 191
759 765 4
765 815 96
795 813 94
823 831 179
853 855 245
879 922 59
882 910 16
889 909 77
913 954 297
923 932 259
950 974 285
950 997 10
950 977 98
980 1002 33
998 1009 196
1013 1038 129
1043 1063 69
1050 1078 299
1078 1127 224
1090 1106 99
1102 1127 162
1105 1110 278
1106 1133 247
1131 1146 160
1132 1170 98
1159 1186 157
1160 1193 78
1189 1223 274
1198 1213 73
1220 1232 239
1223 1250 290
1245 1294 103
1270 1271 221
1297 1335 19
1320 1349 255
1324 1332 200
1348 1368 164
1371 1418 64
1376 1409 230
1397 1413 210
1402 1415 233
1404 1427 187
1412 1446 194
1428 1439 273
1428 1447 114
1433 1435 79
1439 1450 52
1465 1506 209
1476 1522 15
1494 1509 283
1521 1542 184
1523 1532 17
1547 1562 25
1571 1606 151
1573 1583 63
1602 1650 132
1605 1626 187
1620 1644 108
1641 1654 234
1656 1670 28
1684 1714 12
1695 1723 193
1719 1731 94
1747 1771 165
1767 1772 116
1786 1792 285
1793 1828 299
1816 1817 59
1842 1859 100
1863 1867 43
1876 1905 212
1895 1937 21
1909 1943 38
1913 1928 126
1933 1979 155
1933 1977 219
1958 1992 201
1980 1997 28
2000 2009 176
2015 2064 82
2037 2083 79
2038 2044 143
2067 2095 110
2071 2121 148
2081 2090 141
2093 2128 201
2095 2104 4
2123 2167 127
2129 2164 236
2135 2150 49
2143 2164 236
2156 2205 26
2163 2202 209
2169 2185 186
2183 2197 8
2195 2227 133
2213 2258 143
2232 2272 238
2250 2289 165
2276 2312 23
2304 2343 102
2308 2336 266
2338 2355 133
2341 2389 260
2353 2391 268
2383 2417 50
2387 2417 289
2411 2450 60
2421 2446 122
2449 2487 134
2458 2467 43
2482 2490 132
2508 2509 182
2519 2561 289
2549 2565 266
2556 2589 125
2561 2585 100
2562 2575 89
2575 2595 118
2590 2598 250
2595 2617 279
2611 2613 20
2614 2643 192
2640 2668 14
2660 2678 91
2680 2710 116
2697 2732 272
2710 2740 276
2733 2752 113
2753 2800 229
2772 2813 203
2776 2778 10
2776 2798 193
2792 2831 135
2817 2855 99
2823 2869 26
2847 2872 196
2866 2915 210
2880 2897 151
2888 2920 141
2898 2899 169
2924 2944 239
2930 2940 117
2934 2948 133
2948 2988 80
2968 2999 278
2976 2979 261
3005 3035 190
3014 3024 95
3031 3076 168
3055 3062 39
3082 3118 74
3109 3133 67
3130 3154 33
3134 3174 100
3143 3153 131
3147 3153 179
3163 3174 63
3189 3221 253
3204 3234 121
3227 3254 166
3242 3254 159
3260 3287 87
3266 3286 284
3295 3321 209
3323 3373 140
3325 3344 259
3341 3365 187
3343 3358 95
3352 3380 149
3378 3428 17
3398 3404 163
3428 3444 43
3429 3454 41
3430 3451 135
3449 3486 137
3469 3500 59
3473 3508 161
3474 3481 91
3491 3501 115
3518 3552 253
3520 3541 225
3520 3541 136
3547 3561 272
3564 3596 16
3566 3602 197
3596 3605 239
3607 3608 13
3626 3636 101
3628 3633 53
3640 3687 180
3649 3654 51
3669 3684 48
3676 3722 289
3695 3730 152
3701 3716 120
3703 3745 274
3709 3742 94
3733 3767 146
3744 3779 3
3760 3806 22
3786 3802 158
3807 3833 299
3835 3850 54
3835 3866 70
3853 3869 121
3853 3872 206
3861 3874 295
3873 3914 209
3895 3915 23
3910 3912 197
3925 3936 27
3936 3939 202
3964 3997 154
3990 4002 295
4007 4043 134
4028 4048 121
4037 4055 68
4046 4087 181
4049 4098 107
4057 4069 194
4075 4091 195
4104 4123 43
4132 4164 176
4150 4164 102
4150 4170 32
4169 4205 75
4190 4229 162
4210 4252 132
4235 4283 182
4253 4294 235
4275 4325 237
4285 4302 270
4312 4314 166
4342 4380 157
4342 4392 72
4354 4371 243
4359 4368 92
4376 4384 274
4406 4420 27
4427 4471 94
4441 4449 213
4448 4497 34
4458 4461 204
4482 4483 188
4502 4548 89
4517 4549 225
4528 4539 174
4531 4532 190
4556 4575 53
4562 4601 28
4570 4602 218
4598 4633 74
4623 4628 213
