300
18 55 118
40 73 278
42 51 201
50 76 78
66 73 236
85 92 299
96 97 54
110 135 282
127 168 267
149 196 157
174 178 130
187 213 157
192 203 8
205 210 31
231 235 236
258 282 14
262 281 146
271 283 73
292 316 154
301 324 252
323 372 97
341 351 32
357 362 203
359 394 78
385 390 65
414 437 283
414 448 170
428 461 54
452 490 192
476 482 57
490 511 128
494 496 173
498 524 154
522 570 9
551 558 28
570 614 31
590 596 245
598 608 180
620 633 120
627 662 164
632 647 24
646 686 246
674 709 176
683 711 283
692 734 37
709 750 24
726 731 270
727 773 59
742 759 149
750 788 45
774 811 294
774 797 288
777 826 183
793 801 11
812 835 9
821 854 78
822 832 299
835 862 290
837 869 138
867 872 160
893 912 155
916 952 170
936 984 280
939 969 29
956 977 40
978 1003 274
984 1028 151
997 1014 96
1010 1027 20
1025 1048 53
1047 1073 227
1053 1081 122
1056 1085 87
1074 1105 177
1079 1111 228
1096 1138 5
1111 1151 195
1129 1144 10
1149 1178 175
1152 1155 22
1159 1209 183
1160 1164 37
1170 1195 18
1173 1212 109
1202 1211 231
1216 1219 125
1229 1247 58
1247 1260 108
1270 1313 255
1287 1336 221
1314 1358 38
1338 1364 200
1355 1358 261
1366 1402 24
1392 1400 127
1409 1458 259
1426 1446 52
1432 1468 5
1444 1476 196
1444 1485 255
1461 1504 287
1480 1501 94
1509 1511 299
1532 1556 269
1550 1593 279
1564 1610 79
1571 1580 138
1594 1600 185
1598 1604 154
1614 1641 40
1616 1629 82
1641 1672 156
1668 1711 27
1679 1711 189
1705 1730 17
1706 1709 253
1714 1742 48
1742 1779 30
1744 1790 218
1744 1777 21
1756 1794 27
1760 1788 76
1760 1792 132
1780 1803 275
1809 1854 107
1828 1839 30
1838 1854 282
1838 1879 22
1849 1888 39
1867 1882 55
1884 1917 82
1903 1943 161
1925 1952 243
1946 1985 245
1960 1999 156
1973 2001 254
1989 2000 79
2011 2029 158
2023 2071 78
2043 2075 110
2056 2097 138
2061 2110 157
2070 2102 294
2082 2095 38
2099 2117 62
2104 2148 190
2133 2183 68
2163 2171 85
2189 2195 227
2216 2236 297
2239 2244 258
2240 2242 67
2241 2249 58
2267 2295 148
2293 2331 136
2319 2362 292
2341 2345 24
2350 2390 108
2378 2390 12
2402 2439 218
2413 2438 45
2424 2441 58
2426 2446 103
2449 2483 228
2473 2497 51
2485 2515 145
2498 2506 45
2528 2530 244
2547 2587 119
2568 2575 161
2592 2610 217
2609 2630 240
2634 2647 186
2639 2652 185
2658 2695 75
2661 2666 63
2672 2680 225
2692 2739 20
2711 2755 133
2729 2746 101
2741 2774 85
2755 2776 279
2757 2762 5
2767 2806 157
2791 2838 19
2813 2863 132
2833 2876 241
2840 2879 98
2853 2869 26
2866 2889 75
2886 2933 288
2903 2920 255
2916 2954 295
2919 2949 213
2945 2970 246
2966 2984 198
2969 2976 137
2996 3024 55
3006 3040 39
3015 3060 213
3036 3052 184
3062 3073 98
3064 3090 257
3070 3106 281
3073 3114 128
3089 3106 65
3089 3110 187
3108 3143 294
3110 3139 284
3136 3181 162
3136 3184 280
3153 3191 237
3179 3219 134
3207 3217 175
3222 3225 18
3239 3269 183
3268 3318 143
3285 3332 228
3289 3299 6
3289 3298 299
3319 3353 75
3344 3382 55
3357 3392 99
3387 3400 238
3396 3409 271
3424 3447 111
3428 3447 258
3440 3463 281
3461 3493 273
3486 3488 223
3491 3531 122
3520 3544 7
3540 3578 143
3559 3586 11
3559 3571 92
3571 3612 258
3600 3643 111
3628 3660 155
3652 3670 165
3654 3675 182
3660 3667 196
3669 3686 265
3673 3698 235
3690 3717 258
3716 3748 9
3737 3773 113
3739 3764 220
3756 3758 256
3774 3822 195
3778 3810 240
3778 3816 23
3795 3797 246
3816 3850 62
3824 3850 244
3832 3838 196
3832 3867 230
3858 3878 106
3870 3900 15
3888 3931 153
3900 3923 21
3927 3972 245
3954 3965 10
3962 3996 39
3984 3998 47
4004 4023 217
4012 4035 276
4023 4050 12
4051 4092 112
4065 4072 36
4092 4116 243
4104 4127 49
4125 4140 249
4131 4179 54
4161 4211 95
4177 4185 234
4189 4210 203
4214 4247 272
4217 4229 73
4245 4279 190
4265 4283 64
4286 4316 80
4303 4346 265
4316 4359 286
4333 4337 216
4333 4354 199
4347 4393 70
4355 4389 231
4381 4391 109
4399 4434 167
4414 4425 167
4439 4455 131
4446 4462 70
4476 4525 295
4480 4504 163
4492 4496 24
4507 4528 94
4526 4567 207
4556 4596 107
4565 4599 87
4572 4606 95
