300
12 40 160
18 34 194
18 47 196
47 63 32
51 101 108
57 69 231
57 107 67
70 120 48
96 120 26
108 152 41
119 134 68
127 134 183
136 168 86
156 175 271
173 202 23
197 230 51
224 246 23
236 237 242
263 265 32
264 289 40
283 327 83
287 327 124
304 315 254
315 319 265
318 349 158
344 366 18
357 380 96
362 391 135
386 431 24
403 424 217
419 461 115
444 469 222
472 520 102
477 503 284
495 525 212
503 536 198
510 529 291
516 531 227
529 562 131
536 571 26
540 574 13
550 576 294
580 629 119
581 625 41
596 626 85
609 646 122
614 632 282
620 634 117
640 644 45
669 674 95
693 704 171
703 711 204
728 755 47
743 778 254
745 760 85
754 799 8
761 797 148
782 815 189
782 792 172
801 803 102
804 851 71
816 836 196
819 844 15
823 862 58
836 881 54
858 885 126
860 898 40
881 895 207
907 953 259
920 951 199
922 924 286
932 949 280
941 949 7
946 987 154
960 961 86
963 964 91
972 998 203
982 998 63
989 1039 79
1003 1032 261
1012 1030 285
1031 1057 119
1044 1060 65
1055 1063 122
1084 1107 17
1114 1116 153
1121 1144 11
1139 1163 239
1168 1212 6
1178 1184 55
1200 1244 297
1230 1242 246
1251 1269 255
1269 1313 232
1299 1313 283
1319 1320 64
1346 1367 152
1371 1381 39
1383 1400 41
1385 1431 97
1404 1410 262
1414 1430 101
1436 1478 177
1465 1505 47
1466 1476 132
1468 1484 191
1495 1523 121
1507 1524 137
1523 1551 134
1542 1591 188
1542 1579 194
1542 1592 132
1544 1574 105
1566 1580 15
1571 1582 65
1583 1585 62
1603 1618 234
1618 1634 228
1636 1684 17
1639 1680 169
1659 1704 273
1666 1706 99
1675 1685 72
1675 1720 216
1705 1715 119
1728 1771 291
1737 1781 134
1760 1787 21
1763 1812 161
1783 1822 18
1811 1856 199
1817 1821 21
1833 1843 278
1851 1864 17
1874 1886 114
1888 1898 6
1914 1951 298
1923 1930 259
1934 1957 234
1939 1963 237
1963 1985 282
1970 2003 200
1984 2000 107
2011 2030 272
2036 2083 190
2062 2069 263
2089 2139 120
2114 2139 208
2115 2137 96
2141 2145 72
2155 2162 268
2157 2173 61
2171 2188 72
2199 2214 28
2219 2238 57
2233 2270 128
2237 2241 99
2244 2279 154
2256 2271 283
2260 2270 211
2276 2310 15
2295 2314 3
2300 2326 27
2302 2319 114
2319 2369 1
2319 2324 111
2349 2396 207
2374 2375 83
2390 2427 162
2409 2428 149
2425 2454 151
2432 2465 21
2448 2482 67
2449 2497 20
2476 2504 32
2476 2501 16
2498 2536 98
2508 2521 182
2527 2576 3
2541 2564 49
2571 2619 190
2578 2593 42
2582 2610 236
2587 2628 43
2616 2663 21
2621 2629 44
2650 2686 248
2673 2676 89
2692 2737 5
2713 2741 154
2718 2752 154
2719 2753 205
2720 2743 107
2742 2789 41
2767 2792 255
2767 2796 211
2777 2793 292
2794 2820 192
2823 2857 172
2852 2900 36
2857 2883 132
2875 2910 19
2880 2910 109
2886 2901 257
2901 2921 276
2901 2911 21
2908 2916 268
2934 2945 46
2934 2935 280
2962 2967 115
2970 2983 14
2981 3019 30
3004 3028 198
3027 3073 205
3052 3093 251
3063 3080 199
3083 3129 290
3108 3155 105
3119 3153 205
3129 3165 222
3146 3182 151
3159 3163 84
3166 3170 114
3189 3209 152
3206 3248 4
3223 3231 21
3235 3266 118
3241 3244 236
3243 3249 51
3268 3294 70
3297 3310 76
3324 3329 168
3333 3380 174
3360 3406 263
3372 3377 162
3395 3398 169
3416 3432 133
3424 3437 297
3435 3454 192
3453 3485 123
3478 3524 141
3508 3525 13
3508 3528 36
3535 3570 92
3552 3554 134
3565 3599 114
3577 3626 287
3590 3598 132
3617 3649 231
3620 3657 154
3633 3643 185
3634 3680 128
3634 3683 30
3641 3663 27
3657 3680 58
3658 3672 119
3670 3700 252
3695 3720 53
3709 3747 83
3733 3738 280
3748 3754 106
3752 3756 184
3771 3814 38
3790 3797 187
3799 3834 86
3829 3850 178
3853 3866 143
3878 3900 83
3892 3925 220
3913 3938 231
3929 3970 161
3956 3969 230
3964 4007 142
3983 3991 201
4007 4039 297
4027 4077 10
4052 4080 16
4077 4082 194
4092 4142 299
4114 4143 288
4128 4163 18
4151 4176 86
4181 4215 211
4201 4235 11
4201 4251 97
4210 4235 157
4222 4263 131
4250 4257 254
4270 4294 300
4284 4302 219
4285 4304 102
4286 4298 296
4316 4327 105
4321 4353 232
4332 4358 157
4338 4387 287
4351 4359 231
4354 4401 91
4360 4398 213
4370 4412 60
