300
7 49 132
14 17 170
37 59 79
39 40 294
60 85 167
70 118 222
83 86 66
84 95 210
86 131 94
89 139 78
108 120 175
131 154 56
138 152 214
158 182 87
166 174 70
190 202 154
217 266 122
234 246 158
239 248 136
242 279 177
250 271 33
274 323 15
302 305 15
308 332 73
326 362 53
333 372 31
346 350 157
360 388 276
372 376 165
397 430 33
411 416 31
416 462 136
418 442 239
447 448 47
459 491 284
473 490 112
496 512 144
514 515 161
529 566 291
550 597 297
551 592 233
560 562 55
580 613 284
589 608 259
607 638 8
619 631 245
631 650 266
654 661 2
660 693 132
668 698 155
672 673 66
697 739 2
716 733 144
744 757 285
771 805 38
774 798 287
785 800 33
804 844 60
823 860 224
832 851 233
854 883 64
880 903 173
899 922 70
914 938 296
936 939 187
951 969 193
953 979 51
972 1021 67
972 1014 15
989 994 166
1015 1059 240
1040 1049 232
1058 1084 234
1076 1105 37
1078 1080 140
1098 1135 119
1116 1155 192
1132 1146 33
1132 1169 272
1134 1174 248
1143 1173 219
1166 1184 271
1180 1185 72
1186 1197 293
1208 1255 298
1238 1251 209
1250 1290 204
1267 1314 182
1268 1271 172
1281 1311 2
1301 1304 135
1318 1330 291
1322 1327 10
1348 1371 32
1351 1377 257
1373 1388 237
1376 1418 225
1399 1403 118
1423 1443 159
1440 1455 19
1459 1481 223
1481 1531 233
1481 1518 98
1510 1532 247
1515 1525 276
1535 1580 268
1542 1574 279
1543 1593 101
1552 1578 190
1558 1604 173
1575 1597 155
1581 1611 203
1596 1601 105
1597 1611 177
1624 1637 74
1629 1669 66
1657 1704 191
1659 1707 118
1681 1715 82
1711 1759 163
1729 1762 235
1730 1769 255
1759 1777 151
1774 1811 3
1801 1814 69
1802 1850 113
1832 1844 41
1838 1887 48
1860 1879 57
1882 1894 172
1900 1929 215
1929 1951 239
1935 1961 51
1949 1995 262
1963 1965 261
1967 1971 173
1987 2027 154
1996 1999 251
2014 2054 266
2042 2074 46
2056 2087 292
2076 2115 280
2087 2135 125
2089 2115 121
2097 2108 77
2126 2176 6
2126 2131 248
2132 2182 270
2133 2161 53
2147 2149 214
2168 2173 167
2187 2231 289
2196 2198 43
2226 2234 250
2252 2284 27
2270 2301 262
2295 2304 282
2302 2328 119
2312 2320 119
2320 2347 291
2331 2344 10
2347 2394 203
2362 2370 199
2369 2415 167
2399 2435 193
2399 2413 123
2399 2432 187
2412 2446 67
2416 2431 269
2438 2444 92
2463 2496 236
2463 2495 104
2463 2475 27
2483 2486 188
2508 2551 140
2535 2553 83
2550 2563 270
2556 2584 266
2563 2593 187
2563 2599 212
2582 2618 165
2591 2604 291
2605 2608 39
2610 2646 50
2631 2659 51
2637 2648 203
2639 2645 106
2639 2656 58
2665 2704 173
2680 2684 87
2688 2698 197
2690 2695 196
2705 2730 89
2725 2731 172
2746 2772 24
2765 2783 154
2773 2804 154
2795 2819 299
2817 2841 130
2829 2830 181
2837 2883 40
2839 2850 6
2854 2862 128
2857 2890 131
2882 2914 175
2893 2908 178
2923 2958 102
2930 2934 22
2937 2974 138
2950 2996 278
2978 2984 160
3005 3011 43
3022 3068 40
3030 3074 289
3050 3068 293
3064 3067 250
3083 3118 284
3090 3121 230
3091 3125 135
3111 3145 225
3114 3157 97
3119 3160 181
3132 3169 231
3152 3156 255
3180 3207 253
3188 3217 77
3215 3261 9
3229 3277 202
3252 3301 110
3281 3285 80
3293 3341 110
3314 3315 66
3341 3369 236
3345 3353 119
3351 3361 161
3378 3400 137
3385 3414 205
3413 3429 170
3416 3460 195
3433 3473 91
3458 3473 29
3486 3528 69
3515 3539 147
3536 3537 177
3537 3574 192
3565 3566 64
3570 3575 279
3588 3618 243
3594 3599 53
3608 3624 264
3608 3642 274
3626 3666 252
3648 3671 208
3672 3693 143
3687 3715 98
3688 3691 245
3713 3741 169
3726 3734 46
3751 3758 131
3757 3802 100
3770 3782 128
3770 3787 55
3773 3822 81
3792 3818 125
3821 3867 162
3824 3826 166
3832 3872 256
3853 3903 222
3865 3911 228
3874 3911 268
3899 3900 161
3929 3966 5
3955 4002 48
3981 3997 5
3994 3995 219
4004 4016 297
4011 4030 175
4041 4087 27
4042 4051 248
4064 4081 208
4064 4086 161
4072 4121 56
4076 4107 273
4098 4104 139
4104 4110 92
4125 4146 7
4141 4147 20
4142 4160 229
4152 4155 235
4152 4180 120
4182 4193 299
4186 4202 237
4199 4236 129
4229 4273 277
4244 4269 14
4250 4288 49
4279 4303 158
4307 4339 138
4326 4335 297
4347 4360 279
