300
9 53 148
38 76 189
63 67 131
78 127 139
80 125 28
84 108 48
93 96 56
98 114 289
112 131 104
117 163 95
129 145 129
145 186 253
149 195 208
178 222 126
196 224 136
196 205 162
209 226 250
236 250 263
252 265 160
265 288 242
265 284 51
275 312 144
286 327 41
303 312 175
313 333 166
315 365 224
339 359 125
345 355 240
354 359 111
376 413 292
386 400 147
400 433 250
409 458 6
416 425 131
437 442 246
459 481 59
465 466 204
488 536 112
499 546 81
520 566 27
549 562 289
553 582 285
583 623 252
594 629 21
608 649 67
615 642 246
635 672 68
659 688 34
671 688 137
684 728 51
711 729 143
735 744 55
751 788 98
757 789 131
777 825 236
806 855 234
834 871 218
861 893 213
882 924 286
906 916 32
915 955 9
943 948 232
948 952 2
957 980 217
969 1011 178
971 975 74
992 995 102
992 1036 43
1006 1016 182
1012 1014 182
1033 1046 54
1053 1091 181
1083 1089 51
1096 1143 7
1117 1151 285
1129 1132 162
1149 1195 189
1156 1201 54
1183 1227 252
1200 1227 129
1227 1261 176
1235 1251 212
1259 1277 298
1277 1279 149
1294 1328 200
1310 1319 139
1320 1336 54
1337 1341 124
1342 1359 261
1364 1398 174
1369 1409 181
1370 1418 253
1375 1376 23
1379 1401 298
1406 1427 22
1416 1464 36
1431 1474 230
1450 1456 184
1472 1489 204
1501 1503 163
1531 1560 63
1535 1572 47
1555 1561 244
1570 1607 209
1574 1603 24
1580 1627 92
1610 1660 44
1632 1653 41
1636 1672 3
1647 1657 54
1654 1681 179
1658 1663 125
1681 1718 277
1711 1713 245
1731 1748 226
1731 1777 296
1731 1751 183
1738 1783 93
1749 1759 137
1762 1803 199
1790 1808 111
1793 1825 218
1808 1857 63
1828 1860 185
1830 1865 76
1860 1882 259
1860 1903 8
1877 1897 11
1881 1889 293
1911 1922 164
1934 1971 66
1959 1971 134
1968 2001 63
1979 1980 193
2003 2017 151
2026 2073 234
2046 2053 86
2075 2077 146
2097 2135 9
2105 2140 96
2116 2165 282
2120 2130 17
2126 2132 24
2137 2149 291
2161 2204 85
2176 2187 179
2183 2223 288
2192 2241 35
2193 2203 249
2209 2233 134
2210 2260 17
2228 2236 88
2258 2263 205
2260 2289 9
2285 2329 127
2287 2328 179
2305 2307 146
2320 2345 157
2339 2362 295
2368 2392 25
2384 2409 191
2404 2417 155
2423 2428 193
2442 2485 250
2463 2509 74
2477 2504 71
2501 2528 176
2529 2557 30
2553 2569 14
2574 2594 242
2591 2593 270
2611 2630 272
2620 2631 195
2634 2649 155
2642 2678 4
2648 2668 157
2657 2688 218
2686 2702 136
2716 2742 43
2737 2747 69
2743 2762 173
2755 2773 122
2770 2787 158
2785 2808 276
2803 2805 146
2833 2858 278
2852 2883 269
2860 2896 215
2872 2879 32
2898 2931 100
2909 2954 283
2931 2941 294
2945 2977 83
2958 3008 125
2959 2974 135
2986 2987 64
3010 3011 197
3030 3052 47
3032 3069 269
3056 3101 105
3076 3118 60
3076 3114 138
3099 3120 90
3115 3132 292
3141 3148 96
3147 3168 102
3173 3185 163
3181 3226 261
3201 3233 230
3205 3210 112
3209 3258 225
3217 3265 207
3245 3287 285
3254 3280 227
3278 3314 45
3305 3342 105
3322 3354 179
3334 3379 26
3336 3351 87
3343 3379 174
3355 3356 195
3385 3401 201
3406 3453 275
3433 3446 201
3462 3463 238
3477 3500 286
3505 3554 180
3525 3571 273
3539 3571 262
3554 3576 235
3557 3578 56
3574 3596 147
3574 3581 73
3590 3607 151
3593 3640 27
3617 3653 57
3622 3644 250
3646 3672 156
3655 3675 57
3664 3713 187
3679 3710 178
3698 3717 131
3719 3722 152
3744 3766 123
3769 3819 113
3769 3808 12
3774 3821 101
3779 3794 42
3782 3807 295
3794 3823 87
3795 3806 87
3820 3870 129
3839 3866 217
3840 3856 227
3858 3888 233
3872 3878 136
3881 3924 70
3881 3883 262
3907 3929 8
3937 3938 275
3945 3965 281
3971 3998 234
3988 4015 294
3999 4034 184
4001 4049 161
4005 4040 170
4021 4040 207
4024 4036 11
4027 4041 135
4036 4060 77
4061 4076 88
4083 4104 253
4101 4135 58
4113 4133 200
4123 4162 238
4144 4194 277
4149 4195 208
4152 4179 181
4177 4215 32
4193 4202 177
4223 4273 53
4251 4295 237
4266 4315 143
4294 4299 260
4317 4351 219
4317 4330 130
4320 4362 104
4331 4374 219
4338 4339 149
4367 4380 207
4373 4396 197
4375 4421 3
4385 4429 181
4392 4437 216
4396 4432 57
4408 4456 296
4414 4434 198
4442 4461 292
4463 4499 172
4472 4498 198
