300
25 38 145
43 86 108
53 95 86
62 91 134
92 125 288
104 150 6
127 136 48
152 194 297
173 210 205
181 220 209
192 197 290
197 209 256
204 235 41
204 215 82
217 237 130
230 239 163
253 265 73
262 283 63
289 307 38
311 339 286
316 325 180
329 374 242
351 391 100
368 371 252
392 410 213
416 456 288
427 471 245
442 477 82
466 496 104
479 503 171
500 541 294
520 563 12
547 590 132
555 598 187
583 614 103
608 620 9
615 653 193
626 647 72
633 651 239
663 710 56
684 716 160
707 749 24
725 774 92
728 763 29
749 782 26
779 789 118
803 843 241
821 845 199
845 853 280
855 863 140
870 920 206
878 915 156
882 885 46
905 945 121
919 935 85
921 926 167
944 976 250
945 977 250
966 999 35
994 1021 96
1023 1043 104
1024 1070 102
1047 1080 298
1059 1102 179
1081 1110 261
1108 1109 47
1112 1142 280
1140 1190 73
1147 1153 128
1164 1180 249
1178 1200 84
1200 1224 235
1225 1271 33
1248 1283 297
1269 1299 286
1275 1283 144
1282 1296 224
1292 1305 128
1319 1328 286
1323 1338 225
1327 1372 111
1328 1342 18
1351 1390 9
1352 1399 196
1371 1380 244
1386 1414 133
1416 1438 137
1430 1480 267
1452 1462 8
1466 1476 199
1486 1508 204
1506 1521 240
1510 1558 189
1534 1554 119
1556 1600 94
1580 1601 258
1609 1616 135
1620 1646 101
1622 1625 71
1629 1662 107
1630 1659 265
1631 1648 255
1658 1661 67
1685 1721 202
1703 1747 288
1712 1738 255
1729 1771 256
1746 1753 289
1755 1800 2
1757 1776 5
1784 1815 170
1788 1799 274
1793 1839 44
1810 1850 128
1811 1818 213
1830 1848 47
1852 1886 300
1879 1915 170
1899 1919 163
1911 1955 215
1922 1929 73
1934 1974 164
1935 1958 185
1959 1967 13
1969 1974 170
1984 2026 62
2005 2014 108
2024 2049 10
2040 2081 148
2045 2050 258
2053 2079 164
2057 2070 60
2057 2078 133
2070 2093 13
2100 2141 196
2102 2121 197
2130 2168 68
2143 2183 159
2150 2170 229
2162 2175 154
2164 2213 293
2192 2240 90
2196 2215 36
2201 2215 216
2202 2216 90
2230 2275 133
2231 2271 138
2234 2252 101
2264 2277 132
2273 2296 42
2274 2279 224
2286 2309 250
2287 2307 4
2294 2301 5
2320 2331 130
2322 2364 156
2352 2379 266
2357 2373 259
2387 2396 87
2394 2423 261
2398 2423 197
2417 2430 51
2442 2474 257
2457 2490 16
2463 2495 241
2489 2502 108
2500 2505 152
2504 2508 22
2506 2531 156
2524 2572 142
2538 2560 38
2553 2566 116
2553 2589 274
2574 2610 252
2581 2628 27
2603 2648 27
2616 2620 99
2627 2674 45
2653 2677 282
2675 2706 101
2678 2690 239
2699 2708 64
2705 2711 25
2706 2708 151
2729 2759 17
2733 2755 134
2758 2772 218
2772 2818 265
2801 2813 199
2816 2839 160
2838 2849 131
2857 2861 80
2872 2892 165
2897 2943 281
2900 2912 152
2918 2924 122
2934 2939 95
2950 2952 192
2950 2968 156
2961 2995 71
2962 2989 199
2967 2979 185
2970 3017 271
2975 2978 266
2993 3019 104
3022 3042 143
3050 3057 211
3079 3129 256
3094 3132 83
3108 3145 48
3135 3146 291
3161 3184 177
3170 3205 250
3196 3228 200
3208 3255 184
3209 3226 145
3235 3236 80
3250 3269 208
3280 3315 112
3306 3340 40
3334 3343 79
3348 3383 262
3374 3410 282
3383 3410 91
3407 3429 96
3408 3425 285
3421 3467 266
3446 3491 156
3455 3505 83
3478 3487 298
3501 3535 31
3514 3562 300
3516 3558 131
3520 3547 164
3549 3595 176
3563 3593 38
3582 3605 261
3592 3624 48
3615 3633 5
3632 3666 224
3648 3698 256
3670 3687 149
3697 3735 224
3720 3747 241
3740 3783 196
3760 3772 61
3761 3808 107
3784 3801 162
3811 3853 60
3825 3842 115
3833 3844 116
3842 3875 124
3852 3895 209
3879 3906 162
3894 3939 111
3915 3930 35
3934 3958 88
3943 3991 72
3945 3955 172
3975 4017 221
3993 4023 16
4000 4031 10
4003 4029 64
4018 4033 61
4027 4064 156
4045 4071 27
4050 4066 246
4062 4103 265
4087 4137 86
4106 4146 179
4111 4131 179
4120 4167 32
4137 4179 126
4158 4159 195
4165 4188 10
4175 4189 116
4204 4222 87
4229 4236 262
4237 4261 256
4265 4268 26
4288 4324 83
4297 4326 140
4299 4339 117
4326 4364 65
4352 4398 263
4357 4366 201
4359 4363 115
4361 4363 230
4381 4385 138
4384 4410 172
4387 4416 143
4402 4444 142
4419 4427 60
4435 4454 193
4444 4449 290
4470 4512 132
4474 4524 240
4489 4515 101
4511 4547 94
4529 4545 151
