300
6 50 69
17 34 189
24 56 265
31 64 141
40 82 232
56 63 86
73 100 69
91 108 272
121 133 226
147 170 199
168 200 214
192 205 55
207 230 5
229 270 195
253 260 20
262 297 18
290 291 216
316 349 199
321 357 249
331 377 229
345 395 7
347 359 65
350 395 152
367 372 297
372 410 129
392 401 62
413 437 73
427 442 264
447 486 112
448 478 234
452 476 213
471 494 151
499 545 297
504 507 212
530 568 38
555 585 134
564 566 60
564 613 47
579 603 97
586 608 222
611 628 58
624 638 96
638 649 133
668 697 257
687 719 219
696 743 166
722 756 262
752 773 286
782 825 215
799 825 144
816 823 126
844 881 130
853 854 46
855 877 285
867 881 211
885 924 194
898 936 9
921 942 262
921 965 133
951 997 216
976 994 55
996 1012 180
1010 1014 46
1019 1043 238
1044 1092 92
1063 1066 33
1071 1091 278
1089 1100 200
1117 1130 19
1123 1150 91
1132 1142 105
1132 1154 154
1140 1188 270
1167 1191 16
1185 1199 178
1215 1242 69
1220 1238 106
1247 1283 194
1265 1293 135
1289 1316 22
1319 1325 113
1322 1368 81
1347 1360 24
1377 1379 60
1406 1424 274
1414 1442 186
1437 1455 171
1459 1496 288
1464 1484 130
1468 1515 97
1494 1511 238
1498 1522 127
1504 1539 38
1525 1560 38
1528 1542 33
1551 1557 52
1574 1601 190
1601 1636 33
1625 1638 114
1648 1681 240
1661 1686 222
1664 1676 185
1690 1696 92
1691 1706 86
1696 1716 142
1696 1737 280
1710 1759 105
1718 1768 147
1737 1782 103
1755 1792 34
1755 1803 292
1755 1788 102
1785 1832 135
1805 1842 193
1834 1869 17
1860 1864 82
1890 1925 130
1890 1917 282
1917 1920 131
1930 1980 40
1933 1939 161
1952 1976 46
1956 1984 41
1982 2007 7
2007 2028 183
2029 2037 45
2058 2108 5
2060 2102 191
2071 2078 39
2088 2099 153
2105 2123 169
2121 2158 259
2133 2162 238
2133 2169 238
2157 2192 278
2166 2181 262
2180 2217 248
2184 2230 257
2214 2259 204
2235 2284 292
2246 2294 234
2254 2285 225
2264 2313 84
2275 2319 15
2305 2338 15
2330 2351 255
2347 2389 236
2352 2364 269
2362 2400 103
2387 2415 234
2392 2398 23
2420 2468 22
2441 2453 250
2462 2465 202
2492 2504 162
2501 2506 43
2510 2554 6
2538 2578 58
2557 2584 287
2586 2598 101
2605 2647 194
2632 2639 143
2658 2659 16
2671 2684 120
2675 2724 160
2684 2720 32
2690 2723 194
2697 2742 137
2710 2722 206
2719 2722 226
2721 2756 252
2734 2754 205
2734 2764 239
2757 2799 89
2771 2796 41
2799 2806 107
2799 2830 230
2800 2820 227
2814 2859 99
2825 2845 135
2834 2872 202
2836 2845 29
2843 2871 279
2853 2898 94
2866 2878 244
2870 2873 44
2879 2904 271
2893 2906 269
2899 2944 3
2929 2976 168
2940 2965 226
2954 2980 268
2977 3001 11
2998 3025 241
3013 3019 233
3034 3082 74
3056 3081 89
3079 3114 100
3106 3134 224
3113 3159 176
3120 3155 272
3133 3145 295
3162 3203 187
3182 3186 181
3183 3205 159
3194 3230 96
3212 3233 34
3236 3283 175
3240 3260 54
3260 3263 228
3269 3319 189
3279 3329 92
3295 3320 183
3304 3334 191
3316 3337 173
3317 3318 213
3336 3347 26
3357 3407 158
3380 3419 82
3392 3429 234
3422 3428 228
3444 3490 179
3456 3486 166
3467 3470 238
3485 3511 24
3490 3520 34
3508 3558 82
3526 3546 114
3547 3562 208
3568 3589 198
3596 3640 213
3610 3651 279
3613 3625 128
3637 3670 137
3639 3687 146
3649 3688 4
3663 3688 173
3678 3710 267
3694 3699 238
3703 3721 23
3712 3749 225
3735 3765 277
3750 3758 229
3765 3767 125
3769 3816 61
3770 3819 148
3798 3803 232
3813 3829 240
3816 3859 113
3841 3869 267
3852 3887 183
3870 3905 186
3876 3905 50
3887 3896 120
3891 3928 260
3917 3955 233
3920 3952 153
3934 3940 190
3939 3980 220
3939 3971 200
3957 3969 211
3958 3970 277
3977 4025 164
4006 4031 24
4026 4075 86
4036 4066 143
4038 4072 290
4042 4048 139
4043 4045 100
4045 4067 35
4051 4074 207
4068 4082 150
4096 4111 111
4124 4141 162
4150 4190 147
4152 4187 161
4171 4191 102
4194 4230 265
4200 4240 273
4220 4259 113
4220 4238 111
4247 4284 253
4248 4283 84
4251 4283 160
4277 4291 155
4306 4316 135
4335 4349 149
4339 4360 262
4369 4403 4
4395 4397 105
4402 4403 98
4409 4410 111
4413 4438 207
4442 4466 297
4462 4486 298
4464 4475 267
4470 4480 280
4474 4494 140
4484 4532 64
4492 4532 70
