300
24 67 168
32 61 255
47 63 161
75 124 62
76 109 106
98 147 89
101 144 127
124 169 275
144 149 155
173 200 74
181 221 220
209 225 222
222 233 6
249 259 245
271 276 138
284 293 288
303 329 229
311 347 235
337 358 183
357 397 157
365 402 271
373 375 128
373 385 31
403 432 18
427 431 176
432 444 157
437 473 53
458 467 1
484 506 134
509 532 286
532 550 211
540 576 10
557 574 17
580 593 111
601 621 41
616 652 50
639 662 199
640 660 112
666 692 73
671 677 70
672 675 182
701 718 182
705 738 124
707 716 78
734 781 5
752 761 99
773 805 54
783 803 212
810 833 205
821 862 25
837 853 138
865 909 180
875 885 72
883 917 84
904 947 134
906 941 178
911 923 128
913 958 53
917 925 227
939 983 59
967 984 6
995 1003 103
1011 1051 261
1040 1055 289
1040 1079 86
1055 1077 89
1080 1111 126
1095 1140 2
1125 1170 81
1150 1173 155
1175 1197 102
1199 1213 249
1217 1259 289
1218 1249 162
1227 1251 256
1242 1246 142
1268 1318 152
1286 1295 112
1304 1309 246
1315 1317 187
1322 1347 188
1347 1354 247
1361 1378 173
1366 1399 274
1372 1393 22
1381 1427 15
1384 1395 68
1386 1420 262
1393 1436 31
1404 1433 267
1428 1432 37
1450 1496 98
1458 1507 193
1470 1497 216
1488 1510 131
1500 1530 257
1515 1545 189
1541 1566 180
1553 1570 186
1567 1615 60
1592 1593 285
1612 1657 270
1622 1632 109
1643 1659 131
1664 1669 121
1677 1713 206
1683 1701 227
1713 1743 39
1737 1770 196
1752 1780 64
1756 1774 106
1770 1818 214
1793 1817 144
1805 1819 270
1808 1826 286
1832 1855 152
1857 1884 194
1860 1891 124
1884 1924 12
1896 1910 271
1898 1941 221
1909 1945 210
1912 1919 235
1921 1949 195
1925 1959 36
1944 1969 39
1970 1988 246
2000 2045 275
2015 2018 173
2019 2063 181
2028 2051 299
2030 2059 284
2056 2100 239
2082 2087 285
2084 2092 271
2095 2124 206
2120 2168 299
2121 2128 1
2136 2141 118
2138 2142 200
2148 2172 102
2150 2171 229
2162 2198 83
2168 2213 137
2185 2214 158
2198 2216 257
2204 2237 78
2232 2265 55
2248 2255 207
2276 2287 45
2302 2336 274
2310 2332 227
2319 2369 189
2330 2363 212
2348 2388 20
2366 2394 50
2374 2397 81
2383 2421 84
2390 2419 171
2416 2445 21
2430 2441 18
2437 2469 153
2458 2467 222
2486 2488 291
2515 2555 8
2527 2544 111
2541 2547 153
2571 2606 134
2599 2621 140
2605 2614 265
2620 2648 76
2646 2651 244
2672 2695 157
2696 2711 1
2699 2735 69
2728 2733 201
2742 2755 212
2770 2790 298
2780 2822 86
2806 2836 242
2823 2824 179
2830 2851 176
2859 2902 220
2872 2874 233
2879 2893 283
2885 2912 266
2908 2947 28
2920 2959 138
2931 2978 178
2933 2954 290
2959 2987 81
2964 2971 171
2986 2991 237
3004 3043 203
3005 3030 147
3018 3027 146
3033 3071 203
3040 3076 186
3046 3084 109
3048 3093 98
3062 3068 50
3083 3086 184
3104 3120 287
3128 3144 240
3148 3173 154
3150 3174 88
3161 3163 92
3177 3193 288
3189 3234 187
3196 3214 97
3208 3223 78
3225 3267 296
3240 3281 25
3257 3305 250
3270 3285 230
3277 3281 228
3292 3335 268
3321 3365 17
3342 3361 114
3350 3360 140
3363 3404 55
3379 3389 254
3397 3445 58
3410 3432 213
3424 3473 76
3453 3501 19
3472 3503 110
3477 3509 182
3500 3512 119
3507 3553 285
3520 3567 125
3525 3560 160
3531 3574 150
3548 3566 134
3557 3594 291
3573 3584 6
3573 3596 92
3594 3621 54
3619 3638 179
3644 3662 180
3661 3667 247
3666 3694 205
3695 3718 199
3707 3709 61
3723 3739 239
3727 3763 77
3755 3794 84
3769 3787 165
3786 3829 261
3799 3835 10
3809 3857 98
3814 3850 52
3822 3865 103
3831 3850 94
3846 3857 190
3859 3888 247
3864 3911 295
3868 3874 172
3887 3897 183
3898 3929 28
3899 3947 37
3908 3932 142
3925 3927 238
3931 3976 171
3936 3944 111
3947 3962 152
3948 3962 128
3975 4006 23
3988 3996 261
4012 4060 177
4033 4083 20
4056 4069 250
4056 4090 13
4071 4098 38
4078 4099 84
4091 4117 287
4093 4107 88
4120 4138 121
4121 4151 210
4132 4171 62
4152 4189 104
4181 4205 221
4194 4199 66
4221 4228 293
4223 4234 286
4241 4278 262
4269 4318 237
4282 4323 234
4303 4347 57
4327 4361 213
4355 4372 148
4364 4410 29
4377 4399 85
4406 4423 119
4425 4434 39
4445 4485 89
4461 4483 277
4468 4486 95
4497 4499 94
4505 4519 255
