300
27 43 4
32 65 117
49 71 228
63 97 239
89 118 166
109 138 111
123 152 96
148 171 233
156 163 111
180 220 33
182 227 287
193 232 281
213 232 164
238 285 229
238 253 54
262 291 210
292 293 18
298 306 94
303 314 1
313 341 97
336 357 225
366 401 98
380 391 263
393 397 16
394 395 103
413 423 81
414 425 231
444 446 197
452 483 280
456 492 290
485 489 117
512 533 232
519 555 54
532 541 224
546 564 262
568 592 297
579 598 222
599 640 120
612 633 157
637 663 160
657 675 49
670 684 28
686 712 109
692 702 246
692 733 169
696 719 124
696 717 70
697 745 21
718 738 240
748 779 275
776 821 1
783 787 213
796 805 133
817 825 132
833 858 64
863 889 73
866 902 165
882 892 64
889 906 66
913 942 226
943 954 176
944 993 245
948 964 203
953 970 288
962 1006 160
989 1020 179
994 1017 205
995 1032 76
1005 1042 258
1006 1015 66
1036 1083 82
1059 1100 81
1080 1103 262
1103 1104 130
1124 1165 120
1152 1200 260
1171 1191 202
1176 1195 44
1198 1241 51
1223 1233 113
1230 1248 248
1253 1263 220
1268 1312 92
1283 1306 223
1311 1346 134
1323 1363 215
1352 1402 62
1373 1392 66
1396 1414 131
1412 1415 210
1431 1479 106
1449 1454 299
1464 1513 214
1482 1532 113
1498 1523 249
1528 1552 88
1535 1569 205
1539 1552 52
1551 1582 243
1577 1608 107
1591 1637 97
1615 1657 163
1615 1617 229
1627 1648 251
1649 1689 56
1659 1693 207
1673 1704 208
1673 1692 96
1692 1723 231
1721 1738 37
1727 1750 178
1738 1784 154
1746 1790 38
1764 1794 72
1768 1777 42
1784 1802 77
1792 1834 38
1822 1855 84
1823 1839 299
1824 1834 281
1852 1896 192
1876 1914 156
1899 1908 181
1919 1950 213
1949 1967 277
1974 2013 252
1979 2013 128
2006 2034 225
2029 2039 151
2058 2090 45
2084 2120 239
2091 2123 5
2095 2123 202
2096 2145 84
2124 2157 116
2147 2154 9
2157 2198 105
2182 2228 294
2189 2235 152
2219 2235 209
2238 2287 300
2244 2266 77
2272 2293 53
2293 2299 224
2306 2348 150
2325 2340 22
2325 2343 238
2339 2362 98
2367 2379 100
2386 2391 241
2390 2391 26
2401 2406 187
2415 2421 243
2425 2452 41
2445 2461 199
2454 2457 68
2481 2514 271
2486 2505 154
2495 2537 148
2505 2538 10
2523 2534 139
2536 2578 89
2548 2577 270
2551 2579 61
2567 2576 50
2580 2590 35
2601 2624 227
2615 2643 132
2641 2678 261
2664 2685 207
2666 2684 115
2683 2704 200
2707 2717 51
2733 2745 155
2740 2742 115
2752 2769 275
2758 2805 104
2768 2789 163
2780 2810 17
2783 2833 19
2790 2799 221
2809 2854 278
2839 2880 144
2861 2862 171
2869 2901 20
2880 2898 30
2888 2930 98
2907 2951 68
2907 2954 145
2909 2930 223
2915 2943 58
2933 2961 92
2949 2971 25
2979 2984 151
2986 3028 210
2991 3033 210
3011 3021 138
3033 3082 136
3047 3081 13
3077 3100 297
3094 3118 11
3122 3139 300
3140 3163 249
3165 3192 193
3178 3223 110
3189 3234 127
3191 3192 127
3203 3248 251
3214 3230 285
3219 3242 261
3233 3234 38
3263 3273 17
3270 3290 81
3289 3303 18
3294 3319 220
3307 3353 280
3310 3345 26
3325 3331 291
3353 3368 180
3374 3376 267
3387 3429 262
3398 3432 193
3399 3425 140
3404 3452 269
3423 3453 128
3451 3487 297
3474 3494 256
3475 3522 267
3480 3487 60
3481 3521 231
3505 3533 142
3528 3541 36
3541 3573 255
3563 3572 237
3578 3589 71
3607 3615 148
3608 3629 94
3638 3641 292
3659 3660 284
3667 3717 161
3686 3706 137
3696 3712 189
3709 3738 68
3739 3750 214
3751 3773 261
3777 3806 78
3794 3816 298
3807 3831 30
3828 3854 78
3857 3861 206
3885 3923 9
3909 3945 97
3923 3926 141
3935 3983 290
3946 3972 152
3959 3997 253
3979 4009 35
4007 4008 152
4030 4073 285
4057 4068 32
4082 4088 94
4107 4135 33
4109 4134 61
4115 4156 279
4130 4159 110
4137 4144 281
4162 4202 82
4168 4171 15
4191 4199 128
4212 4239 100
4241 4268 33
4271 4310 203
4278 4302 281
4300 4347 289
4320 4368 92
4321 4326 233
4322 4328 247
4327 4332 181
4332 4341 210
4344 4390 1
4344 4394 198
4351 4359 227
4357 4370 160
4357 4368 211
4380 4406 270
4394 4439 163
4401 4425 239
4414 4456 99
4432 4457 17
4436 4458 28
4449 4494 135
4466 4499 243
4476 4501 7
4491 4515 27
4502 4524 150
4528 4567 88
4528 4563 13
4543 4558 26
4554 4576 8
4572 4615 165
