400
23 69 188
29 70 263
40 78 107
68 111 180
96 124 240
107 147 23
137 153 257
142 147 135
152 172 234
163 186 242
167 176 214
187 228 226
201 225 77
216 251 279
234 275 207
264 270 213
268 270 166
292 313 190
322 361 149
331 366 220
341 376 151
366 391 215
385 386 7
404 449 188
404 454 116
417 459 201
426 476 58
430 475 52
437 475 227
461 485 34
485 520 194
513 543 287
540 568 232
550 597 153
579 603 88
589 608 7
618 641 200
637 645 127
637 658 191
649 662 31
656 702 50
663 685 195
673 703 37
693 698 253
695 745 145
708 737 269
726 759 273
750 751 96
771 799 164
773 817 7
787 800 290
791 838 123
816 819 47
819 866 155
819 867 27
819 827 193
834 872 206
845 879 190
851 855 245
877 912 44
882 919 53
904 934 45
906 910 115
914 962 247
944 971 108
965 1001 69
974 1001 280
978 1025 31
1002 1005 97
1021 1035 170
1032 1047 209
1036 1040 255
1053 1066 83
1080 1083 174
1103 1121 18
1112 1124 212
1137 1164 292
1137 1167 200
1142 1184 283
1156 1157 37
1158 1203 243
1186 1223 200
1215 1252 41
1237 1267 51
1243 1272 232
1248 1267 187
1272 1282 86
1298 1305 162
1298 1315 185
1318 1344 81
1340 1376 284
1366 1385 285
1388 1438 67
1414 1445 36
1436 1476 268
1445 1495 239
1458 1466 209
1472 1506 241
1499 1511 162
1519 1559 185
1538 1552 15
1543 1565 217
1567 1575 33
1592 1623 37
1599 1639 101
1627 1668 201
1630 1651 266
1647 1683 1
1667 1698 202
1692 1699 60
1706 1738 53
1708 1732 245
1712 1744 211
1737 1785 162
1760 1792 116
1779 1793 34
1802 1808 157
1815 1829 144
1830 1872 190
1836 1855 166
1845 1850 156
1872 1883 83
1878 1893 72
1890 1926 263
1897 1915 292
1920 1931 163
1949 1964 101
1979 1991 201
1983 2028 23
2005 2010 25
2029 2061 72
2031 2067 136
2041 2064 22
2056 2090 176
2063 2100 74
2086 2120 276
2091 2138 256
2097 2119 7
2106 2108 228
2122 2124 2
2129 2147 248
2136 2173 75
2137 2141 299
2154 2194 232
2175 2183 249
2196 2242 118
2223 2230 24
2235 2264 79
2240 2257 263
2258 2304 28
2266 2294 146
2270 2297 56
2296 2302 78
2311 2313 60
2329 2343 77
2356 2372 26
2379 2413 17
2405 2431 40
2420 2456 217
2445 2459 255
2463 2503 123
2473 2493 141
2478 2491 221
2490 2496 271
2510 2558 8
2538 2548 149
2541 2544 234
2546 2595 221
2565 2598 69
2594 2628 261
2616 2666 24
2640 2652 210
2656 2685 274
2677 2698 114
2696 2736 118
2720 2739 107
2723 2762 298
2736 2763 67
2757 2800 271
2778 2789 195
2806 2847 235
2829 2853 51
2833 2875 169
2857 2863 224
2872 2908 32
2901 2945 249
2921 2942 79
2925 2974 169
2937 2941 224
2940 2970 107
2944 2989 234
2964 3009 72
2977 2991 279
2987 3019 254
2989 3023 181
3017 3042 155
3033 3054 62
3042 3071 105
3071 3078 122
3077 3110 121
3097 3112 123
3111 3132 12
3137 3160 247
3160 3181 218
3164 3213 194
3167 3191 277
3179 3188 142
3194 3215 156
3195 3218 195
3201 3244 204
3231 3273 101
3246 3271 242
3251 3268 50
3273 3289 62
3301 3348 181
3328 3376 60
3342 3366 57
3367 3396 168
3383 3404 61
3385 3393 262
3413 3426 144
3423 3471 240
3446 3495 277
3458 3502 131
3475 3518 254
3478 3525 278
3507 3553 85
3509 3539 154
3537 3570 69
3544 3561 100
3556 3581 158
3569 3570 96
3588 3593 86
3604 3626 151
3608 3643 253
3616 3653 277
3634 3644 215
3639 3644 236
3658 3706 273
3683 3696 54
3683 3723 216
3701 3716 282
3710 3727 288
3710 3729 259
3729 3740 209
3738 3769 274
3746 3754 219
3772 3786 229
3781 3804 100
3792 3799 272
3819 3841 198
3825 3849 219
3833 3842 14
3848 3879 199
3861 3900 219
3875 3896 10
3882 3932 299
3891 3938 38
3899 3930 164
3908 3931 174
3919 3929 124
3930 3939 114
3945 3993 26
3966 3973 93
3967 4003 289
3981 4016 296
3986 4001 250
3998 4014 106
4027 4049 230
4029 4054 109
4054 4092 181
4061 4069 281
4065 4080 88
4076 4114 17
4096 4136 290
4096 4097 273
4112 4124 21
4140 4184 84
4141 4190 99
4162 4189 291
4180 4208 14
4198 4209 133
4216 4238 139
4219 4263 273
4245 4290 91
4262 4301 251
4277 4302 94
4285 4311 254
4287 4304 89
4317 4325 57
4320 4339 37
4320 4334 174
4332 4352 290
4354 4390 283
4357 4384 38
4373 4374 122
4396 4403 221
4420 4428 125
4433 4440 102
4459 4479 276
4459 4473 248
4469 4509 164
4489 4519 269
4499 4531 5
4503 4549 235
4511 4522 93
4514 4524 212
4521 4559 154
4544 4591 262
4549 4576 135
4575 4612 228
4577 4595 206
4590 4592 55
4604 4626 22
4605 4618 178
4635 4639 40
4646 4669 297
4675 4704 52
4705 4727 236
4707 4732 246
4708 4725 217
4737 4787 268
4741 4756 207
4747 4785 255
4773 4817 12
4780 4822 87
4784 4798 34
4801 4811 204
4826 4845 282
4840 4852 46
4849 4850 31
4852 4880 12
4859 4899 272
4871 4872 293
4886 4933 82
4907 4922 267
4921 4954 69
4949 4955 32
4968 4974 223
4982 5020 144
4996 5022 34
5007 5052 142
5036 5072 197
5036 5083 113
5048 5052 46
5075 5079 81
5088 5123 265
5109 5124 259
5111 5152 283
5132 5140 284
5147 5161 297
5161 5191 285
5170 5177 62
5190 5212 133
5212 5261 264
5219 5253 86
5220 5243 118
5231 5261 13
5239 5251 134
5262 5291 158
5275 5302 254
5288 5309 282
5314 5341 161
5328 5376 126
5352 5368 37
5367 5407 124
5386 5394 104
5386 5430 239
5411 5459 130
5433 5438 159
5460 5481 25
5462 5501 145
5481 5527 103
5489 5521 114
5516 5546 239
5530 5564 155
5554 5562 107
5581 5600 205
5594 5610 200
5614 5652 248
5617 5627 50
5638 5651 241
5656 5659 162
5682 5708 162
5700 5708 243
5717 5767 233
5742 5779 168
5764 5785 262
5792 5835 146
5816 5860 200
5836 5869 19
5858 5885 170
5878 5887 110
5891 5932 298
5914 5927 283
5921 5971 205
5924 5947 109
5954 5964 171
5974 5986 220
5998 6007 148
