400
17 39 243
33 64 300
59 90 8
74 110 112
86 115 248
106 143 169
135 176 267
162 173 255
174 178 72
188 192 22
215 235 239
216 246 1
231 249 11
238 270 64
241 249 8
267 286 94
279 292 215
308 340 96
324 350 200
336 361 272
352 357 256
376 385 204
401 426 292
411 423 27
430 444 225
450 496 192
464 487 193
481 526 33
505 548 267
507 528 1
515 564 222
543 545 100
548 570 126
570 572 191
582 614 13
609 634 91
611 646 122
614 628 52
621 642 225
633 639 5
646 687 65
673 715 258
680 722 233
702 739 97
723 764 249
731 778 177
748 787 101
763 778 253
792 806 168
798 825 129
827 833 269
843 880 197
872 887 288
900 947 40
926 958 247
955 990 36
956 979 111
961 990 261
969 1011 33
990 1016 147
1019 1042 76
1021 1034 199
1032 1047 172
1041 1077 122
1058 1065 269
1084 1114 212
1106 1153 33
1111 1142 122
1120 1149 119
1123 1148 154
1128 1145 81
1146 1184 136
1163 1186 282
1180 1208 277
1185 1205 148
1204 1254 55
1232 1237 259
1233 1278 87
1249 1294 127
1251 1257 77
1273 1277 139
1293 1316 61
1305 1317 162
1319 1325 279
1321 1366 261
1333 1353 105
1335 1349 55
1342 1387 182
1371 1421 298
1380 1427 213
1398 1412 161
1405 1419 227
1432 1465 135
1444 1494 220
1444 1487 20
1473 1519 127
1497 1539 187
1512 1523 34
1534 1542 58
1564 1599 46
1583 1604 166
1594 1606 232
1599 1601 183
1624 1664 147
1644 1673 87
1655 1678 197
1669 1691 187
1684 1687 269
1708 1719 249
1729 1770 290
1733 1767 44
1763 1776 33
1767 1778 22
1787 1797 10
1817 1866 209
1829 1878 209
1859 1890 60
1865 1915 281
1866 1907 298
1893 1904 96
1899 1948 165
1923 1966 51
1946 1991 59
1958 1972 49
1961 1970 35
1962 1973 255
1970 1971 17
1972 2001 290
1984 2008 99
1985 2033 215
2009 2017 43
2013 2024 230
2014 2020 142
2028 2052 199
2033 2076 236
2039 2071 163
2052 2083 93
2056 2086 171
2080 2103 20
2089 2121 132
2119 2154 254
2129 2133 213
2154 2192 263
2163 2179 74
2167 2184 159
2171 2190 5
2188 2206 206
2195 2217 243
2207 2229 134
2208 2253 212
2231 2281 276
2249 2256 171
2264 2273 16
2282 2315 190
2310 2341 66
2337 2369 276
2363 2395 256
2374 2375 206
2377 2418 242
2398 2427 265
2427 2456 87
2447 2483 227
2447 2473 89
2477 2524 275
2507 2552 1
2531 2564 267
2551 2584 182
2576 2624 68
2584 2631 2
2614 2625 155
2624 2627 296
2627 2645 249
2639 2644 174
2658 2680 81
2688 2709 206
2715 2718 152
2724 2744 33
2724 2764 207
2729 2751 209
2751 2764 251
2776 2804 16
2780 2799 117
2805 2841 38
2818 2845 68
2845 2892 17
2849 2878 53
2873 2889 188
2890 2912 289
2905 2955 109
2905 2944 232
2935 2981 279
2941 2957 180
2963 3012 224
2971 2999 242
2980 3025 90
2990 2992 2
3016 3057 199
3035 3053 256
3056 3093 100
3067 3072 11
3089 3108 242
3096 3129 13
3122 3142 110
3131 3137 179
3134 3181 39
3142 3173 73
3166 3190 43
3180 3188 70
3182 3191 256
3201 3238 74
3205 3245 185
3215 3247 16
3220 3230 264
3238 3241 268
3260 3293 89
3272 3284 102
3293 3328 156
3310 3325 293
3331 3346 293
3359 3377 79
3374 3395 244
3381 3400 27
3387 3389 166
3396 3445 91
3422 3452 251
3435 3453 27
3446 3496 295
3452 3457 143
3472 3518 67
3501 3548 128
3516 3558 44
3544 3581 33
3573 3595 221
3585 3586 296
3593 3610 242
3596 3636 39
3602 3613 204
3629 3677 153
3637 3667 95
3651 3684 203
3657 3680 259
3683 3704 229
3702 3710 234
3711 3749 238
3741 3788 248
3766 3805 116
3790 3837 79
3790 3807 63
3809 3839 35
3825 3846 108
3852 3864 83
3857 3867 123
3871 3907 244
3896 3923 227
3922 3925 115
3949 3961 214
3974 3976 269
3978 4024 91
3991 4040 91
3995 4007 244
4011 4033 298
4031 4079 117
4050 4090 213
4063 4085 194
4092 4111 73
4097 4138 94
4097 4107 120
4117 4119 117
4146 4177 197
4176 4201 57
4199 4211 54
4201 4243 128
4210 4220 169
4217 4247 249
4239 4261 272
4260 4274 129
4287 4295 280
4302 4348 218
4312 4337 18
4323 4338 191
4338 4357 94
4353 4397 267
4368 4393 290
4373 4402 157
4381 4393 141
4397 4418 130
4412 4444 118
4433 4465 115
4459 4471 38
4459 4469 24
4463 4485 270
4489 4510 278
4515 4559 82
4525 4572 65
4532 4540 32
4562 4609 171
4581 4625 223
4609 4650 121
4614 4619 77
4636 4662 293
4648 4698 140
4653 4699 146
4676 4677 153
4678 4684 172
4697 4732 209
4712 4724 166
4730 4779 298
4754 4803 116
4779 4788 117
4783 4809 277
4807 4839 168
4819 4850 109
4829 4868 247
4845 4864 117
4861 4869 238
4890 4929 159
4905 4938 67
4929 4969 23
4951 4981 98
4964 5011 149
4976 5008 17
4986 5028 117
4997 5018 252
4998 5032 189
5026 5040 284
5043 5072 218
5047 5076 25
5069 5110 151
5080 5103 253
5089 5122 160
5106 5151 13
5132 5163 57
5132 5182 270
5133 5143 11
5161 5181 278
5175 5184 23
5175 5217 3
5184 5185 115
5203 5227 34
5203 5222 80
5218 5234 153
5248 5261 169
5262 5304 106
5269 5282 81
5279 5318 43
5294 5329 244
5317 5323 143
5317 5335 167
5329 5340 165
5345 5373 132
5355 5367 181
5383 5433 213
5393 5395 280
5401 5428 87
5423 5449 282
5440 5479 4
5461 5468 94
5478 5482 101
5493 5514 76
5515 5543 44
5518 5522 264
5519 5545 46
5529 5532 267
5541 5555 194
5556 5568 300
5581 5627 219
5607 5644 274
5616 5632 171
5635 5637 193
5656 5682 156
5662 5665 142
5677 5724 175
5683 5698 66
5684 5732 66
5708 5755 254
5708 5749 153
5735 5783 207
5735 5785 203
5756 5806 147
5777 5824 202
5789 5796 74
5809 5811 55
5836 5839 297
5857 5905 108
5865 5902 116
5888 5904 197
5903 5941 144
5926 5970 222
5955 5993 253
5959 5988 44
5977 5992 132
6006 6050 79
6012 6034 155
6035 6062 255
6041 6056 68
6058 6086 264
6068 6088 145
6077 6091 104
6079 6116 177
6098 6140 190
