400
14 53 53
26 29 5
35 70 92
57 63 154
78 118 37
95 101 126
101 140 80
127 154 251
154 181 34
180 211 241
196 225 8
219 234 300
228 246 207
241 285 214
245 268 19
250 295 141
274 320 84
287 304 136
301 304 28
304 350 293
310 360 85
327 375 276
333 345 53
356 360 240
379 394 11
408 423 32
427 463 138
451 457 194
453 478 289
479 497 188
493 507 275
520 531 122
538 549 148
553 600 288
560 563 271
578 584 88
589 607 116
616 665 108
625 643 231
647 686 26
662 688 83
690 699 294
705 754 54
724 759 240
744 772 155
768 807 184
783 794 117
802 808 73
808 833 252
816 848 123
817 825 171
840 866 36
844 863 62
860 888 215
875 916 289
879 885 157
899 918 260
907 920 88
934 966 48
957 961 50
968 1003 51
983 1013 134
989 1026 281
998 1038 53
1013 1021 124
1030 1057 161
1056 1063 260
1083 1114 241
1085 1088 74
1098 1139 56
1103 1150 125
1108 1146 268
1122 1138 287
1126 1156 295
1153 1170 109
1178 1214 224
1190 1230 82
1196 1227 70
1211 1213 123
1230 1254 196
1231 1232 37
1231 1250 47
1250 1254 79
1272 1280 245
1272 1283 193
1287 1292 20
1306 1319 280
1320 1329 21
1347 1375 246
1367 1397 30
1397 1417 226
1416 1442 43
1430 1465 13
1439 1486 209
1442 1458 55
1464 1473 278
1492 1503 136
1517 1523 246
1539 1576 84
1557 1561 170
1579 1605 136
1586 1612 111
1589 1602 236
1617 1624 138
1624 1661 137
1635 1657 187
1641 1647 292
1656 1672 163
1660 1679 192
1683 1684 163
1705 1744 118
1732 1749 7
1747 1793 76
1775 1782 211
1776 1798 68
1799 1846 260
1817 1844 298
1832 1842 293
1842 1884 158
1849 1855 163
1866 1916 277
1868 1889 287
1890 1891 1
1907 1955 84
1922 1934 75
1952 1999 198
1964 2005 198
1972 1983 37
1990 2036 187
1995 2011 124
2003 2011 273
2004 2014 299
2006 2010 143
2006 2023 65
2029 2071 112
2058 2101 294
2074 2115 151
2101 2117 226
2101 2147 105
2129 2133 292
2158 2166 138
2184 2193 150
2210 2236 162
2211 2258 221
2231 2241 201
2236 2278 37
2254 2294 86
2257 2295 94
2257 2281 67
2266 2307 154
2274 2283 40
2301 2321 157
2321 2352 138
2340 2383 113
2370 2409 68
2395 2411 128
2407 2437 282
2433 2465 191
2444 2479 55
2457 2496 210
2486 2530 132
2494 2535 160
2506 2526 265
2525 2543 170
2545 2584 165
2559 2604 163
2562 2587 223
2577 2584 25
2581 2590 210
2610 2612 227
2623 2636 182
2644 2686 183
2653 2684 96
2682 2701 179
2696 2704 91
2709 2734 80
2719 2752 249
2734 2776 26
2749 2763 198
2768 2771 67
2791 2801 91
2793 2807 111
2794 2831 45
2819 2863 221
2836 2859 27
2856 2871 229
2882 2902 64
2893 2910 17
2917 2918 238
2942 2951 18
2959 2972 30
2975 3016 159
2979 2987 1
2984 3029 121
2995 3040 237
3016 3059 214
3037 3074 219
3044 3079 2
3066 3073 212
3066 3075 16
3074 3120 298
3082 3128 273
3104 3147 40
3134 3164 187
3137 3139 270
3153 3202 13
3169 3199 166
3178 3206 9
3203 3221 190
3213 3231 231
3225 3260 60
3252 3265 47
3260 3274 219
3263 3292 251
3267 3289 257
3291 3292 209
3305 3319 1
3315 3364 7
3343 3348 263
3348 3372 204
3369 3372 244
3377 3388 90
3379 3424 111
3406 3451 248
3415 3431 57
3435 3458 298
3446 3465 35
3447 3484 12
3463 3504 40
3487 3504 186
3488 3495 219
3497 3538 232
3525 3562 87
3555 3603 181
3580 3630 114
3602 3603 289
3617 3647 186
3630 3655 260
3630 3641 192
3655 3671 190
3683 3709 89
3699 3748 221
3707 3720 193
3709 3750 240
3720 3742 57
3743 3776 227
3768 3794 93
3780 3795 254
3798 3841 157
3821 3868 197
3828 3842 16
3856 3903 162
3883 3889 250
3892 3906 251
3901 3903 134
3924 3938 256
3953 3999 156
3964 3989 94
3984 3992 271
4011 4017 104
4026 4039 27
4027 4076 143
4047 4090 201
4051 4068 266
4078 4110 91
4095 4108 185
4124 4144 15
4153 4177 247
4165 4214 49
4167 4175 292
4171 4198 290
4193 4229 113
4215 4248 295
4243 4252 144
4269 4315 252
4286 4333 173
4292 4306 265
4298 4346 5
4327 4367 162
4340 4356 185
4353 4359 34
4370 4420 220
4383 4423 259
4390 4400 231
4407 4444 226
4423 4462 240
4438 4465 115
4439 4478 181
4465 4476 139
4484 4501 267
4510 4529 295
4531 4548 124
4539 4578 86
4557 4575 276
4580 4612 32
4583 4596 196
4593 4625 39
4623 4630 67
4649 4651 36
4669 4701 199
4693 4721 288
4719 4731 210
4727 4756 276
4736 4747 65
4758 4797 2
4784 4813 132
4806 4848 114
4814 4820 221
4831 4845 294
4841 4851 28
4858 4902 168
4873 4900 101
4895 4906 92
4904 4936 11
4926 4962 25
4930 4963 60
4938 4959 267
4955 4997 184
4974 5018 12
4983 5009 129
4985 5004 160
4999 5044 46
5010 5030 107
5010 5016 213
5018 5057 245
5024 5047 229
5041 5072 292
5044 5067 74
5059 5091 48
5067 5114 77
5096 5121 25
5110 5131 84
5123 5130 246
5133 5142 30
5148 5176 227
5160 5170 199
5170 5196 188
5185 5201 96
5188 5211 56
5204 5248 96
5213 5217 274
5233 5279 126
5241 5263 36
5255 5275 16
5266 5312 146
5267 5293 132
5282 5283 210
5310 5319 141
5333 5337 275
5344 5376 173
5344 5350 5
5357 5366 70
5363 5396 251
5392 5442 145
5405 5447 100
5433 5442 136
5457 5462 74
5477 5504 43
5484 5497 109
5509 5532 101
5536 5544 191
5563 5598 92
5575 5577 171
5576 5590 292
5599 5636 242
5608 5646 89
5615 5646 185
5622 5627 73
5631 5675 46
5656 5686 141
5672 5687 101
5694 5722 241
5700 5717 238
5723 5771 81
5728 5773 82
5737 5755 53
5741 5746 81
5745 5754 202
5745 5791 165
5767 5792 81
5779 5823 131
5798 5842 87
5809 5843 73
5825 5853 93
5836 5849 116
5855 5872 33
5882 5909 57
5888 5905 5
5895 5932 180
5909 5932 28
5930 5970 142
5956 5976 105
5974 5993 272
5995 6027 158
6017 6020 57
6045 6056 180
6058 6075 106
6076 6108 75
6095 6106 165
6117 6156 208
