400
7 49 210
34 54 153
58 103 183
81 99 34
110 121 76
134 151 67
136 150 78
163 209 81
175 176 130
181 186 4
182 215 275
201 216 272
224 230 126
252 290 146
268 297 130
281 330 298
296 345 205
321 333 17
329 374 78
335 346 16
354 355 118
368 409 244
372 391 180
387 428 107
402 423 222
428 474 214
432 456 26
438 479 37
467 468 117
483 498 159
489 525 195
507 521 114
510 518 251
535 550 165
535 583 218
548 572 126
548 568 228
568 604 209
590 639 299
609 611 114
625 646 126
645 694 72
670 699 206
694 733 237
694 699 278
710 733 234
733 734 142
756 798 249
764 769 87
767 784 27
777 821 256
798 832 189
813 846 47
829 843 235
834 877 253
861 878 253
867 903 93
871 889 99
885 914 159
912 916 82
915 958 212
937 951 54
966 971 170
980 991 128
1006 1049 26
1014 1053 77
1019 1024 294
1023 1045 45
1045 1080 107
1063 1086 154
1068 1090 234
1093 1112 300
1110 1148 35
1120 1153 253
1131 1172 241
1145 1190 27
1163 1180 178
1165 1187 125
1190 1220 228
1193 1217 28
1200 1227 161
1205 1224 270
1223 1233 151
1246 1293 235
1254 1273 278
1266 1278 197
1277 1283 62
1295 1341 24
1304 1338 80
1327 1353 46
1333 1365 58
1355 1404 26
1379 1394 166
1400 1434 238
1421 1444 267
1446 1451 254
1462 1498 37
1469 1515 25
1484 1496 207
1497 1514 237
1520 1526 203
1524 1532 133
1551 1587 271
1567 1579 75
1583 1620 150
1595 1605 144
1617 1658 283
1637 1674 181
1637 1687 37
1663 1704 292
1683 1733 244
1701 1722 192
1715 1756 163
1738 1754 229
1767 1802 221
1788 1835 269
1796 1825 11
1806 1828 205
1828 1835 290
1857 1871 149
1882 1905 126
1892 1937 41
1907 1911 86
1930 1936 101
1933 1943 201
1960 1970 288
1970 2007 204
1988 2016 46
1999 2033 253
2013 2050 105
2016 2057 38
2046 2075 184
2059 2076 242
2075 2091 276
2076 2107 217
2087 2129 45
2100 2115 114
2127 2143 264
2129 2133 55
2139 2181 97
2143 2184 74
2154 2197 81
2156 2186 84
2160 2173 165
2189 2193 191
2200 2235 289
2201 2215 232
2209 2221 295
2213 2237 264
2239 2282 281
2243 2256 66
2247 2276 71
2264 2270 13
2286 2295 25
2292 2308 209
2312 2346 118
2325 2344 245
2353 2368 151
2363 2397 213
2376 2409 261
2377 2420 244
2384 2395 163
2397 2439 241
2427 2438 283
2449 2485 29
2456 2501 43
2467 2495 199
2490 2492 100
2501 2521 253
2501 2527 62
2523 2541 58
2542 2560 26
2565 2601 189
2582 2591 207
2607 2630 110
2636 2640 33
2638 2680 201
2654 2672 292
2657 2681 221
2682 2690 212
2699 2719 14
2712 2741 209
2738 2769 102
2747 2793 137
2767 2794 278
2793 2822 186
2823 2843 89
2851 2894 80
2857 2904 185
2882 2884 254
2908 2935 21
2925 2952 262
2945 2979 125
2967 2978 86
2980 2996 98
2999 3029 25
3014 3057 62
3027 3062 267
3054 3096 185
3075 3080 116
3102 3127 273
3132 3166 22
3162 3170 177
3162 3199 151
3175 3205 200
3183 3229 300
3204 3239 10
3212 3215 205
3221 3256 96
3229 3256 14
3237 3239 167
3251 3280 226
3281 3315 170
3290 3330 16
3302 3312 64
3302 3303 37
3325 3346 169
3340 3377 49
3348 3356 106
3357 3365 228
3361 3380 198
3367 3376 118
3376 3419 136
3396 3436 80
3422 3424 22
3435 3453 299
3452 3482 77
3478 3506 98
3502 3515 57
3510 3560 61
3516 3542 141
3539 3568 141
3553 3603 203
3573 3590 72
3573 3581 132
3575 3615 231
3599 3628 73
3604 3623 205
3606 3617 154
3617 3618 3
3647 3674 254
3658 3660 141
3669 3696 110
3669 3681 151
3680 3704 177
3685 3689 289
3713 3740 229
3738 3775 238
3757 3779 164
3761 3798 173
3763 3773 58
3784 3788 160
3802 3827 111
3802 3836 1
3819 3844 119
3834 3859 53
3851 3854 144
3856 3889 150
3865 3898 7
3868 3889 143
3875 3881 1
3898 3899 88
3908 3941 82
3935 3985 109
3948 3964 166
3968 4013 73
3995 4041 21
4016 4026 169
4042 4053 257
4042 4075 63
4046 4057 196
4059 4072 231
4074 4108 260
4082 4091 91
4098 4125 185
4113 4162 78
4141 4168 40
4142 4175 54
4147 4158 224
4173 4198 134
4191 4208 93
4203 4250 137
4208 4256 36
4233 4283 193
4245 4292 138
4262 4276 106
4270 4320 137
4275 4322 246
4277 4314 285
4280 4282 33
4310 4348 248
4324 4363 46
4329 4330 94
4345 4374 209
4353 4402 76
4354 4356 42
4359 4380 15
4378 4416 186
4393 4401 204
4413 4438 113
4419 4457 199
4438 4449 132
4445 4485 233
4457 4463 185
4486 4505 79
4504 4532 240
4531 4533 156
4561 4588 294
4586 4601 45
4596 4633 297
4602 4608 300
4602 4605 208
4614 4633 52
4615 4640 239
4620 4630 255
4648 4681 284
4673 4700 38
4681 4707 149
4681 4704 254
4697 4726 208
4712 4751 34
4714 4728 20
4740 4777 103
4752 4778 155
4761 4770 52
4769 4795 22
4784 4832 253
4805 4814 215
4813 4853 223
4820 4862 55
4840 4885 292
4847 4849 59
4847 4884 48
4847 4892 195
4858 4894 122
4864 4876 93
4871 4907 268
4896 4916 57
4918 4946 81
4919 4922 300
4930 4966 277
4951 4962 209
4951 4952 155
4951 4995 117
4961 4982 189
4978 4996 8
5006 5046 217
5011 5052 281
5012 5061 224
5036 5077 253
5036 5075 144
5036 5057 92
5037 5047 68
5057 5065 13
5081 5120 228
5107 5128 203
5115 5124 241
5115 5136 87
5127 5164 291
5139 5160 106
5153 5165 222
5172 5212 34
5201 5251 25
5224 5253 204
5249 5265 135
5273 5314 16
5289 5329 133
5318 5355 56
5331 5349 278
5352 5399 193
5368 5384 258
5392 5410 72
5408 5448 202
5417 5442 291
5440 5471 138
5453 5460 42
5474 5495 47
5480 5518 207
5481 5507 17
5509 5518 50
5524 5526 241
5528 5546 41
5536 5551 21
5551 5579 33
5569 5600 177
5579 5595 188
5592 5611 222
5607 5650 178
5635 5648 97
5643 5657 254
5643 5666 120
5661 5707 253
5685 5689 246
5702 5743 241
5715 5765 201
5731 5743 69
5743 5774 261
5771 5820 270
5781 5817 61
5784 5821 205
