400
23 27 195
45 79 9
70 90 32
92 128 21
99 125 136
124 173 241
142 171 173
150 168 134
172 203 35
175 181 60
184 198 226
189 193 285
189 234 52
196 219 28
220 244 34
233 249 297
238 243 203
257 292 76
257 304 115
275 309 209
298 337 4
322 357 278
350 389 106
379 408 166
395 406 73
412 433 47
433 466 237
461 509 132
485 490 232
514 533 145
521 543 26
521 564 221
548 569 247
553 602 99
582 612 34
593 637 262
613 632 300
614 648 168
629 656 247
646 683 32
647 669 225
667 696 40
670 676 50
677 688 78
694 714 90
723 769 158
725 768 291
733 750 182
745 786 217
750 786 152
777 826 121
800 844 282
808 837 188
815 831 192
828 842 195
843 859 279
844 890 96
867 892 36
893 912 12
901 945 108
903 905 175
913 952 2
922 948 213
931 964 97
942 956 82
952 991 168
958 984 172
977 1026 44
984 991 299
1005 1045 41
1015 1065 185
1029 1038 53
1039 1087 206
1051 1096 164
1069 1095 205
1079 1128 300
1082 1128 265
1099 1144 10
1125 1146 5
1129 1141 52
1140 1151 60
1153 1166 293
1160 1182 274
1163 1201 58
1165 1197 269
1185 1189 231
1193 1228 177
1223 1224 132
1248 1256 23
1261 1306 190
1273 1307 51
1280 1321 200
1284 1298 217
1312 1323 49
1327 1334 286
1354 1385 277
1370 1377 128
1388 1418 98
1395 1441 102
1413 1422 258
1434 1439 260
1453 1492 141
1482 1503 129
1486 1520 199
1509 1554 187
1534 1550 108
1549 1557 250
1574 1581 6
1574 1609 55
1579 1607 19
1588 1613 167
1596 1630 173
1607 1611 183
1616 1634 161
1636 1683 24
1659 1705 208
1686 1702 280
1710 1712 6
1716 1726 272
1736 1763 75
1757 1782 89
1787 1835 151
1805 1815 290
1809 1832 137
1814 1827 26
1821 1833 177
1846 1882 255
1858 1908 194
1877 1880 64
1887 1919 94
1895 1914 119
1897 1911 216
1914 1941 220
1935 1952 158
1944 1959 184
1964 2008 112
1979 2020 174
2009 2036 28
2025 2038 118
2048 2060 193
2056 2091 70
2085 2131 284
2099 2138 255
2118 2152 143
2133 2170 46
2151 2200 83
2151 2167 166
2164 2204 264
2170 2204 1
2180 2202 259
2200 2234 132
2201 2244 36
2215 2255 190
2225 2228 280
2244 2245 37
2245 2271 123
2268 2287 28
2268 2304 4
2283 2285 228
2294 2326 81
2316 2323 198
2344 2372 118
2365 2368 269
2373 2420 260
2385 2387 68
2409 2431 258
2437 2451 6
2446 2448 39
2449 2461 278
2475 2499 182
2485 2492 208
2490 2539 251
2497 2501 11
2519 2550 272
2536 2541 6
2560 2573 180
2572 2605 42
2579 2607 298
2579 2609 169
2582 2622 57
2585 2601 76
2611 2632 42
2625 2675 244
2629 2651 73
2657 2658 91
2671 2700 204
2699 2724 31
2701 2714 142
2713 2739 183
2719 2733 280
2726 2727 127
2734 2783 75
2736 2760 131
2765 2791 173
2771 2797 202
2800 2823 158
2828 2874 123
2848 2865 141
2856 2869 49
2880 2894 147
2907 2910 97
2923 2957 12
2932 2970 100
2945 2965 129
2969 3012 24
2987 2995 8
3016 3065 60
3040 3047 174
3057 3074 152
3072 3089 65
3096 3123 232
3124 3143 163
3135 3138 231
3164 3176 108
3175 3197 8
3204 3234 168
3216 3244 212
3239 3256 20
3261 3306 286
3290 3331 136
3291 3311 220
3315 3362 267
3341 3359 97
3371 3380 288
3398 3414 143
3424 3461 11
3453 3455 266
3460 3503 70
3483 3494 241
3507 3528 212
3511 3542 190
3531 3578 135
3554 3571 149
3568 3590 206
3593 3616 229
3594 3642 149
3620 3641 235
3627 3657 114
3650 3669 63
3671 3705 224
3697 3736 20
3723 3770 204
3728 3778 135
3736 3784 265
3748 3790 158
3771 3811 203
3794 3795 145
3811 3827 173
3832 3860 120
3842 3865 296
3847 3872 10
3857 3869 159
3887 3900 205
3909 3911 12
3923 3950 162
3942 3943 279
3958 3988 200
3967 3985 107
3984 4027 16
4007 4018 254
4020 4043 86
4048 4096 165
4072 4111 251
4076 4124 280
4086 4095 72
4096 4112 106
4104 4134 250
4128 4155 251
4150 4200 204
4154 4163 142
4174 4208 267
4195 4232 300
4222 4258 269
4229 4234 273
4245 4292 6
4259 4277 242
4288 4301 67
4313 4332 187
4316 4339 77
4346 4356 128
4369 4418 68
4391 4409 8
4393 4403 297
4405 4422 295
4421 4435 134
4439 4450 39
4442 4484 49
4466 4474 174
4478 4503 272
4488 4530 28
4510 4523 24
4513 4530 4
4525 4531 249
4549 4593 64
4554 4591 267
4584 4597 10
4610 4635 176
4616 4628 69
4639 4654 232
4642 4645 11
4662 4708 137
4676 4707 181
4701 4734 246
4708 4738 125
4724 4761 88
4748 4786 188
4761 4798 170
4780 4794 267
4783 4819 200
4799 4840 286
4808 4825 137
4834 4842 138
4856 4879 21
4863 4885 21
4883 4905 146
4888 4894 251
4917 4928 186
4938 4988 287
4944 4982 107
4963 4980 220
4986 5002 129
4990 5002 129
5004 5019 164
5004 5005 120
5021 5039 179
5035 5039 277
5050 5068 72
5062 5095 148
5073 5081 73
5082 5118 159
5105 5152 61
5121 5135 268
5134 5182 39
5138 5158 103
5163 5206 5
5172 5183 298
5185 5213 59
5213 5259 54
5219 5230 296
5234 5252 147
5249 5254 254
5266 5288 251
5280 5291 181
5282 5297 186
5290 5303 270
5311 5328 59
5336 5356 163
5350 5380 11
5376 5394 100
5391 5436 15
5407 5424 243
5412 5424 210
5438 5456 20
5456 5501 94
5470 5491 95
5490 5519 241
5499 5529 243
5509 5549 85
5536 5577 185
5551 5574 215
5579 5588 254
5581 5608 69
5593 5617 71
5617 5664 260
5623 5627 217
5637 5657 225
5667 5707 15
5692 5705 77
5716 5717 205
5722 5727 69
5742 5760 299
5751 5763 270
5778 5788 79
5793 5804 272
5820 5821 286
5843 5858 238
5844 5845 253
5845 5890 50
5860 5903 86
5868 5869 271
5871 5885 278
5883 5917 125
5887 5895 257
5892 5911 293
5905 5932 38
5914 5949 110
5915 5936 6
5924 5925 268
5930 5932 128
5952 5998 84
5981 6003 245
5987 6005 230
5992 6041 14
6007 6051 83
6011 6039 154
6027 6062 233
6034 6051 210
6063 6113 94
6071 6096 88
6087 6120 53
