400
1 50 54
16 25 171
27 69 11
27 73 266
54 75 237
76 122 113
81 88 183
83 96 255
103 145 165
125 140 101
144 173 91
171 212 135
176 207 223
181 202 19
200 239 194
218 223 201
223 273 209
225 250 66
233 252 223
234 235 67
238 253 66
248 280 220
278 316 238
282 326 298
302 336 226
302 348 240
305 330 190
313 333 236
323 337 168
343 385 198
346 392 124
353 358 27
380 406 149
392 423 143
398 437 34
401 439 50
406 440 97
409 429 190
435 485 146
464 475 79
494 500 10
521 525 288
521 554 272
528 560 62
547 591 90
555 576 45
560 564 239
587 610 84
615 617 52
618 662 194
635 642 269
644 683 84
644 647 73
645 687 261
670 688 267
671 683 262
672 720 133
673 691 141
690 698 122
702 736 74
706 742 35
712 732 29
726 755 88
737 784 33
758 794 284
784 801 58
813 839 217
818 859 279
848 871 229
867 911 47
887 933 133
916 946 162
935 977 221
940 957 90
955 980 191
975 1001 40
980 1023 296
984 997 150
1003 1018 95
1008 1032 10
1013 1051 270
1037 1056 121
1055 1090 76
1055 1059 83
1073 1088 136
1088 1136 117
1106 1108 236
1112 1118 240
1131 1169 259
1136 1152 135
1154 1192 202
1162 1192 214
1167 1182 63
1189 1205 104
1199 1221 190
1201 1248 284
1214 1264 271
1217 1244 215
1242 1243 3
1245 1282 300
1270 1289 212
1286 1288 172
1299 1317 236
1304 1320 208
1318 1358 218
1337 1341 190
1340 1350 52
1351 1357 46
1379 1380 165
1396 1431 73
1424 1446 237
1428 1445 264
1435 1457 173
1453 1482 144
1453 1471 207
1478 1514 108
1495 1529 169
1499 1513 157
1519 1542 135
1522 1524 94
1525 1568 34
1552 1602 212
1568 1598 144
1592 1613 90
1606 1609 74
1614 1634 158
1640 1669 207
1667 1691 165
1691 1712 188
1719 1728 143
1746 1794 255
1746 1784 221
1758 1798 283
1781 1826 260
1800 1827 253
1824 1830 97
1835 1862 33
1840 1882 196
1865 1888 18
1869 1913 112
1875 1883 149
1899 1942 230
1928 1964 295
1946 1950 232
1955 1995 107
1971 2009 232
1983 2009 263
1999 2042 176
2023 2063 227
2040 2052 6
2040 2081 42
2050 2074 2
2050 2061 252
2055 2078 16
2084 2107 37
2107 2126 274
2126 2169 281
2154 2185 22
2166 2193 193
2188 2222 168
2209 2216 65
2221 2223 124
2237 2248 290
2239 2265 147
2260 2297 77
2269 2305 7
2272 2274 2
2286 2319 265
2306 2324 230
2315 2348 138
2344 2366 247
2345 2346 93
2347 2395 242
2347 2366 66
2355 2405 292
2380 2399 60
2389 2408 152
2401 2423 223
2421 2426 95
2421 2440 2
2431 2479 262
2440 2448 59
2442 2489 31
2461 2493 128
2475 2509 36
2490 2502 256
2495 2514 146
2498 2532 232
2508 2519 206
2526 2543 240
2528 2534 72
2556 2590 144
2585 2614 234
2587 2588 162
2588 2611 254
2604 2622 300
2629 2654 234
2634 2665 202
2639 2672 257
2655 2694 292
2674 2698 121
2691 2715 81
2717 2743 152
2747 2751 55
2776 2811 100
2785 2820 295
2812 2814 239
2814 2838 293
2839 2842 115
2857 2861 110
2867 2913 60
2879 2880 205
2884 2902 175
2900 2916 20
2930 2941 225
2957 2975 201
2972 2982 2
2979 3002 269
2988 3025 262
3009 3054 50
3011 3049 277
3021 3045 68
3022 3049 208
3047 3063 254
3074 3076 1
3088 3128 163
3099 3146 65
3114 3122 252
3132 3157 86
3155 3199 118
3162 3163 117
3174 3209 229
3178 3218 109
3182 3203 158
3193 3217 99
3200 3218 2
3216 3234 242
3230 3231 195
3247 3292 74
3276 3320 182
3279 3325 158
3302 3330 223
3331 3372 290
3344 3380 282
3372 3400 188
3372 3400 116
3401 3412 261
3425 3434 110
3439 3462 276
3444 3456 60
3457 3507 169
3485 3524 224
3504 3532 203
3522 3558 292
3552 3578 283
3556 3597 105
3569 3598 1
3569 3618 191
3593 3640 68
3596 3617 220
3597 3610 179
3598 3602 236
3616 3627 48
3643 3664 224
3672 3710 87
3673 3718 160
3701 3744 46
3728 3764 299
3729 3762 223
3738 3765 73
3766 3815 246
3783 3832 55
3799 3840 98
3817 3830 269
3821 3861 280
3851 3876 277
3860 3866 165
3889 3929 202
3895 3941 102
3895 3903 120
3895 3915 75
3905 3940 105
3911 3926 246
3930 3978 10
3932 3949 7
3933 3972 216
3946 3950 82
3972 4020 292
3985 3989 221
3997 4042 272
4017 4063 283
4028 4048 124
4047 4094 40
4076 4097 295
4092 4097 267
4109 4123 201
4118 4143 186
4119 4155 49
4149 4164 171
4173 4176 170
4203 4223 28
4218 4265 100
4226 4262 76
4230 4236 232
4234 4242 63
4241 4281 64
4253 4290 251
4254 4297 197
4258 4277 47
4283 4286 241
4309 4318 289
4334 4360 179
4337 4385 271
4343 4347 85
4359 4371 105
4384 4392 290
4412 4446 119
4421 4463 31
4432 4481 254
4456 4482 142
4485 4522 53
4514 4515 231
4514 4548 11
4522 4525 109
4552 4572 77
4581 4600 25
4595 4634 238
4617 4644 241
4645 4656 182
4658 4706 8
4675 4679 74
4701 4741 287
4727 4731 189
4752 4757 14
4757 4776 51
4764 4809 199
4785 4813 211
4803 4812 265
4831 4874 127
4858 4879 92
4882 4928 135
4899 4946 232
4905 4906 141
4910 4951 25
4911 4940 241
4913 4931 94
4943 4980 20
4964 4970 210
4981 4999 289
4991 5037 244
4997 5009 99
5027 5060 212
5048 5088 271
5066 5091 246
5087 5108 64
5094 5117 94
5111 5114 155
5124 5137 182
5144 5175 120
5156 5172 115
5181 5213 258
5197 5226 237
5225 5248 221
5254 5259 221
5279 5321 49
5279 5300 224
5306 5329 177
5311 5338 178
5338 5339 76
5363 5411 152
5377 5416 60
5404 5433 184
5424 5469 191
5448 5497 194
5474 5507 51
5477 5494 149
5498 5519 141
5528 5531 54
5540 5571 272
5551 5553 164
5560 5578 4
5573 5598 39
5592 5624 285
5594 5633 284
5620 5642 162
5630 5637 202
5660 5670 143
5669 5716 52
5680 5722 28
5682 5712 46
5710 5743 265
5727 5771 224
5745 5793 230
5755 5774 235
5759 5763 264
5767 5786 119
5776 5809 240
5805 5850 277
5827 5848 172
5848 5882 288
