400
8 9 189
29 64 121
46 50 190
70 107 77
76 116 145
78 89 265
104 119 30
123 135 39
144 171 191
172 201 152
176 223 164
206 244 47
236 284 181
254 279 291
271 320 93
279 288 87
296 332 252
322 326 121
336 373 110
364 399 25
377 408 247
378 385 146
407 440 169
420 443 239
440 484 119
455 460 171
461 511 239
480 482 217
505 519 33
512 525 195
532 571 62
548 576 73
565 601 284
589 601 51
598 633 255
603 624 60
615 643 284
644 688 216
669 670 33
671 704 61
692 736 41
694 722 64
721 770 224
726 743 214
738 739 234
738 752 28
746 793 110
757 805 277
786 810 209
793 798 237
797 821 148
826 849 234
849 862 257
849 854 142
855 899 119
870 883 148
876 898 271
889 920 102
907 952 61
925 952 295
926 951 216
933 951 242
937 984 97
961 979 43
973 1000 143
1000 1005 155
1022 1053 167
1052 1075 132
1057 1090 111
1068 1077 146
1071 1117 140
1078 1096 255
1085 1098 132
1097 1139 211
1105 1132 209
1121 1127 176
1122 1167 231
1137 1159 64
1156 1163 59
1184 1189 259
1187 1224 265
1203 1216 227
1218 1262 69
1238 1245 48
1259 1269 202
1259 1283 211
1274 1288 25
1294 1340 259
1305 1338 283
1333 1351 261
1337 1384 47
1346 1376 220
1358 1378 296
1383 1412 103
1394 1426 271
1421 1449 30
1429 1464 23
1429 1439 45
1433 1439 87
1461 1471 96
1462 1507 135
1468 1518 93
1490 1539 129
1508 1542 283
1529 1546 120
1533 1554 270
1560 1582 154
1567 1603 82
1575 1620 200
1596 1639 76
1601 1633 23
1619 1631 199
1643 1671 116
1644 1649 264
1661 1692 87
1671 1674 76
1682 1716 118
1692 1707 198
1708 1740 122
1734 1753 80
1736 1768 130
1745 1778 279
1747 1773 115
1753 1789 142
1754 1803 124
1776 1797 85
1797 1827 167
1826 1849 40
1855 1885 240
1873 1901 88
1887 1917 109
1911 1927 42
1932 1951 214
1944 1953 44
1944 1971 17
1954 1970 253
1954 1966 26
1971 1993 37
1984 1999 293
2011 2033 163
2017 2064 64
2036 2086 89
2043 2086 244
2059 2104 284
2081 2105 29
2083 2087 1
2087 2108 203
2110 2160 236
2129 2149 29
2151 2169 255
2169 2203 10
2191 2235 144
2195 2245 12
2217 2252 147
2236 2262 287
2264 2273 88
2274 2311 131
2298 2322 17
2323 2354 112
2339 2374 244
2362 2381 106
2387 2392 257
2398 2439 267
2398 2400 225
2416 2452 9
2440 2474 101
2470 2493 82
2475 2504 169
2487 2501 183
2489 2525 95
2506 2510 50
2506 2541 140
2515 2535 92
2534 2567 165
2551 2560 231
2568 2575 253
2575 2580 102
2595 2602 190
2601 2613 147
2619 2649 18
2629 2635 101
2635 2652 177
2643 2667 85
2663 2705 163
2682 2719 291
2708 2726 164
2735 2785 257
2736 2737 124
2739 2767 185
2745 2761 20
2766 2815 267
2786 2812 69
2811 2849 190
2816 2842 54
2838 2880 80
2857 2865 140
2876 2914 293
2895 2915 7
2910 2927 261
2913 2930 123
2924 2959 90
2927 2929 269
2928 2970 52
2953 2998 111
2959 3006 210
2965 2997 204
2976 3002 194
2988 3033 239
2995 3036 208
3009 3052 289
3011 3019 222
3016 3040 44
3045 3062 189
3057 3087 36
3057 3081 166
3057 3084 230
3073 3074 135
3096 3104 12
3099 3141 294
3116 3164 229
3142 3166 12
3147 3154 52
3170 3194 37
3176 3219 271
3181 3206 9
3196 3201 151
3220 3234 6
3227 3271 48
3256 3291 123
3271 3286 192
3294 3300 31
3298 3303 164
3323 3329 193
3327 3328 115
3351 3354 117
3379 3391 49
3409 3420 266
3431 3476 35
3438 3465 20
3443 3448 165
3473 3475 129
3495 3513 27
3521 3552 112
3523 3552 251
3549 3569 119
3559 3599 150
3569 3608 120
3570 3576 135
3586 3608 163
3586 3625 212
3613 3653 184
3624 3661 178
3631 3680 149
3642 3672 140
3651 3654 35
3667 3705 99
3688 3724 93
3688 3725 291
3701 3718 250
3710 3746 245
3732 3748 286
3732 3771 112
3745 3794 156
3757 3773 228
3775 3820 40
3794 3807 36
3808 3844 214
3828 3839 53
3848 3896 24
3857 3905 206
3865 3895 219
3882 3909 168
3898 3922 195
3928 3953 59
3957 3968 124
3959 3991 9
3962 3969 299
3978 3992 213
3986 4031 144
3992 4020 4
4003 4011 95
4024 4044 97
4047 4061 105
4059 4106 219
4070 4073 185
4083 4091 32
4107 4135 148
4109 4129 206
4125 4137 119
4143 4156 246
4157 4190 114
4161 4200 277
4185 4192 202
4200 4213 68
4213 4256 19
4213 4218 294
4228 4268 257
4246 4282 187
4259 4292 275
4283 4302 253
4302 4351 260
4310 4317 226
4321 4326 276
4333 4357 32
4341 4354 262
4344 4345 229
4345 4364 163
4372 4415 7
4387 4432 39
4403 4429 78
4416 4436 155
4443 4477 145
4454 4461 9
4458 4474 91
4464 4491 45
4487 4507 169
4491 4509 190
4495 4539 207
4519 4535 285
4535 4538 44
4562 4602 227
4575 4591 210
4597 4616 42
4610 4624 273
4634 4647 114
4655 4689 61
4665 4690 54
4675 4702 22
4705 4751 265
4735 4763 40
4765 4792 54
4791 4822 199
4791 4804 152
4806 4849 222
4823 4824 124
4826 4866 245
4840 4854 275
4848 4851 229
4859 4862 156
4864 4890 263
4893 4927 202
4901 4927 165
4925 4935 42
4947 4966 167
4958 4995 22
4982 4991 199
4989 5005 297
5015 5040 12
5018 5053 246
5036 5083 49
5066 5089 153
5081 5095 257
5110 5148 276
5140 5156 106
5165 5182 151
5172 5199 203
5181 5187 21
5207 5214 245
5211 5229 200
5236 5257 153
5236 5251 95
5256 5262 114
5260 5263 258
5278 5305 188
5291 5328 95
5309 5320 136
5324 5357 296
5348 5356 10
5366 5415 121
5370 5404 299
5389 5438 37
5390 5392 233
5400 5425 271
5420 5454 254
5442 5481 241
5452 5465 186
5466 5498 169
5479 5510 271
5482 5526 110
5499 5510 8
5500 5522 212
5529 5531 98
5530 5542 235
5547 5592 298
5562 5603 156
5591 5639 201
5602 5613 57
5616 5624 148
5636 5660 9
5651 5684 202
5673 5698 199
5684 5727 242
5711 5736 189
5721 5740 279
5725 5771 220
5743 5761 163
5762 5788 50
5787 5812 197
5790 5800 98
5802 5851 37
