400
23 44 295
50 53 142
62 76 143
84 107 46
106 123 284
126 165 12
136 140 195
163 193 142
177 222 142
190 239 157
212 232 79
213 215 99
239 258 217
252 299 262
275 281 134
301 341 55
331 351 235
348 396 89
366 413 251
378 395 150
407 421 80
410 435 51
434 462 60
445 487 2
464 495 2
479 497 27
502 538 25
512 521 48
533 539 13
548 581 82
550 559 15
563 569 233
578 589 163
584 614 58
598 617 103
615 654 231
626 668 102
638 687 80
642 688 296
646 663 194
671 719 153
674 717 200
701 722 94
710 741 39
725 754 168
736 776 269
739 742 142
746 793 53
770 773 17
778 809 60
780 828 187
810 838 215
810 857 154
826 853 111
830 869 75
847 897 93
858 865 256
880 890 286
893 899 182
907 918 186
915 923 63
925 953 121
925 929 297
926 970 180
933 970 231
941 970 240
951 980 31
977 997 177
989 1032 49
1015 1044 38
1041 1059 158
1061 1101 195
1063 1074 139
1088 1108 100
1110 1121 231
1119 1142 175
1129 1165 125
1146 1196 89
1175 1186 264
1193 1222 294
1217 1220 281
1229 1248 193
1259 1287 13
1262 1285 2
1269 1283 263
1289 1331 118
1289 1311 298
1302 1347 165
1305 1306 178
1332 1352 52
1354 1358 195
1379 1389 64
1406 1412 90
1416 1450 283
1416 1420 30
1424 1466 148
1438 1463 162
1448 1491 251
1453 1460 223
1472 1480 24
1499 1540 157
1518 1558 162
1544 1567 34
1558 1569 233
1560 1586 212
1568 1617 94
1588 1633 150
1615 1665 194
1626 1628 290
1626 1674 4
1656 1686 163
1678 1692 218
1680 1681 16
1706 1721 73
1707 1723 141
1719 1726 79
1734 1767 183
1758 1767 86
1774 1811 204
1778 1823 103
1794 1819 254
1822 1839 97
1849 1882 204
1866 1909 200
1893 1928 145
1914 1957 153
1941 1964 57
1950 1980 293
1971 1979 71
1996 2017 83
1997 2024 114
2026 2034 122
2043 2063 182
2043 2065 151
2051 2097 261
2072 2103 113
2086 2087 81
2099 2109 144
2110 2126 276
2128 2129 150
2153 2192 19
2155 2191 20
2167 2205 283
2174 2224 69
2200 2249 29
2215 2241 237
2217 2240 35
2235 2273 64
2238 2260 112
2255 2286 232
2275 2318 91
2284 2300 256
2284 2331 121
2310 2360 41
2326 2355 135
2329 2336 106
2344 2386 219
2353 2377 251
2358 2380 92
2379 2392 288
2390 2430 277
2402 2432 164
2409 2422 179
2409 2438 73
2430 2450 73
2432 2480 27
2446 2477 156
2451 2461 84
2465 2513 82
2469 2484 186
2483 2497 254
2507 2537 68
2513 2524 77
2541 2544 132
2548 2564 31
2560 2590 128
2567 2601 102
2582 2619 15
2602 2646 183
2626 2643 182
2646 2666 132
2654 2664 76
2655 2704 253
2674 2689 156
2676 2690 165
2689 2730 262
2711 2744 53
2734 2746 130
2760 2761 76
2764 2794 26
2788 2797 83
2814 2834 186
2814 2834 154
2832 2833 186
2833 2864 253
2850 2855 92
2861 2902 158
2888 2920 50
2898 2909 177
2924 2966 293
2947 2948 29
2956 2968 27
2969 3019 195
2999 3031 65
3017 3054 229
3028 3057 84
3040 3056 159
3040 3087 25
3042 3092 169
3059 3107 255
3079 3109 105
3101 3130 269
3104 3137 202
3131 3156 24
3158 3195 212
3165 3202 162
3166 3189 49
3191 3204 161
3211 3220 196
3240 3278 215
3246 3274 87
3261 3281 134
3265 3281 152
3283 3296 254
3301 3337 244
3323 3352 33
3350 3399 30
3354 3388 86
3365 3415 43
3373 3414 153
3383 3395 193
3409 3410 167
3424 3467 8
3448 3457 2
3477 3505 83
3480 3500 284
3496 3519 94
3512 3554 33
3524 3551 80
3526 3573 245
3555 3603 233
3557 3599 80
3559 3585 47
3575 3618 168
3579 3623 7
3586 3591 143
3590 3594 285
3602 3607 217
3614 3644 286
3635 3672 72
3644 3687 147
3661 3692 286
3674 3691 246
3692 3714 200
3708 3714 205
3721 3760 148
3732 3744 286
3755 3782 116
3756 3790 121
3780 3785 191
3810 3849 149
3810 3812 158
3829 3838 116
3832 3877 64
3844 3847 17
3871 3902 95
3888 3926 290
3894 3923 41
3919 3963 228
3926 3932 16
3956 3993 123
3960 4005 186
3967 3982 148
3967 3968 35
3973 4011 166
3974 4017 107
3998 4041 79
4014 4024 101
4031 4067 296
4050 4087 16
4052 4056 180
4073 4084 270
4088 4092 198
4106 4132 80
4127 4145 46
4139 4164 159
4140 4169 183
4152 4200 278
4154 4164 219
4158 4170 297
4160 4171 41
4176 4216 296
4187 4206 203
4194 4216 299
4222 4248 29
4246 4294 277
4267 4313 3
4276 4284 227
4285 4294 295
4292 4314 112
4302 4337 40
4322 4343 105
4332 4336 163
4359 4382 82
4360 4410 282
4380 4388 171
4403 4438 208
4431 4476 28
4453 4458 227
4461 4501 163
4476 4526 223
4480 4499 39
4502 4520 216
4531 4542 39
4536 4561 104
4552 4556 222
4577 4582 205
4593 4632 108
4616 4658 123
4625 4649 158
4640 4682 62
4656 4705 92
4680 4716 92
4687 4729 214
4712 4724 52
4714 4740 235
4737 4777 211
4764 4774 146
4773 4798 84
4778 4809 270
4784 4805 240
4800 4827 135
4826 4849 262
4826 4876 282
4846 4861 12
4856 4891 279
4874 4908 105
4884 4927 21
4908 4947 4
4922 4945 225
4950 4955 105
4980 5029 143
5010 5037 105
5030 5034 217
5041 5062 207
5056 5097 242
5067 5091 120
5079 5080 155
5090 5133 83
5114 5158 48
5141 5153 119
5162 5178 203
5173 5178 145
5191 5236 69
5202 5223 184
5205 5208 295
5230 5253 145
5235 5280 116
5243 5272 14
5263 5302 267
5266 5287 154
5292 5293 145
5320 5321 291
5333 5335 211
5358 5404 206
5365 5408 88
5379 5415 51
5394 5413 144
5396 5410 252
5412 5434 50
5412 5428 252
5423 5435 225
5449 5488 116
5451 5461 53
5452 5471 237
5473 5522 56
5473 5523 1
5503 5534 17
5523 5543 299
5543 5568 55
5562 5564 170
5567 5595 289
5579 5620 225
5607 5647 209
5630 5666 101
5648 5666 236
5670 5680 48
5699 5708 137
5701 5746 148
5719 5766 154
5741 5756 143
5747 5770 104
5770 5801 69
5788 5831 276
5792 5837 236
5820 5857 166
5825 5843 184
5850 5896 153
5877 5909 184
5894 5899 247
