400
15 55 240
15 19 148
40 77 62
41 56 74
53 69 146
74 122 242
91 126 137
107 129 110
113 118 173
125 136 232
146 194 86
149 151 295
157 193 231
174 221 145
193 213 256
193 241 253
203 217 96
218 236 28
236 251 69
251 298 66
274 298 90
298 324 34
319 354 248
341 354 80
344 350 143
352 401 129
371 389 4
391 440 157
404 445 228
422 440 4
451 457 50
461 502 212
473 490 37
489 527 147
517 558 100
532 551 41
554 576 108
580 611 67
591 620 127
607 622 37
629 646 216
657 672 51
687 725 213
713 722 135
739 781 36
744 778 297
770 787 288
774 818 80
775 795 77
794 816 6
817 844 185
825 851 32
839 884 116
861 882 90
881 917 169
897 916 199
920 921 134
933 971 122
961 970 257
982 990 47
1005 1035 122
1011 1032 197
1015 1047 79
1034 1051 67
1060 1110 45
1064 1067 164
1079 1117 237
1079 1117 284
1086 1100 98
1116 1140 289
1137 1159 295
1150 1184 297
1176 1211 199
1196 1205 54
1223 1243 250
1229 1247 273
1230 1255 152
1230 1257 139
1240 1257 177
1243 1251 144
1273 1301 258
1286 1306 275
1286 1318 65
1311 1351 172
1334 1359 55
1362 1397 224
1384 1398 67
1407 1446 270
1426 1430 198
1430 1474 184
1446 1457 177
1451 1460 217
1454 1465 237
1480 1515 235
1490 1505 128
1494 1499 141
1494 1496 73
1509 1547 134
1516 1522 134
1529 1571 184
1529 1561 116
1545 1559 234
1554 1594 92
1574 1577 153
1589 1637 4
1609 1634 176
1609 1657 161
1611 1638 180
1629 1635 155
1644 1688 146
1648 1683 30
1648 1674 171
1673 1692 216
1703 1734 101
1712 1713 45
1727 1775 286
1744 1766 109
1745 1786 102
1769 1812 213
1787 1819 297
1811 1826 85
1820 1824 45
1843 1858 290
1862 1892 3
1871 1877 209
1896 1922 256
1913 1927 55
1917 1930 38
1933 1972 138
1951 1955 220
1977 1988 31
1983 2019 221
2013 2038 103
2024 2068 171
2040 2075 92
2044 2089 124
2058 2103 33
2072 2113 31
2077 2118 265
2101 2134 281
2124 2153 130
2136 2143 6
2149 2171 160
2159 2182 151
2159 2207 239
2187 2223 238
2187 2206 11
2202 2218 176
2210 2240 142
2234 2273 290
2263 2267 224
2280 2282 48
2283 2320 197
2294 2340 285
2308 2349 203
2338 2377 5
2347 2356 259
2363 2366 46
2383 2392 201
2390 2428 164
2398 2438 165
2398 2420 140
2409 2419 4
2435 2447 217
2465 2507 142
2478 2493 131
2500 2519 75
2524 2543 118
2553 2572 34
2571 2618 252
2572 2610 76
2581 2613 60
2596 2598 118
2609 2649 3
2629 2648 125
2646 2664 217
2652 2659 131
2675 2678 193
2692 2703 116
2705 2714 117
2705 2730 64
2708 2752 147
2708 2731 267
2737 2740 21
2755 2779 72
2784 2807 249
2796 2844 78
2801 2806 151
2801 2812 54
2815 2863 8
2825 2857 209
2843 2861 136
2844 2845 156
2849 2890 226
2866 2873 186
2882 2899 218
2891 2900 164
2920 2922 210
2934 2951 277
2937 2975 173
2937 2973 27
2952 2970 222
2980 2994 122
2997 3022 9
3022 3061 227
3029 3057 61
3052 3089 279
3082 3117 24
3096 3144 3
3098 3144 103
3119 3130 212
3146 3157 284
3169 3208 278
3175 3197 55
3181 3202 170
3197 3239 293
3226 3231 227
3229 3269 76
3259 3284 157
3272 3296 123
3290 3328 246
3317 3361 18
3341 3342 184
3368 3371 97
3372 3382 175
3389 3390 162
3392 3420 124
3400 3440 35
3420 3462 20
3431 3466 254
3438 3482 20
3438 3473 156
3465 3489 35
3489 3498 220
3500 3521 185
3523 3550 68
3526 3548 252
3549 3588 121
3560 3562 27
3569 3575 163
3585 3591 141
3603 3617 172
3614 3619 281
3634 3657 181
3662 3679 129
3664 3710 7
3690 3697 156
3714 3745 232
3725 3762 291
3732 3751 243
3738 3754 112
3757 3775 74
3772 3783 106
3800 3839 91
3818 3836 256
3826 3828 184
3841 3882 174
3848 3864 109
3855 3871 294
3857 3875 1
3876 3915 128
3887 3925 14
3896 3925 134
3922 3969 276
3931 3960 168
3932 3964 251
3939 3965 9
3957 3973 16
3987 4001 168
4007 4050 201
4025 4059 154
4034 4073 92
4061 4101 247
4085 4119 17
4092 4094 255
4098 4118 198
4122 4152 204
4148 4170 124
4157 4196 40
4168 4176 197
4196 4218 152
4214 4255 68
4239 4270 109
4261 4287 232
4267 4307 34
4270 4291 34
4277 4323 161
4280 4318 239
4305 4312 106
4334 4364 110
4345 4385 105
4345 4384 127
4351 4371 185
4361 4373 196
4377 4393 37
4398 4427 197
4410 4447 79
4426 4439 258
4427 4430 34
4446 4450 222
4468 4510 20
4476 4521 122
4486 4529 286
4509 4538 37
4532 4544 278
4537 4585 41
4559 4573 239
4587 4620 137
4610 4647 153
4617 4633 36
4621 4662 126
4637 4657 87
4654 4677 6
4657 4664 138
4664 4705 231
4692 4711 164
4720 4735 53
4749 4756 235
4777 4799 230
4779 4814 32
4799 4835 112
4800 4819 52
4818 4840 136
4823 4873 121
4827 4873 23
4827 4836 176
4848 4882 8
4862 4894 12
4878 4922 153
4892 4893 204
4907 4923 226
4929 4950 135
4951 5001 265
4964 5005 119
4981 5020 159
4997 5007 113
5009 5054 205
5028 5076 64
5055 5101 33
5076 5101 41
5089 5105 18
5100 5144 64
5127 5152 260
5127 5144 129
5142 5167 18
5161 5188 27
5174 5201 121
5189 5225 111
5195 5204 55
5223 5232 186
5241 5244 226
5259 5262 247
5288 5323 218
5314 5343 204
5331 5346 116
5359 5388 259
5375 5409 91
5386 5404 43
5405 5436 262
5432 5457 5
5461 5495 177
5462 5507 87
5491 5517 264
5512 5557 262
5530 5531 59
5555 5567 226
5571 5575 22
5597 5628 298
5597 5630 166
5600 5618 54
5627 5630 284
5654 5656 57
5666 5672 236
5678 5716 52
5700 5726 129
5716 5752 233
5727 5754 5
5756 5784 143
5780 5804 182
5806 5815 31
5829 5838 22
5840 5866 79
5844 5884 236
5872 5887 277
5900 5922 250
5926 5954 218
5940 5973 145
5963 5998 52
5975 5988 96
5994 6033 183
6023 6045 125
6031 6040 287
6031 6037 139
6043 6056 111
6063 6082 200
6087 6119 186
6115 6124 3
6125 6134 169
6133 6136 35
6148 6194 237
