400
0 49 89
2 18 112
8 41 4
31 32 125
45 80 59
75 79 70
75 81 225
76 79 160
85 124 212
88 134 98
103 107 67
122 140 269
131 139 237
160 186 228
172 211 185
199 241 243
215 221 156
223 256 14
225 258 261
244 257 156
265 275 83
293 330 161
316 342 278
328 357 87
356 391 103
377 384 84
378 388 96
395 435 28
397 427 99
415 424 145
427 446 31
447 492 70
450 494 23
450 491 153
478 485 180
506 546 295
521 553 300
523 529 49
552 589 251
579 628 48
601 613 151
619 648 36
630 640 269
634 642 1
650 661 164
654 667 219
672 685 123
699 742 171
719 738 256
720 740 73
729 777 25
729 730 270
744 758 57
774 776 45
790 808 298
794 795 299
813 847 200
838 846 299
859 892 255
879 904 85
884 926 236
889 891 135
913 963 93
924 950 78
938 969 126
944 956 89
958 1007 219
973 990 211
996 1002 186
1016 1063 294
1045 1061 148
1056 1100 225
1077 1096 206
1082 1124 272
1083 1117 88
1110 1136 213
1114 1118 203
1124 1136 91
1129 1173 216
1145 1187 258
1168 1216 202
1192 1211 269
1207 1217 228
1213 1225 125
1228 1270 257
1246 1269 243
1263 1299 91
1275 1289 285
1294 1295 257
1322 1347 263
1334 1363 135
1347 1391 221
1356 1393 208
1367 1409 262
1368 1409 268
1369 1373 58
1390 1402 205
1398 1428 168
1398 1414 188
1401 1429 46
1425 1468 24
1441 1461 126
1454 1475 13
1483 1516 77
1499 1501 157
1515 1564 20
1518 1558 194
1547 1554 228
1563 1577 58
1591 1626 61
1602 1619 270
1611 1630 57
1620 1633 108
1642 1683 35
1668 1697 224
1686 1705 150
1713 1746 167
1719 1766 203
1746 1778 99
1750 1796 131
1766 1812 224
1773 1816 259
1791 1832 50
1797 1824 139
1817 1836 73
1841 1883 3
1860 1874 21
1885 1934 178
1888 1918 279
1912 1957 69
1938 1960 55
1964 2009 75
1966 1981 247
1972 1998 116
1974 2011 96
1991 1996 139
2013 2056 163
2038 2075 22
2058 2066 91
2078 2114 185
2092 2134 144
2102 2112 135
2128 2129 120
2152 2184 224
2182 2232 141
2196 2206 200
2198 2207 277
2213 2257 138
2225 2244 116
2250 2282 247
2274 2306 7
2293 2336 257
2301 2307 86
2306 2319 102
2323 2368 28
2334 2363 297
2356 2401 110
2375 2416 3
2384 2428 3
2390 2406 187
2395 2414 273
2400 2414 203
2426 2433 249
2448 2465 227
2455 2478 128
2459 2493 288
2475 2486 208
2493 2543 282
2494 2499 117
2502 2544 226
2531 2548 147
2554 2589 269
2578 2616 279
2589 2600 47
2610 2660 168
2640 2642 173
2662 2688 147
2662 2693 161
2676 2713 24
2699 2721 249
2725 2766 166
2734 2760 57
2752 2764 17
2773 2777 216
2797 2813 104
2799 2845 277
2809 2825 223
2836 2879 300
2842 2854 188
2842 2888 230
2854 2900 97
2860 2867 104
2860 2895 224
2871 2907 281
2885 2933 195
2915 2952 195
2927 2935 100
2942 2970 121
2952 2975 32
2981 2992 249
2983 3000 32
3010 3035 49
3014 3042 139
3040 3074 109
3049 3050 249
3079 3124 292
3084 3115 287
3102 3150 184
3123 3169 283
3129 3160 229
3157 3181 158
3163 3202 28
3193 3194 117
3203 3229 182
3219 3232 14
3223 3250 261
3241 3264 292
3269 3288 37
3285 3298 54
3290 3293 17
3301 3315 264
3308 3327 204
3321 3328 278
3331 3342 184
3352 3376 29
3372 3391 199
3398 3400 197
3420 3439 211
3420 3449 144
3434 3464 113
3445 3459 197
3445 3461 211
3446 3490 167
3462 3487 223
3471 3518 263
3475 3494 284
3499 3519 100
3509 3548 211
3532 3535 25
3546 3557 236
3550 3585 149
3557 3562 70
3567 3588 158
3594 3608 255
3615 3638 3
3633 3650 143
3660 3676 80
3670 3672 151
3685 3729 227
3695 3723 92
3719 3768 120
3739 3752 267
3752 3771 51
3760 3798 272
3785 3792 47
3815 3824 282
3840 3872 175
3859 3903 104
3863 3910 114
3884 3921 21
3908 3919 121
3933 3982 295
3948 3951 220
3964 3978 135
3977 4012 150
3994 3999 209
3999 4048 151
4020 4055 177
4043 4047 94
4043 4067 19
4051 4072 76
4055 4085 121
4069 4077 147
4073 4074 251
4089 4112 91
4092 4095 167
4101 4114 25
4117 4150 273
4137 4174 288
4138 4166 292
4163 4210 269
4191 4208 173
4206 4252 222
4224 4265 269
4233 4271 106
4251 4300 243
4257 4301 70
4270 4277 48
4277 4306 151
4294 4342 34
4307 4326 59
4328 4354 92
4328 4338 8
4333 4382 180
4336 4373 180
4357 4367 222
4384 4411 62
4406 4417 282
4418 4447 134
4446 4485 28
4448 4454 105
4475 4506 152
4497 4500 68
4517 4563 18
4541 4580 20
4554 4577 139
4568 4595 253
4592 4629 228
4601 4641 98
4609 4627 181
4620 4657 18
4645 4679 190
4660 4701 100
4670 4677 73
4690 4696 69
4719 4735 97
4747 4755 181
4770 4811 49
4799 4827 205
4814 4856 271
4820 4846 101
4841 4869 190
4849 4891 157
4849 4890 187
4867 4912 208
4877 4926 138
4880 4901 149
4891 4905 212
4893 4894 105
4902 4952 4
4905 4931 7
4926 4931 233
4938 4953 280
4945 4975 82
4948 4967 29
4973 5012 59
4984 4987 86
5011 5015 171
5027 5076 176
5032 5076 206
5042 5056 296
5060 5075 43
5073 5105 17
5074 5092 186
5079 5112 11
5105 5139 204
5131 5133 286
5134 5174 101
5157 5178 184
5165 5198 210
5170 5220 232
5197 5207 179
5204 5224 91
5233 5259 50
5260 5293 193
5274 5303 150
5276 5321 255
5296 5310 179
5309 5353 70
5316 5353 96
5343 5373 104
5362 5410 142
5384 5425 208
5405 5446 198
5421 5457 267
5442 5467 46
5463 5493 58
5478 5505 78
5482 5510 129
5484 5487 243
5507 5536 155
5518 5554 126
5522 5566 77
5539 5568 12
5549 5597 84
5579 5587 146
5588 5602 117
5617 5650 81
5624 5654 186
5654 5701 57
5661 5678 148
5675 5696 296
5697 5701 124
5713 5714 248
5718 5727 14
5739 5749 2
5747 5788 30
5748 5760 89
5755 5766 87
5757 5762 231
5786 5796 52
5792 5810 171
5817 5865 113
5836 5855 111
5863 5912 149
5893 5898 110
5894 5944 241
5910 5933 288
5928 5932 279
5956 5959 127
