400
22 30 149
47 72 137
64 110 170
72 77 293
97 117 57
104 124 160
134 165 190
151 197 156
165 215 81
190 221 145
206 231 236
210 218 286
227 260 109
242 287 255
264 301 72
268 270 98
291 314 21
305 331 286
329 335 62
333 337 146
354 368 174
384 407 212
412 460 20
440 482 219
454 465 171
480 519 223
487 493 201
491 495 118
520 542 173
524 560 57
550 565 297
560 605 159
570 591 277
578 582 280
605 655 216
610 636 95
627 658 3
648 681 153
665 694 152
679 707 34
690 693 154
710 746 223
720 760 5
729 749 262
758 776 199
772 804 2
795 810 148
808 821 3
809 810 257
826 856 228
833 860 190
843 882 66
870 887 299
897 947 95
926 938 151
951 963 51
977 993 150
977 984 167
997 1044 159
1001 1038 234
1004 1038 226
1026 1071 4
1046 1061 225
1070 1075 288
1079 1088 183
1096 1135 193
1119 1123 85
1149 1159 224
1173 1188 63
1197 1202 116
1227 1255 190
1232 1253 131
1257 1282 35
1276 1290 150
1299 1320 154
1329 1343 26
1334 1338 34
1363 1397 250
1388 1400 72
1405 1414 179
1414 1463 160
1439 1489 68
1467 1472 46
1475 1513 135
1505 1523 183
1516 1518 208
1519 1537 85
1541 1542 60
1564 1598 235
1564 1581 266
1570 1609 156
1587 1608 122
1612 1616 288
1634 1669 292
1650 1687 28
1654 1677 235
1682 1732 123
1707 1742 64
1732 1772 47
1754 1771 127
1781 1829 149
1782 1831 165
1790 1833 263
1794 1827 170
1794 1835 114
1814 1856 190
1842 1889 49
1867 1894 175
1874 1923 292
1878 1921 89
1883 1930 19
1910 1937 6
1935 1959 74
1937 1986 198
1950 1984 144
1972 1982 65
1998 1999 55
2026 2048 86
2042 2072 67
2059 2072 216
2085 2115 131
2099 2149 285
2112 2150 266
2137 2167 78
2157 2173 61
2174 2201 172
2198 2225 131
2205 2252 231
2231 2270 258
2253 2279 172
2275 2277 26
2277 2303 168
2295 2338 278
2301 2334 197
2317 2331 38
2327 2366 286
2330 2368 125
2348 2390 190
2355 2378 283
2378 2422 26
2391 2415 289
2413 2460 263
2430 2445 138
2444 2482 194
2447 2450 256
2455 2498 278
2480 2483 125
2489 2515 207
2518 2561 255
2529 2558 145
2553 2556 75
2553 2590 246
2579 2597 66
2589 2621 49
2592 2630 227
2622 2659 141
2622 2646 206
2645 2680 83
2671 2719 101
2695 2709 206
2713 2741 19
2739 2779 3
2767 2808 62
2782 2815 61
2808 2820 62
2812 2857 185
2842 2854 148
2853 2881 53
2882 2901 126
2895 2935 175
2917 2964 179
2924 2929 60
2935 2973 300
2950 2977 62
2951 2987 65
2962 2993 91
2963 2969 35
2988 3015 63
3011 3030 156
3037 3048 276
3066 3107 17
3093 3118 137
3103 3131 260
3127 3166 264
3136 3145 12
3137 3172 24
3141 3148 160
3157 3173 184
3165 3172 167
3182 3195 45
3187 3208 96
3217 3249 300
3244 3271 134
3260 3277 18
3265 3268 243
3282 3295 109
3292 3308 106
3311 3326 37
3330 3351 123
3336 3347 164
3364 3383 109
3385 3409 265
3389 3417 2
3400 3404 265
3414 3436 263
3416 3432 216
3416 3433 139
3421 3454 111
3427 3467 258
3428 3460 50
3455 3464 222
3480 3522 139
3509 3517 203
3510 3559 235
3533 3553 93
3543 3584 139
3562 3602 166
3570 3589 197
3570 3594 82
3588 3624 155
3606 3615 299
3607 3620 12
3614 3632 193
3631 3645 109
3635 3647 250
3664 3701 143
3671 3699 238
3693 3716 132
3720 3725 140
3732 3780 196
3732 3735 124
3741 3752 167
3758 3788 223
3775 3807 288
3796 3845 37
3799 3819 272
3821 3869 236
3849 3875 152
3874 3897 228
3885 3929 279
3913 3917 268
3922 3926 57
3948 3973 170
3978 4017 165
3993 4016 1
4021 4043 51
4021 4025 225
4051 4090 273
4055 4080 218
4057 4094 143
4063 4069 33
4070 4111 83
4082 4107 295
4107 4111 230
4118 4132 76
4132 4136 281
4153 4161 127
4177 4208 202
4178 4217 101
4192 4214 146
4212 4236 203
4215 4225 182
4232 4257 245
4235 4274 267
4240 4289 12
4264 4310 126
4290 4328 41
4306 4349 208
4325 4332 7
4344 4359 63
4350 4367 37
4366 4402 126
4376 4416 186
4379 4425 105
4397 4419 123
4417 4427 65
4419 4460 246
4427 4432 252
4435 4437 275
4436 4440 9
4453 4488 274
4472 4480 25
4489 4504 174
4495 4516 14
4497 4500 33
4523 4569 265
4540 4582 86
4544 4584 135
4552 4592 135
4560 4605 113
4566 4587 42
4587 4611 77
4588 4635 49
4599 4601 145
4618 4640 280
4640 4658 175
4651 4691 214
4652 4693 274
4680 4710 2
4683 4690 218
4704 4747 177
4716 4742 274
4728 4737 91
4739 4753 50
4747 4797 17
4752 4800 83
4779 4795 147
4789 4833 47
4816 4849 99
4825 4861 276
4829 4838 83
4859 4879 237
4876 4910 104
4881 4883 9
4881 4901 171
4910 4939 208
4937 4939 55
4949 4971 23
4949 4988 242
4953 4972 57
4972 4980 170
4992 5041 83
5017 5029 240
5019 5021 77
5046 5051 116
5073 5110 136
5077 5099 14
5077 5115 236
5104 5153 159
5117 5158 234
5133 5173 8
5134 5174 74
5155 5204 78
5159 5199 184
5181 5185 262
5193 5220 194
5214 5259 70
5224 5255 275
5224 5253 190
5252 5262 25
5282 5306 226
5294 5328 91
5317 5356 32
5346 5362 188
5376 5411 181
5389 5394 135
5413 5456 17
5443 5456 183
5472 5505 55
5488 5491 251
5495 5532 221
5511 5540 162
5512 5546 295
5512 5525 114
5542 5546 245
5565 5599 38
5590 5595 217
5612 5630 229
5640 5657 14
5657 5706 229
5684 5711 74
5700 5723 219
5721 5737 218
5726 5771 6
5754 5757 293
5758 5799 8
5774 5779 294
5792 5814 269
5820 5850 146
5832 5870 213
5840 5857 7
5849 5878 125
5860 5901 175
5861 5875 63
5871 5904 167
5879 5908 93
5891 5931 231
5914 5923 69
5943 5954 177
5965 5978 19
5971 5989 137
5972 6001 223
5991 6006 134
6003 6028 101
6003 6012 81
6016 6061 169
6041 6082 94
6052 6060 159
6072 6081 293
6098 6104 42
6119 6164 278
6141 6143 156
6144 6164 88
6150 6151 183
6171 6211 73
6178 6195 154
6201 6239 132
6222 6271 283
6226 6228 240
6244 6276 154
