400
9 30 234
15 50 297
25 35 77
47 78 56
48 72 108
53 94 284
75 76 277
84 100 191
107 142 140
121 131 228
126 148 261
138 158 209
151 177 228
163 207 179
173 180 148
187 206 175
198 236 216
223 250 155
246 293 114
246 289 107
260 302 152
283 296 219
296 308 13
301 325 95
331 354 238
344 372 118
347 357 189
370 374 129
381 413 113
403 425 19
414 424 112
441 466 239
459 481 48
461 482 133
468 495 266
480 488 184
505 548 171
519 526 136
547 554 190
551 567 273
558 580 149
581 614 5
609 653 139
612 659 46
621 661 75
650 678 209
658 706 11
682 706 197
696 738 75
722 743 108
729 774 276
755 787 296
782 794 175
809 823 176
833 836 224
857 867 250
878 909 207
878 911 197
908 924 106
927 964 287
948 987 240
957 998 42
982 1018 34
990 1000 296
1007 1011 108
1013 1060 81
1032 1071 94
1049 1077 171
1076 1086 177
1093 1127 102
1113 1153 183
1117 1121 276
1145 1154 242
1150 1159 13
1165 1177 111
1176 1196 94
1194 1238 114
1200 1215 155
1211 1259 47
1227 1260 130
1256 1281 68
1264 1289 59
1270 1287 287
1300 1305 23
1303 1330 24
1322 1339 151
1338 1340 83
1364 1399 230
1393 1412 65
1419 1438 104
1436 1445 207
1438 1452 252
1443 1463 280
1455 1481 60
1470 1508 221
1484 1516 240
1487 1501 246
1496 1546 139
1511 1537 147
1526 1544 74
1530 1541 296
1539 1573 63
1554 1579 282
1584 1607 224
1592 1612 172
1619 1634 84
1639 1683 147
1653 1689 111
1674 1701 108
1699 1723 270
1715 1730 242
1734 1757 251
1750 1756 214
1752 1768 261
1779 1820 69
1779 1818 16
1791 1799 131
1821 1846 215
1844 1889 163
1847 1895 217
1848 1852 289
1857 1867 121
1873 1893 43
1889 1935 54
1900 1941 71
1916 1933 28
1922 1927 138
1932 1949 221
1945 1968 256
1964 2006 219
1975 2002 48
1986 2012 85
1994 2029 179
2021 2042 16
2026 2064 219
2030 2072 51
2035 2062 90
2059 2089 266
2063 2111 152
2089 2123 115
2109 2144 100
2115 2132 265
2119 2153 243
2133 2171 252
2155 2174 76
2166 2181 194
2176 2221 69
2198 2217 187
2226 2250 180
2235 2255 129
2240 2276 52
2269 2301 8
2286 2313 252
2290 2316 97
2313 2336 164
2333 2360 273
2334 2384 132
2353 2359 193
2367 2391 154
2397 2440 81
2398 2422 280
2412 2417 208
2432 2464 46
2452 2453 42
2452 2500 52
2457 2492 90
2485 2494 23
2504 2510 161
2527 2557 163
2550 2595 198
2567 2611 160
2589 2637 235
2616 2665 79
2646 2691 159
2658 2693 83
2675 2681 15
2697 2720 136
2704 2710 240
2719 2733 276
2720 2752 45
2738 2773 33
2768 2807 103
2787 2798 284
2789 2809 266
2793 2838 275
2821 2866 215
2841 2858 284
2849 2856 98
2878 2900 244
2883 2915 285
2909 2944 64
2929 2937 183
2938 2942 49
2954 2995 262
2954 2973 226
2963 2991 295
2966 2969 266
2986 2994 244
3002 3011 4
3007 3032 74
3027 3051 173
3046 3096 131
3059 3063 91
3081 3112 37
3100 3121 87
3100 3101 202
3124 3157 148
3132 3135 186
3143 3151 41
3165 3176 8
3178 3212 202
3202 3219 269
3207 3212 229
3224 3265 51
3254 3255 181
3259 3272 98
3276 3302 87
3278 3288 217
3307 3347 104
3318 3355 78
3331 3343 265
3348 3390 36
3353 3401 20
3364 3400 167
3385 3410 76
3415 3438 129
3435 3467 65
3447 3462 187
3451 3489 232
3453 3459 293
3471 3519 109
3496 3510 272
3503 3542 116
3533 3559 73
3558 3581 114
3585 3611 117
3605 3653 146
3630 3679 219
3644 3686 117
3665 3668 128
3667 3704 95
3672 3678 146
3681 3726 196
3711 3734 261
3711 3722 88
3736 3768 277
3740 3779 70
3767 3797 213
3779 3820 189
3797 3838 216
3803 3841 135
3805 3849 134
3805 3854 70
3808 3819 22
3835 3879 28
3858 3882 9
3873 3887 152
3889 3931 240
3911 3954 143
3922 3954 51
3942 3957 11
3950 3966 226
3980 4013 184
4010 4055 187
4015 4038 171
4039 4067 119
4068 4086 274
4097 4110 35
4114 4125 85
4130 4173 163
4150 4183 18
4179 4212 130
4207 4214 78
4218 4231 150
4222 4223 151
4241 4255 16
4250 4281 58
4273 4291 68
4284 4312 44
4306 4319 105
4318 4352 270
4323 4362 106
4344 4376 93
4372 4385 113
4385 4401 243
4411 4417 205
4422 4431 129
4445 4487 147
4462 4475 291
4490 4526 166
4491 4513 196
4516 4519 46
4525 4527 262
4535 4561 209
4562 4587 255
4567 4609 14
4570 4582 142
4593 4613 240
4597 4602 248
4618 4625 159
4625 4673 45
4626 4656 149
4648 4662 194
4661 4665 273
4686 4700 144
4693 4728 262
4714 4740 47
4743 4761 249
4767 4775 113
4789 4809 130
4805 4827 176
4808 4814 139
4817 4823 19
4840 4874 144
4865 4914 243
4877 4901 159
4903 4946 18
4930 4941 39
4947 4997 174
4961 5006 3
4986 5006 157
5016 5042 153
5035 5082 53
5048 5055 172
5064 5095 25
5083 5093 252
5087 5134 135
5103 5116 145
5105 5142 152
5123 5132 245
5128 5137 140
5149 5167 43
5166 5207 240
5190 5215 40
5194 5240 176
5204 5239 143
5230 5248 243
5239 5251 148
5261 5290 292
5291 5324 146
5318 5361 199
5325 5355 209
5348 5386 275
5356 5378 221
5373 5374 260
5400 5440 84
5424 5436 271
5449 5485 242
5470 5496 297
5480 5527 126
5488 5506 259
5498 5516 237
5510 5554 107
5527 5577 200
5548 5557 139
5554 5594 208
5566 5573 110
5578 5596 233
5585 5627 209
5585 5586 277
5594 5606 80
5604 5623 182
5627 5676 28
5651 5676 80
5653 5672 43
5660 5679 182
5679 5681 11
5706 5712 185
5733 5783 116
5742 5755 129
5749 5763 65
5758 5762 216
5780 5802 162
5795 5808 269
5798 5799 194
5827 5830 40
5849 5854 157
5868 5915 166
5878 5904 136
5901 5917 181
5921 5962 76
5928 5943 298
5939 5956 126
5943 5982 165
5953 5992 62
5970 5989 49
5994 6005 181
6004 6050 281
6004 6005 78
6024 6030 282
6039 6061 166
6068 6107 295
6077 6079 101
6091 6121 135
6101 6117 43
6115 6135 224
6129 6141 201
6148 6197 83
6153 6156 283
6178 6228 136
