400
18 25 28
33 38 59
34 81 243
34 61 289
57 80 153
61 71 31
70 72 58
90 121 207
103 131 51
109 142 18
111 135 275
128 130 146
135 163 251
141 162 80
170 198 112
183 207 170
192 227 202
203 225 161
221 250 265
247 278 245
251 277 61
253 265 234
264 293 223
277 283 138
278 326 241
289 325 274
316 331 66
329 374 256
343 363 74
362 368 174
374 419 211
394 418 11
414 457 259
442 461 233
445 460 256
451 500 36
467 487 146
488 536 147
516 525 183
533 579 111
536 558 106
541 549 140
565 609 107
572 613 298
577 601 154
590 621 232
610 647 236
632 660 194
634 651 203
654 682 270
668 679 105
691 697 184
700 734 154
704 731 203
704 718 123
729 730 287
743 760 15
764 803 76
772 798 224
781 806 192
802 831 74
832 846 57
859 879 106
885 914 123
909 935 277
938 948 133
953 958 56
973 1009 228
990 1002 252
1005 1043 183
1030 1061 21
1044 1072 223
1070 1071 33
1076 1115 203
1079 1110 224
1103 1136 87
1111 1157 263
1134 1147 234
1153 1181 278
1171 1177 235
1173 1218 38
1191 1237 30
1199 1246 216
1206 1216 145
1213 1259 156
1239 1245 63
1269 1299 202
1281 1311 129
1302 1342 64
1332 1349 139
1351 1355 6
1370 1398 269
1388 1417 294
1411 1439 12
1434 1448 36
1460 1490 241
1475 1480 7
1499 1545 2
1522 1541 249
1528 1550 300
1530 1572 256
1553 1569 253
1553 1601 124
1574 1611 125
1576 1590 171
1601 1650 153
1624 1667 223
1627 1677 199
1644 1686 247
1662 1702 195
1677 1715 266
1702 1707 75
1706 1745 21
1716 1718 94
1730 1778 231
1750 1780 85
1767 1778 69
1770 1806 285
1785 1818 79
1791 1839 203
1804 1830 192
1821 1829 207
1824 1856 126
1830 1871 175
1831 1869 244
1851 1891 248
1853 1885 221
1877 1925 80
1885 1901 220
1891 1919 44
1912 1922 268
1928 1976 195
1937 1984 164
1947 1986 212
1963 1996 267
1964 1975 251
1990 1999 207
1996 1997 10
2009 2020 39
2038 2056 174
2047 2072 42
2071 2095 117
2073 2100 34
2089 2134 65
2112 2117 78
2139 2181 40
2167 2178 15
2182 2224 279
2208 2220 106
2224 2274 243
2248 2290 37
2262 2279 80
2269 2274 236
2275 2317 79
2304 2324 156
2313 2352 283
2326 2355 221
2330 2375 90
2359 2374 115
2369 2399 72
2398 2409 89
2425 2428 4
2439 2447 7
2466 2511 216
2496 2517 214
2496 2517 82
2506 2554 226
2516 2549 72
2537 2583 3
2560 2598 82
2561 2599 263
2571 2619 95
2571 2601 195
2590 2626 282
2613 2648 54
2636 2650 270
2647 2659 142
2647 2656 118
2660 2677 257
2674 2695 276
2702 2707 76
2717 2762 190
2736 2768 125
2743 2745 152
2751 2779 176
2754 2760 268
2771 2777 181
2790 2829 272
2813 2860 63
2818 2860 232
2828 2852 164
2844 2862 180
2871 2878 79
2881 2912 200
2898 2925 44
2904 2934 242
2920 2928 129
2942 2950 52
2966 3003 189
2980 2982 258
2999 3012 39
3021 3060 120
3051 3078 148
3058 3061 207
3065 3083 129
3091 3137 85
3096 3146 124
3119 3126 242
3128 3173 74
3138 3174 62
3163 3190 82
3169 3207 164
3199 3227 194
3210 3245 221
3213 3240 215
3241 3243 93
3265 3281 256
3279 3329 150
3286 3302 171
3305 3334 286
3333 3346 111
3333 3337 157
3342 3381 45
3364 3384 59
3374 3404 95
3402 3423 130
3431 3451 92
3442 3464 58
3464 3490 287
3485 3530 152
3485 3520 80
3503 3525 211
3520 3562 215
3532 3581 144
3543 3593 280
3565 3596 56
3590 3624 142
3595 3624 277
3625 3634 246
3640 3659 141
3643 3658 244
3662 3686 269
3680 3686 97
3697 3722 34
3716 3718 163
3730 3775 93
3731 3739 9
3758 3771 164
3766 3782 44
3766 3778 41
3767 3809 142
3779 3821 204
3797 3837 213
3826 3856 150
3839 3855 80
3867 3889 178
3893 3920 145
3895 3940 58
3915 3925 2
3930 3959 248
3950 3990 56
3953 3978 13
3972 4021 121
3972 3996 245
3991 4003 16
3998 4023 60
4014 4041 295
4024 4025 182
4041 4056 115
4048 4065 120
4049 4097 10
4072 4092 133
4098 4126 22
4110 4115 81
4129 4173 260
4133 4177 262
4136 4153 190
4149 4166 43
4152 4155 120
4180 4207 295
4208 4233 184
4224 4239 290
4239 4285 171
4239 4269 52
4253 4261 136
4262 4267 66
4289 4314 102
4318 4367 144
4335 4344 48
4363 4380 274
4380 4401 207
4385 4420 83
4398 4441 106
4420 4431 27
4422 4458 180
4438 4459 19
4452 4495 67
4469 4511 196
4497 4527 140
4501 4548 203
4511 4514 265
4532 4537 227
4545 4555 77
4574 4599 209
4593 4620 220
4603 4615 33
4614 4656 75
4641 4678 60
4653 4659 233
4672 4696 268
4695 4724 2
4700 4750 225
4706 4720 186
4709 4716 28
4730 4766 179
4751 4771 56
4766 4810 247
4792 4799 75
4804 4828 91
4815 4859 267
4827 4832 212
4849 4870 97
4862 4909 288
4871 4892 28
4876 4880 296
4892 4904 281
4908 4922 37
4912 4959 122
4939 4988 224
4968 5006 33
4995 5013 296
5025 5053 254
5030 5065 67
5039 5054 180
5047 5056 67
5073 5107 51
5076 5124 52
5091 5138 266
5117 5167 165
5118 5143 177
5123 5147 289
5126 5129 13
5136 5138 173
5156 5197 153
5162 5164 236
5168 5208 177
5169 5195 211
5176 5213 81
5194 5198 108
5214 5221 123
5227 5243 54
5257 5303 196
5267 5288 39
5287 5314 119
5316 5344 40
5316 5325 206
5332 5348 245
5335 5371 241
5344 5358 291
5365 5395 274
5393 5418 204
5405 5450 205
5434 5453 211
5447 5495 195
5459 5488 65
5460 5479 166
5481 5498 160
5490 5513 14
5516 5562 272
5542 5580 22
5543 5557 71
5547 5584 287
5555 5578 228
5566 5592 239
5582 5585 232
5600 5628 291
5613 5625 202
5639 5686 286
5652 5699 135
5670 5679 137
5683 5713 26
5707 5743 13
5727 5744 119
5739 5759 35
5767 5781 294
5791 5826 118
5805 5807 112
5805 5812 266
5816 5842 161
5818 5842 106
5836 5873 12
5862 5905 3
5874 5898 172
5890 5893 128
5914 5921 269
5931 5940 116
5939 5977 4
5964 5993 214
5991 6039 253
6001 6045 227
