400
21 70 231
27 36 36
50 91 270
54 56 244
73 78 135
92 96 17
118 131 22
134 147 153
146 168 199
155 179 94
166 204 283
182 232 96
212 237 265
236 256 240
243 259 194
265 276 158
288 331 177
305 310 30
314 325 295
334 344 153
336 355 6
359 402 54
380 390 38
386 396 185
394 398 205
412 421 76
438 469 104
438 471 254
439 457 123
461 484 165
470 504 44
478 490 264
502 543 217
523 565 20
525 570 71
534 543 179
555 578 278
556 560 41
580 629 90
595 617 11
622 624 123
622 649 104
627 646 108
636 655 138
646 654 226
670 705 207
699 731 263
716 726 164
745 774 115
756 794 19
784 815 129
813 833 157
829 831 292
844 885 146
855 882 194
885 918 160
905 932 143
913 951 276
937 951 156
952 955 216
982 995 96
1005 1032 221
1017 1067 9
1027 1041 85
1029 1036 262
1030 1057 40
1049 1074 33
1053 1065 71
1060 1086 89
1076 1094 137
1078 1111 18
1103 1145 193
1106 1156 187
1128 1159 75
1144 1162 148
1164 1188 178
1177 1188 195
1202 1211 254
1203 1209 164
1219 1242 146
1235 1261 159
1246 1295 295
1259 1271 60
1285 1328 297
1307 1321 187
1319 1363 246
1330 1373 95
1335 1358 28
1361 1364 254
1386 1409 99
1387 1427 11
1411 1450 197
1431 1437 222
1440 1442 181
1451 1462 138
1462 1468 246
1473 1518 14
1475 1500 28
1493 1508 180
1513 1544 268
1524 1548 71
1528 1556 3
1531 1541 75
1548 1594 57
1565 1598 274
1593 1608 186
1605 1638 10
1625 1652 114
1655 1689 248
1680 1719 138
1701 1737 149
1713 1756 127
1733 1759 279
1756 1790 84
1762 1774 18
1775 1786 12
1776 1811 248
1802 1820 262
1820 1824 87
1832 1855 185
1851 1862 130
1868 1869 297
1895 1922 1
1920 1965 162
1950 1959 294
1974 2020 262
2002 2030 89
2020 2070 152
2036 2059 106
2052 2075 211
2070 2077 212
2073 2119 35
2095 2097 187
2103 2148 66
2121 2143 53
2124 2162 286
2133 2164 269
2152 2164 121
2165 2186 289
2188 2220 255
2211 2230 197
2211 2235 49
2231 2279 273
2239 2261 220
2260 2299 175
2276 2317 275
2279 2308 31
2297 2331 107
2308 2339 54
2330 2350 21
2331 2381 252
2340 2342 79
2345 2369 202
2367 2391 37
2379 2381 33
2395 2421 50
2407 2436 31
2425 2427 176
2447 2475 174
2457 2494 3
2471 2478 219
2476 2521 79
2488 2525 220
2495 2531 148
2511 2546 132
2528 2545 38
2532 2580 1
2551 2581 48
2574 2583 219
2580 2607 261
2606 2637 285
2618 2623 104
2634 2683 185
2644 2678 57
2658 2677 17
2676 2710 134
2702 2721 199
2731 2772 128
2753 2794 14
2778 2816 291
2801 2835 57
2820 2823 297
2834 2843 266
2863 2892 168
2878 2914 167
2899 2946 209
2927 2961 231
2935 2945 86
2945 2946 263
2972 3008 128
2977 3023 116
2999 3034 194
3027 3059 83
3041 3045 236
3062 3105 39
3072 3099 52
3091 3103 80
3118 3133 19
3122 3132 142
3151 3184 154
3164 3181 130
3181 3206 5
3202 3204 217
3228 3244 263
3234 3261 18
3246 3275 155
3259 3297 215
3289 3338 121
3305 3346 107
3326 3373 60
3331 3345 190
3339 3341 39
3362 3370 194
3389 3417 46
3407 3410 100
3424 3473 207
3435 3472 158
3463 3506 91
3478 3528 99
3501 3525 14
3522 3531 127
3538 3573 247
3551 3556 118
3563 3578 168
3578 3585 99
3600 3637 257
3602 3624 125
3611 3621 273
3633 3667 94
3661 3698 43
3686 3704 281
3704 3726 45
3723 3741 48
3750 3761 288
3778 3820 214
3801 3833 143
3813 3836 217
3817 3852 130
3824 3857 181
3846 3874 110
3847 3892 136
3860 3886 270
3873 3913 155
3895 3945 269
3897 3918 184
3898 3935 177
3898 3924 96
3904 3937 82
3922 3939 257
3941 3968 143
3960 3961 273
3966 3969 253
3986 4000 60
4001 4006 32
4031 4063 147
4057 4102 152
4062 4088 26
4067 4113 58
4068 4114 121
4087 4105 149
4087 4130 253
4098 4131 43
4122 4128 232
4144 4147 7
4167 4215 243
4197 4230 230
4205 4215 150
4233 4273 187
4239 4281 292
4267 4282 130
4283 4325 145
4292 4326 70
4319 4353 25
4338 4353 131
4355 4397 265
4364 4398 187
4393 4403 258
4402 4414 45
4414 4436 99
4428 4431 241
4437 4443 214
4453 4467 264
4481 4500 195
4510 4552 32
4521 4541 249
4524 4557 227
4529 4574 266
4556 4583 11
4568 4588 81
4594 4629 96
4598 4626 210
4614 4630 91
4636 4679 188
4636 4640 130
4657 4670 239
4686 4705 63
4706 4741 192
4723 4753 139
4726 4730 40
4736 4757 267
4739 4785 55
4764 4770 110
4772 4777 174
4776 4779 248
4787 4832 9
4794 4830 118
4813 4818 226
4815 4830 101
4840 4878 84
4858 4864 273
4882 4895 289
4895 4926 188
4902 4923 248
4903 4916 281
4925 4944 119
4949 4989 85
4970 5010 134
4971 5017 186
4983 4986 157
4984 5033 256
5000 5011 162
5012 5029 39
5021 5032 92
5040 5056 209
5046 5061 101
5062 5076 45
5076 5098 195
5084 5085 31
5091 5119 133
5096 5123 22
5113 5140 284
5128 5169 7
5139 5155 44
5154 5180 234
5171 5181 239
5187 5206 66
5207 5218 86
5212 5249 136
5216 5239 272
5232 5237 16
5257 5306 103
5272 5293 91
5300 5313 130
5325 5327 183
5350 5374 254
5374 5419 43
5392 5393 160
5392 5409 123
5395 5414 138
5415 5416 108
5426 5456 25
5454 5477 221
5484 5494 82
5496 5505 12
5525 5566 72
5540 5575 238
5563 5608 258
5579 5624 96
5588 5613 123
5611 5633 71
5625 5666 207
5626 5671 21
5633 5683 287
5647 5675 121
5647 5682 35
5673 5685 122
5678 5719 289
5698 5725 240
5728 5772 278
5755 5796 68
5781 5808 170
5786 5824 247
5796 5797 297
5802 5810 116
5830 5867 209
5853 5881 219
5863 5866 88
5882 5931 286
5888 5895 217
5911 5923 45
5923 5935 159
5943 5953 70
5950 5968 295
5964 5979 71
5971 5983 65
5995 6020 200
5997 5998 98
6004 6021 163
6030 6044 246
6031 6039 33
6034 6056 44
6061 6093 300
6064 6092 234
6088 6137 170
6111 6121 1
6118 6120 233
6144 6160 96
6151 6192 293
6161 6210 299
6185 6202 38
