400
27 29 226
57 71 91
66 105 97
79 112 163
98 143 91
121 131 31
124 132 197
142 166 120
172 196 274
202 233 55
206 218 18
227 236 233
243 288 212
254 261 153
265 305 111
270 274 111
280 303 131
304 322 14
324 371 222
331 361 211
351 357 272
372 377 151
379 419 132
393 428 107
412 426 134
413 429 15
414 459 15
415 449 270
432 445 114
451 469 131
458 492 58
481 526 153
485 512 12
485 535 250
500 521 131
522 554 7
545 560 163
562 585 40
564 575 174
572 597 281
583 590 200
611 648 248
612 650 60
615 645 44
618 653 167
630 660 278
633 637 97
655 669 248
680 713 251
691 722 196
695 723 125
725 772 56
729 741 232
736 757 28
746 752 104
749 757 294
765 806 122
777 804 31
803 825 183
822 855 223
827 852 62
840 861 217
862 873 187
887 930 69
892 927 135
919 925 159
949 988 217
977 1016 123
986 1004 76
1004 1005 130
1006 1040 170
1022 1069 240
1043 1082 272
1047 1066 73
1072 1095 80
1092 1138 92
1114 1141 186
1132 1160 196
1152 1165 212
1154 1202 182
1158 1188 110
1162 1186 132
1178 1197 94
1195 1203 286
1196 1232 39
1211 1215 245
1221 1266 23
1233 1245 130
1237 1276 136
1240 1280 90
1258 1302 204
1269 1298 167
1294 1328 175
1301 1306 93
1306 1322 91
1309 1319 261
1317 1358 64
1337 1350 133
1344 1357 65
1366 1385 155
1396 1436 220
1421 1440 297
1431 1460 214
1456 1500 18
1471 1474 106
1490 1498 155
1501 1539 62
1526 1561 202
1545 1547 237
1563 1601 184
1566 1611 101
1573 1593 124
1598 1619 8
1611 1634 95
1614 1662 25
1618 1632 253
1620 1634 76
1623 1662 280
1640 1680 116
1667 1696 41
1671 1672 92
1701 1705 120
1711 1758 297
1726 1763 161
1728 1763 169
1751 1755 298
1772 1773 195
1784 1805 54
1801 1807 198
1826 1866 119
1839 1884 41
1853 1873 278
1866 1898 279
1874 1904 255
1884 1917 149
1897 1926 78
1920 1949 260
1950 1997 94
1976 2023 200
1997 2039 300
2025 2030 288
2050 2059 163
2069 2105 48
2097 2146 241
2127 2128 39
2128 2169 73
2155 2186 259
2158 2195 60
2184 2208 25
2194 2234 40
2213 2218 186
2216 2220 101
2217 2230 277
2240 2243 25
2259 2295 37
2269 2311 268
2295 2306 232
2295 2305 33
2324 2343 249
2347 2356 141
2358 2386 205
2365 2399 275
2393 2430 78
2409 2434 232
2425 2470 82
2450 2498 188
2480 2486 216
2502 2533 69
2531 2550 225
2540 2546 282
2544 2561 66
2553 2563 6
2583 2622 294
2604 2638 156
2621 2658 13
2628 2657 255
2657 2682 12
2678 2705 95
2704 2709 216
2716 2733 41
2733 2741 71
2751 2791 179
2758 2807 130
2766 2802 236
2794 2797 12
2821 2825 170
2851 2853 10
2863 2905 151
2870 2891 153
2880 2906 75
2905 2953 184
2926 2976 298
2931 2973 154
2958 2990 177
2964 3004 40
2988 3021 238
3006 3007 105
3008 3014 60
3021 3036 181
3029 3036 124
3034 3082 224
3047 3065 110
3057 3084 242
3073 3111 57
3085 3107 258
3094 3113 240
3114 3116 107
3129 3149 186
3146 3178 74
3148 3184 9
3171 3202 110
3182 3187 265
3190 3210 120
3216 3221 237
3234 3260 272
3260 3287 18
3271 3305 144
3291 3340 132
3306 3339 46
3318 3361 39
3322 3372 228
3349 3395 150
3351 3373 174
3370 3371 194
3373 3379 251
3403 3404 236
3426 3471 105
3438 3480 278
3444 3488 153
3451 3481 180
3459 3489 98
3484 3515 198
3497 3534 255
3521 3570 195
3528 3563 233
3550 3593 103
3560 3596 229
3574 3622 138
3585 3593 232
3602 3605 252
3602 3623 83
3630 3667 227
3651 3672 197
3657 3679 262
3675 3677 194
3698 3702 124
3720 3755 78
3722 3757 162
3722 3750 5
3744 3786 175
3774 3799 293
3786 3800 181
3807 3815 84
3812 3858 136
3829 3863 14
3838 3873 25
3852 3899 20
3863 3907 299
3891 3905 217
3911 3914 299
3923 3945 299
3951 3956 228
3973 3978 15
3999 4017 121
3999 4004 56
4022 4024 156
4043 4050 112
4058 4071 178
4069 4108 61
4074 4093 124
4098 4110 30
4107 4136 63
4114 4131 121
4133 4175 136
4163 4190 100
4189 4204 81
4210 4237 149
4237 4247 205
4262 4277 255
4265 4282 102
4289 4298 260
4291 4301 120
4321 4366 106
4335 4377 299
4356 4388 289
4380 4389 66
4405 4451 10
4412 4434 155
4415 4426 233
4423 4443 264
4426 4455 99
4439 4456 154
4465 4485 166
4470 4517 173
4498 4533 85
4505 4506 100
4531 4538 140
4540 4553 194
4562 4573 218
4567 4586 131
4573 4605 268
4576 4614 192
4604 4629 39
4610 4626 85
4624 4634 33
4646 4672 129
4668 4686 230
4696 4745 149
4716 4762 222
4731 4748 108
4755 4771 221
4782 4824 213
4806 4815 160
4820 4850 155
4850 4896 242
4874 4886 218
4886 4889 109
4906 4911 19
4933 4981 51
4937 4945 59
4958 4976 274
4974 4981 97
5001 5034 238
5018 5027 158
5041 5079 179
5059 5103 201
5077 5083 290
5100 5104 109
5125 5175 241
5136 5151 79
5142 5156 238
5167 5175 120
5173 5212 244
5185 5200 62
5193 5216 60
5219 5235 190
5236 5237 289
5250 5279 211
5273 5283 48
5285 5303 42
5301 5345 199
5313 5358 144
5336 5355 112
5346 5350 94
5347 5360 295
5377 5401 77
5378 5387 91
5384 5387 204
5397 5440 93
5415 5439 75
5444 5484 191
5463 5477 117
5483 5484 7
5488 5536 59
5503 5525 213
5528 5578 61
5539 5552 189
5543 5582 34
5555 5590 37
5557 5586 170
5577 5627 275
5587 5618 275
5596 5627 240
5607 5618 109
5621 5666 214
5622 5660 171
5636 5683 294
5661 5707 203
5690 5701 131
5698 5719 146
5723 5759 251
5747 5766 47
5755 5792 46
5782 5808 229
5798 5833 181
5819 5865 151
5849 5895 196
5876 5917 122
5891 5916 172
5911 5939 276
5928 5944 51
5936 5956 236
5951 5971 7
5971 5983 30
5989 5993 167
5992 6039 141
6010 6036 47
6024 6064 27
6037 6068 133
6054 6085 262
6055 6089 135
6067 6102 157
6076 6088 118
6101 6141 241
6123 6157 148
6145 6180 275
6154 6187 286
6161 6174 277
6173 6223 95
6203 6226 176
