400
10 27 203
20 23 146
49 83 200
61 91 3
66 98 158
66 88 100
75 88 265
95 118 196
125 126 187
140 149 85
150 187 177
168 170 88
187 193 70
215 225 90
232 276 282
256 257 56
280 283 122
280 307 211
284 328 88
286 307 15
298 303 55
306 314 219
313 332 70
315 335 18
344 371 17
364 377 172
364 387 240
385 419 148
390 405 27
418 451 129
431 454 166
441 466 158
450 456 289
455 502 197
466 474 251
478 498 269
497 500 275
511 515 87
516 555 76
523 560 194
534 559 42
536 583 154
566 573 25
587 616 140
601 627 2
624 652 89
637 673 104
658 678 19
684 731 108
698 740 90
710 723 110
733 762 162
752 800 132
762 768 243
778 789 148
793 798 65
793 806 109
806 853 296
815 840 296
838 848 300
868 879 77
891 937 266
893 904 300
905 933 251
927 953 218
933 966 203
949 959 167
952 992 3
960 1000 66
990 992 249
995 1013 169
1016 1051 198
1026 1072 122
1048 1092 222
1060 1100 151
1078 1084 7
1107 1111 85
1110 1153 49
1118 1145 292
1118 1161 211
1132 1145 140
1151 1165 274
1155 1197 113
1177 1225 243
1182 1229 213
1184 1232 45
1211 1257 217
1236 1267 120
1239 1284 125
1259 1264 124
1287 1314 182
1292 1318 60
1298 1340 290
1321 1333 180
1327 1362 191
1334 1381 238
1357 1380 172
1360 1379 203
1386 1410 45
1402 1441 134
1424 1441 270
1450 1490 33
1468 1510 11
1485 1513 296
1498 1521 286
1508 1537 203
1518 1541 15
1546 1575 201
1553 1578 64
1577 1588 173
1600 1608 264
1607 1620 267
1637 1669 111
1651 1688 111
1662 1668 29
1681 1684 294
1686 1689 114
1716 1765 280
1731 1752 255
1748 1772 11
1771 1791 182
1778 1812 6
1793 1835 126
1813 1819 44
1838 1846 138
1850 1863 259
1873 1879 154
1897 1921 50
1907 1950 28
1914 1933 283
1928 1952 245
1930 1980 40
1950 1991 131
1951 1995 251
1954 1996 271
1972 1980 215
1981 2008 51
1986 2015 1
1989 2003 162
2008 2042 272
2036 2052 239
2040 2048 226
2063 2108 233
2075 2100 233
2104 2125 60
2109 2146 84
2129 2141 159
2134 2166 208
2135 2149 42
2161 2178 151
2188 2223 271
2204 2220 220
2221 2267 225
2228 2263 115
2239 2245 172
2249 2262 31
2271 2303 116
2298 2330 204
2314 2352 122
2339 2383 260
2358 2386 144
2385 2397 72
2415 2444 137
2431 2467 250
2441 2482 158
2448 2494 267
2471 2497 33
2487 2493 107
2506 2551 146
2510 2521 164
2514 2529 35
2522 2535 75
2549 2576 169
2567 2591 272
2574 2607 74
2604 2649 11
2631 2633 225
2659 2662 192
2661 2675 136
2689 2727 217
2717 2740 236
2728 2743 18
2728 2733 123
2742 2787 116
2743 2764 144
2743 2790 7
2759 2763 225
2787 2808 247
2792 2831 155
2795 2815 174
2814 2829 18
2835 2850 13
2843 2882 9
2846 2895 252
2872 2895 152
2886 2928 202
2891 2906 28
2919 2947 168
2934 2946 47
2945 2980 267
2974 3006 273
2983 3004 199
2992 3027 106
2992 3040 77
3008 3009 252
3033 3074 14
3050 3067 111
3080 3102 122
3094 3130 234
3097 3136 111
3116 3130 82
3140 3148 106
3167 3203 46
3172 3211 291
3174 3203 84
3187 3202 91
3198 3220 244
3200 3250 271
3228 3244 3
3233 3245 217
3250 3284 161
3260 3294 100
3270 3285 219
3286 3325 67
3292 3320 198
3312 3321 82
3340 3386 181
3344 3368 116
3355 3367 93
3360 3371 85
3364 3394 265
3377 3421 98
3379 3428 111
3390 3417 47
3404 3406 35
3433 3434 220
3458 3504 111
3475 3484 210
3476 3501 29
3487 3499 75
3504 3546 81
3516 3559 250
3532 3550 45
3548 3592 39
3562 3599 8
3584 3609 122
3598 3643 194
3625 3667 88
3645 3658 199
3649 3671 158
3671 3691 218
3682 3688 196
3702 3705 36
3716 3766 87
3728 3767 2
3742 3791 276
3746 3789 129
3773 3791 266
3797 3834 36
3820 3864 128
3849 3860 189
3877 3879 64
3896 3943 117
3906 3910 268
3917 3962 1
3946 3949 165
3974 3990 242
3977 4010 142
3995 4022 180
4018 4066 89
4045 4067 94
4045 4077 26
4052 4074 34
4069 4117 152
4083 4104 120
4111 4146 282
4130 4164 33
4134 4137 3
4159 4195 122
4176 4213 134
4183 4186 30
4202 4209 178
4228 4267 223
4248 4290 237
4262 4268 230
4266 4282 18
4282 4331 162
4303 4353 7
4306 4333 254
4312 4315 16
4317 4325 259
4339 4388 198
4355 4381 232
4371 4421 120
4389 4433 121
4405 4424 285
4426 4441 69
4440 4487 48
4448 4483 237
4475 4492 252
4491 4536 237
4511 4560 168
4539 4561 273
4542 4563 297
4542 4577 111
4564 4612 125
4589 4628 139
4599 4618 197
4599 4617 212
4627 4632 259
4638 4668 231
4644 4648 266
4671 4701 125
4701 4739 89
4729 4769 194
4753 4790 190
4755 4802 66
4772 4775 290
4802 4844 62
4821 4861 38
4827 4851 44
4851 4859 3
4857 4891 39
4869 4899 41
4891 4909 35
4912 4917 58
4919 4935 298
4923 4931 108
4935 4968 72
4962 5000 145
4966 5009 85
4978 4991 56
4978 5000 127
4984 5032 254
4995 5018 240
5013 5035 119
5026 5054 18
5049 5096 95
5064 5100 186
5075 5076 183
5093 5111 225
5119 5138 89
5135 5137 167
5139 5187 162
5145 5182 4
5174 5175 177
5186 5210 261
5207 5224 106
5229 5230 50
5249 5250 69
5279 5292 216
5309 5317 79
5329 5353 187
5337 5359 62
5353 5365 255
5369 5384 288
5384 5429 85
5391 5400 56
5408 5458 98
5420 5448 27
5448 5489 197
5464 5509 115
5472 5489 30
5480 5528 15
5499 5543 181
5517 5539 237
5542 5565 215
5543 5583 217
5544 5583 58
5556 5560 254
5573 5613 111
5600 5601 94
5600 5601 13
5603 5633 55
5606 5611 238
5629 5633 68
5652 5655 79
5680 5719 194
5702 5703 13
5731 5735 269
5731 5750 126
5733 5777 187
5743 5780 205
5760 5788 123
5780 5786 199
5789 5838 244
5794 5840 242
5816 5861 48
5845 5894 112
5869 5919 14
5873 5920 20
5883 5887 192
5893 5929 268
5916 5918 287
5945 5977 249
5949 5978 257
5976 6025 144
5988 6005 1
5999 6001 130
6004 6041 145
