400
7 54 45
25 34 280
31 38 147
32 48 273
33 79 16
62 76 222
63 86 18
76 102 229
93 105 225
114 130 191
119 130 234
145 179 246
163 186 223
186 235 45
215 239 161
225 258 4
242 272 68
269 316 287
279 294 105
283 327 37
299 344 115
318 364 209
348 388 260
371 393 149
399 441 204
408 453 60
419 454 197
438 480 24
464 475 204
464 490 53
485 520 118
502 524 230
508 534 230
521 523 134
534 539 28
554 562 184
566 611 293
574 592 42
596 603 256
625 654 102
635 665 240
645 665 266
656 693 210
671 717 61
693 718 262
699 715 22
729 779 6
735 770 63
765 815 145
765 773 206
770 777 164
794 806 272
796 825 128
816 860 252
817 825 131
823 849 283
840 843 125
855 888 227
866 877 248
887 904 173
895 914 23
905 941 237
909 954 77
922 930 187
950 969 11
960 998 195
982 1001 252
984 1005 133
992 1031 132
995 1042 111
1025 1027 70
1041 1059 182
1059 1063 76
1062 1102 42
1062 1102 154
1080 1109 225
1082 1127 135
1104 1154 112
1119 1124 176
1128 1145 31
1132 1169 30
1144 1177 86
1153 1191 172
1173 1221 29
1185 1215 280
1212 1231 225
1226 1240 171
1251 1283 10
1264 1269 170
1271 1291 6
1295 1330 110
1299 1323 107
1316 1326 14
1339 1346 286
1361 1369 160
1376 1396 69
1390 1415 103
1393 1443 247
1423 1463 246
1443 1445 119
1451 1454 166
1457 1458 123
1470 1514 209
1486 1512 102
1513 1519 73
1532 1566 298
1553 1585 239
1553 1603 260
1554 1588 166
1561 1573 10
1578 1618 291
1583 1584 46
1612 1632 251
1633 1659 232
1635 1644 264
1652 1682 148
1658 1694 5
1667 1698 45
1688 1721 247
1717 1762 175
1717 1753 128
1722 1723 291
1750 1788 232
1765 1801 199
1776 1809 245
1802 1813 254
1807 1854 294
1826 1831 23
1834 1873 264
1857 1898 119
1887 1929 102
1909 1930 222
1921 1940 179
1937 1962 141
1955 1973 262
1963 1994 202
1983 2002 71
1997 1998 68
2003 2012 68
2031 2058 228
2031 2081 216
2031 2062 215
2031 2054 271
2035 2062 46
2053 2070 174
2083 2087 68
2106 2120 135
2132 2142 257
2156 2163 50
2166 2214 243
2172 2188 42
2193 2195 223
2218 2224 271
2241 2263 218
2246 2292 159
2253 2279 274
2267 2289 133
2282 2284 253
2308 2311 20
2324 2364 215
2331 2360 269
2345 2362 132
2363 2380 3
2384 2419 266
2410 2444 271
2435 2456 172
2456 2499 257
2465 2498 98
2471 2492 251
2478 2513 135
2481 2509 162
2510 2538 32
2527 2566 96
2537 2564 58
2538 2561 196
2545 2588 99
2568 2589 258
2596 2597 10
2620 2645 211
2622 2654 273
2627 2675 260
2644 2648 240
2655 2669 254
2682 2694 54
2708 2725 87
2714 2734 7
2739 2789 99
2759 2799 222
2763 2805 129
2789 2833 223
2814 2863 5
2822 2837 231
2824 2852 136
2846 2849 114
2857 2896 132
2873 2908 13
2883 2931 165
2905 2940 37
2918 2927 170
2947 2966 59
2962 3008 34
2972 2978 108
2976 3021 24
2981 3010 11
3005 3019 225
3013 3018 102
3031 3035 29
3049 3064 174
3078 3084 117
3087 3131 191
3096 3137 20
3115 3146 139
3138 3171 205
3150 3186 22
3180 3182 83
3196 3222 156
3202 3230 196
3207 3226 225
3221 3245 287
3229 3278 66
3258 3303 181
3263 3267 252
3265 3277 5
3275 3296 160
3305 3333 168
3317 3341 107
3338 3346 203
3345 3386 252
3371 3379 143
3397 3425 263
3420 3451 78
3436 3446 190
3438 3471 259
3441 3464 186
3448 3454 112
3468 3469 169
3485 3532 189
3501 3510 36
3513 3525 167
3531 3540 75
3560 3587 73
3569 3607 297
3580 3620 246
3607 3622 156
3618 3621 92
3643 3686 6
3648 3650 138
3661 3706 182
3664 3691 55
3668 3696 60
3693 3702 223
3710 3753 195
3737 3768 49
3740 3749 204
3763 3807 253
3786 3812 241
3788 3831 77
3802 3823 107
3804 3839 225
3807 3822 51
3816 3843 263
3816 3827 214
3828 3840 18
3830 3866 183
3854 3878 74
3873 3907 65
3895 3919 287
3911 3930 151
3924 3925 193
3948 3972 58
3969 4017 271
3978 4013 82
3992 4003 8
4022 4032 100
4044 4078 59
4050 4082 245
4065 4111 225
4068 4117 96
4097 4147 204
4119 4162 50
4141 4184 191
4159 4199 49
4186 4198 257
4202 4228 217
4228 4264 195
4253 4261 56
4266 4279 267
4275 4281 185
4305 4341 206
4316 4347 145
4333 4342 37
4356 4373 182
4386 4411 143
4405 4430 75
4418 4438 105
4446 4485 222
4455 4462 141
4472 4483 7
4501 4542 152
4527 4567 172
4550 4558 2
4553 4566 102
4565 4611 290
4586 4627 239
4603 4618 10
4614 4660 91
4614 4660 44
4614 4626 299
4623 4650 234
4633 4681 189
4637 4642 34
4665 4689 161
4690 4720 5
4704 4713 290
4717 4721 44
4743 4752 106
4769 4789 239
4769 4787 39
4780 4825 216
4782 4823 118
4808 4826 292
4820 4848 295
4843 4876 4
4865 4874 233
4868 4886 43
4871 4878 248
4890 4923 294
4910 4925 293
4912 4921 287
4929 4941 236
4929 4937 258
4942 4991 51
4967 4989 79
4987 5008 50
5011 5061 89
5032 5041 168
5059 5075 94
5076 5119 295
5076 5088 260
5080 5116 136
5104 5135 67
5126 5131 284
5141 5168 149
5163 5183 249
5187 5194 179
5200 5207 242
5212 5216 15
5224 5237 89
5233 5279 231
5255 5295 226
5262 5266 134
5270 5317 160
5270 5292 10
5270 5316 10
5277 5299 98
5279 5312 167
5298 5348 24
5318 5343 186
5338 5360 171
5367 5390 213
5379 5400 23
5406 5448 297
5430 5469 171
5449 5473 162
5475 5513 232
5499 5502 147
5520 5554 300
5521 5530 122
5540 5587 207
5541 5580 161
5564 5595 224
5576 5607 37
5600 5620 247
5603 5631 94
5606 5623 121
5632 5664 228
5633 5676 138
5663 5670 289
5684 5719 56
5701 5703 53
5728 5739 198
5749 5785 37
5772 5780 2
5776 5784 119
5779 5813 225
5798 5820 295
5820 5855 231
5823 5861 150
5846 5856 107
5862 5863 126
5881 5916 76
5901 5950 33
5911 5927 132
5918 5921 262
5943 5971 21
5952 5959 264
5964 6010 299
5989 6031 248
6010 6051 143
6016 6044 219
