400
1 48 231
27 77 152
45 94 109
69 98 11
83 90 159
93 109 16
98 101 28
112 130 10
124 139 290
142 146 171
160 188 165
169 176 91
184 202 180
196 234 294
217 236 104
226 270 39
231 258 174
258 260 268
278 281 296
297 302 251
322 361 92
348 359 151
351 372 136
363 366 100
374 402 57
403 438 285
407 440 98
411 417 227
419 467 203
433 455 116
447 463 69
464 481 279
478 492 210
502 546 149
512 551 118
517 565 102
525 544 295
544 549 218
555 574 290
573 583 202
587 628 211
608 617 69
614 638 297
631 658 152
636 672 186
636 681 170
664 677 173
667 686 31
687 722 147
703 731 282
704 753 81
724 730 276
740 770 267
743 754 76
773 787 20
790 836 20
804 832 297
818 823 217
833 841 209
860 868 295
863 882 27
869 881 258
869 899 149
869 874 273
895 901 123
913 926 171
922 932 188
932 934 157
934 971 270
953 971 237
974 1002 108
998 1048 140
1021 1049 119
1049 1075 66
1063 1099 41
1065 1105 288
1091 1102 237
1111 1137 5
1123 1159 82
1128 1133 263
1155 1201 282
1156 1158 182
1156 1157 200
1163 1188 100
1188 1200 29
1205 1233 289
1235 1283 164
1258 1274 168
1286 1332 295
1300 1317 254
1327 1350 285
1349 1364 281
1352 1367 156
1372 1378 75
1393 1406 202
1402 1440 236
1406 1425 266
1410 1433 252
1427 1472 66
1442 1463 241
1447 1487 244
1457 1485 297
1457 1493 119
1478 1502 249
1503 1548 140
1525 1541 217
1548 1592 87
1569 1593 73
1582 1627 18
1590 1611 100
1593 1639 109
1599 1610 91
1621 1634 175
1632 1657 27
1651 1678 163
1654 1680 254
1663 1684 296
1663 1709 175
1671 1674 231
1696 1730 19
1724 1731 216
1745 1753 215
1749 1755 64
1759 1794 239
1788 1813 160
1794 1814 196
1808 1831 17
1833 1852 22
1842 1881 120
1871 1919 84
1900 1940 90
1903 1924 165
1916 1934 124
1931 1937 138
1942 1990 136
1942 1986 113
1951 1960 1
1961 1992 287
1986 2032 238
2016 2066 156
2040 2054 13
2060 2101 70
2069 2085 32
2092 2121 261
2118 2136 73
2131 2176 239
2139 2143 171
2143 2177 253
2154 2156 5
2155 2159 220
2155 2161 161
2180 2224 282
2189 2221 214
2192 2205 267
2201 2243 60
2231 2252 280
2242 2282 61
2254 2265 88
2258 2302 123
2274 2311 203
2275 2309 7
2275 2280 38
2284 2330 241
2295 2334 53
2319 2343 9
2344 2373 297
2372 2390 241
2375 2408 162
2392 2405 186
2422 2455 200
2422 2437 163
2438 2483 197
2441 2443 64
2455 2504 115
2474 2521 122
2498 2507 23
2501 2502 190
2505 2531 75
2505 2514 65
2525 2567 169
2550 2596 156
2576 2598 44
2586 2627 203
2591 2601 158
2620 2667 109
2641 2644 291
2666 2668 144
2675 2707 135
2686 2716 47
2692 2742 47
2699 2747 143
2703 2722 127
2724 2766 88
2727 2739 74
2739 2763 56
2761 2783 134
2762 2776 255
2764 2794 33
2767 2789 245
2778 2798 13
2783 2791 46
2813 2858 232
2829 2872 204
2841 2868 267
2870 2881 152
2890 2900 150
2903 2942 12
2909 2910 198
2915 2962 266
2916 2937 190
2936 2953 124
2949 2956 198
2955 2985 26
2957 2980 180
2968 3015 267
2987 2992 189
3015 3048 128
3028 3073 268
3050 3068 279
3073 3098 153
3103 3153 28
3131 3144 185
3139 3168 157
3153 3184 281
3157 3193 210
3172 3210 92
3182 3229 278
3192 3207 281
3212 3222 277
3231 3248 255
3236 3269 275
3263 3303 287
3278 3319 218
3280 3290 168
3310 3311 125
3324 3370 114
3333 3335 56
3360 3394 214
3372 3383 35
3378 3409 230
3401 3447 287
3404 3422 47
3405 3407 225
3414 3446 231
3441 3465 68
3460 3473 165
3490 3497 231
3511 3541 132
3515 3546 297
3517 3565 59
3537 3571 258
3541 3550 290
3566 3598 151
3596 3620 127
3610 3641 98
3610 3660 300
3620 3630 115
3637 3653 42
3662 3704 38
3687 3718 244
3691 3719 3
3697 3733 239
3700 3712 82
3720 3764 274
3720 3722 199
3733 3749 141
3736 3739 91
3747 3759 154
3758 3766 263
3777 3809 36
3795 3806 86
3817 3843 66
3836 3837 78
3845 3862 289
3872 3910 26
3901 3909 277
3918 3964 50
3931 3957 299
3931 3951 231
3946 3958 43
3965 3992 298
3971 3982 240
3979 3987 283
3979 3991 94
3985 4012 263
3996 4020 133
4019 4023 158
4041 4048 271
4059 4098 244
4084 4087 82
4102 4122 116
4109 4139 75
4115 4124 299
4127 4158 146
4143 4148 210
4155 4194 165
4160 4179 123
4172 4205 32
4180 4210 66
4192 4227 8
4211 4246 139
4234 4251 178
4242 4272 107
4251 4275 193
4251 4274 253
4256 4290 133
4285 4307 236
4302 4329 42
4325 4330 234
4330 4377 143
4345 4357 143
4360 4379 49
4366 4404 88
4372 4417 92
4373 4416 165
4383 4414 176
4390 4422 256
4390 4395 161
4408 4450 193
4419 4445 217
4425 4457 114
4435 4473 276
4452 4496 278
4456 4497 73
4474 4524 82
4485 4496 131
4494 4511 135
4510 4540 19
4532 4559 262
4533 4565 268
4537 4571 218
4546 4580 144
4551 4557 282
4577 4600 174
4601 4612 20
4630 4665 14
4657 4703 257
4678 4679 259
4691 4732 44
4698 4707 175
4707 4752 169
4718 4742 252
4731 4779 8
4761 4768 287
4771 4793 56
4782 4812 225
4796 4829 148
4810 4824 216
4819 4851 93
4825 4875 29
4831 4862 51
4849 4883 192
4856 4880 294
4859 4907 51
4860 4906 264
4883 4929 73
4898 4911 56
4927 4939 226
4944 4976 174
4968 5005 198
4992 5021 206
5001 5023 185
5007 5010 287
5028 5065 144
5042 5078 72
5068 5098 108
5085 5130 115
5101 5138 91
5125 5173 188
5147 5183 281
5169 5218 62
5194 5206 88
5203 5248 208
5212 5222 265
5225 5246 161
5237 5256 162
5256 5287 210
5274 5320 19
5290 5324 221
5294 5329 190
5302 5346 192
5331 5350 216
5352 5396 250
5379 5412 266
5409 5429 78
5427 5428 134
5433 5435 49
5454 5474 67
5460 5487 86
5475 5497 21
5476 5498 29
5493 5501 34
5517 5537 236
5527 5551 16
5546 5572 228
5549 5550 16
5550 5555 132
5579 5625 73
5593 5641 212
5609 5659 138
