400
22 43 29
35 51 196
52 69 61
54 95 127
83 95 148
95 139 77
98 135 139
121 135 243
134 145 261
147 174 169
155 164 59
168 217 60
196 224 206
218 222 296
236 274 183
236 275 52
252 295 216
282 295 235
300 333 85
324 330 79
351 398 1
380 429 86
401 428 166
419 453 28
424 439 76
437 444 267
447 492 207
457 482 31
463 509 172
488 522 140
497 544 145
511 528 73
535 554 246
557 584 216
584 627 295
606 639 77
636 648 34
657 685 263
666 673 294
666 680 102
691 720 64
719 741 167
720 758 204
725 767 76
744 789 265
765 809 157
794 811 184
796 828 199
812 839 132
838 884 99
865 890 14
873 915 110
900 913 36
920 938 100
922 959 300
945 957 186
965 992 131
984 1008 112
997 1010 16
1011 1045 98
1026 1059 70
1047 1072 31
1077 1110 127
1079 1083 190
1100 1104 57
1125 1139 76
1141 1184 179
1160 1199 89
1183 1202 88
1205 1223 111
1208 1229 206
1218 1249 18
1218 1243 10
1231 1276 15
1253 1282 96
1282 1285 291
1312 1348 134
1325 1337 18
1334 1361 104
1357 1393 234
1376 1399 214
1398 1421 139
1412 1422 162
1422 1437 238
1451 1493 282
1460 1471 215
1466 1474 276
1491 1508 262
1499 1504 235
1505 1521 29
1526 1537 266
1553 1554 113
1560 1603 119
1581 1588 265
1586 1621 87
1611 1656 115
1622 1645 205
1622 1656 20
1637 1657 84
1653 1655 166
1653 1696 229
1678 1684 139
1698 1734 126
1708 1714 223
1720 1768 298
1739 1763 168
1758 1785 222
1771 1818 81
1782 1832 138
1788 1813 201
1795 1821 97
1795 1819 21
1813 1860 179
1820 1827 87
1833 1834 47
1858 1875 205
1862 1880 300
1871 1889 165
1884 1915 173
1909 1952 207
1920 1945 215
1936 1943 282
1941 1952 82
1942 1992 226
1952 1983 253
1969 2010 70
1978 2027 226
1991 2008 219
2010 2033 7
2036 2067 71
2059 2081 98
2086 2100 112
2089 2102 4
2093 2095 78
2094 2139 20
2108 2155 104
2117 2164 45
2135 2136 34
2147 2173 224
2150 2194 246
2177 2215 254
2182 2204 20
2194 2242 238
2205 2247 236
2217 2218 251
2220 2263 155
2223 2227 1
2244 2260 69
2251 2278 68
2254 2289 94
2260 2274 57
2288 2292 46
2293 2334 181
2311 2342 230
2317 2319 137
2339 2379 170
2369 2415 118
2390 2421 176
2392 2407 225
2409 2413 180
2430 2459 152
2446 2483 215
2449 2487 171
2470 2520 60
2489 2521 168
2504 2516 54
2525 2548 120
2542 2584 167
2563 2567 288
2571 2608 147
2582 2590 189
2588 2636 126
2611 2643 122
2615 2651 36
2632 2682 281
2651 2669 279
2653 2694 216
2657 2667 189
2680 2714 110
2698 2742 7
2703 2748 173
2704 2715 107
2706 2742 232
2729 2747 232
2752 2789 193
2765 2786 16
2786 2811 14
2788 2789 247
2818 2842 177
2848 2857 139
2857 2899 291
2863 2903 159
2883 2900 279
2905 2948 9
2907 2942 114
2922 2946 179
2927 2972 195
2957 2966 35
2965 2991 243
2980 2993 22
2991 3033 148
2992 3038 245
3022 3041 270
3035 3077 191
3056 3081 133
3078 3092 125
3093 3099 289
3096 3145 186
3122 3127 277
3148 3160 91
3156 3201 296
3171 3208 204
3200 3233 294
3227 3267 60
3250 3283 292
3268 3280 215
3297 3332 108
3314 3363 206
3333 3352 19
3336 3379 186
3350 3370 185
3359 3377 214
3383 3408 33
3403 3423 169
3409 3457 294
3413 3427 139
3419 3438 257
3429 3432 115
3438 3442 171
3453 3455 43
3483 3523 86
3493 3497 254
3500 3547 78
3514 3561 296
3530 3555 110
3560 3610 36
3562 3587 192
3577 3625 286
3579 3615 83
3597 3637 198
3616 3666 241
3628 3648 225
3658 3704 292
3678 3710 35
3704 3744 234
3709 3736 101
3717 3762 34
3721 3728 44
3726 3728 262
3735 3785 279
3753 3766 42
3770 3790 162
3770 3802 22
3771 3805 122
3788 3825 185
3809 3821 96
3812 3859 73
3812 3826 273
3831 3866 107
3851 3854 242
3865 3884 176
3865 3901 260
3867 3870 187
3893 3939 272
3919 3934 31
3939 3951 32
3947 3980 280
3961 3987 210
3981 3993 9
4010 4037 112
4036 4051 131
4061 4107 67
4090 4100 111
4116 4137 60
4116 4142 67
4125 4133 169
4132 4169 1
4141 4169 127
4159 4195 251
4161 4202 211
4164 4194 287
4193 4196 292
4220 4268 199
4237 4249 262
4238 4283 3
4242 4288 72
4243 4269 282
4248 4281 46
4270 4313 50
4284 4317 4
4312 4336 247
4322 4352 24
4331 4334 212
4339 4362 17
4339 4341 57
4348 4358 163
4352 4374 23
4372 4395 137
4373 4403 179
4386 4409 184
4407 4452 20
4428 4478 221
4435 4462 83
4458 4473 178
4480 4530 120
4494 4498 199
4502 4504 84
4522 4572 31
4527 4549 151
4544 4550 92
4566 4605 110
4589 4620 155
4600 4622 91
4613 4649 16
4632 4676 276
4656 4674 95
4657 4698 90
4658 4705 170
4684 4726 242
4713 4750 105
4731 4754 134
4731 4734 71
4751 4794 295
4775 4776 164
4794 4837 29
4822 4847 161
4829 4865 12
4830 4846 17
4838 4855 19
4862 4906 176
4878 4894 214
4905 4911 47
4919 4954 16
4945 4995 177
4965 4994 48
4993 5040 293
5008 5048 265
5029 5048 97
5047 5075 167
5049 5051 251
5057 5065 220
5060 5089 234
5076 5117 116
5084 5107 160
5093 5101 237
5100 5136 263
5106 5139 111
5128 5157 79
5151 5181 206
5178 5226 251
5190 5226 208
5201 5217 52
5214 5234 234
5238 5256 277
5247 5250 32
5274 5300 11
5293 5318 209
5297 5341 159
5317 5334 64
5334 5358 194
5350 5364 294
5360 5388 257
5384 5426 237
5413 5437 14
5438 5465 101
5445 5480 128
5470 5479 83
5487 5526 11
5509 5534 175
5516 5519 82
5519 5551 214
5524 5538 281
5549 5565 258
5551 5582 264
5576 5605 289
5581 5603 20
5581 5613 116
5587 5592 297
5591 5618 263
5609 5621 237
5616 5657 264
5632 5677 230
5643 5654 103
5667 5687 98
5694 5723 198
5718 5749 203
5735 5777 65
5760 5779 214
5766 5767 23
5784 5834 273
5787 5821 71
5816 5866 14
5832 5850 78
5856 5886 218
5875 5899 244
5898 5920 52
5920 5936 255
5936 5976 96
5960 5979 274
5989 6006 80
