400
10 11 28
35 45 277
45 52 288
53 72 296
79 123 110
90 122 153
118 165 208
120 164 94
122 148 134
122 152 59
123 130 278
135 136 207
136 186 18
142 161 109
147 182 14
152 167 199
161 181 223
191 216 9
195 240 261
199 241 137
229 276 25
257 299 191
278 314 131
304 310 172
333 342 43
338 364 272
362 409 97
386 426 236
409 430 222
438 488 143
439 454 292
468 514 117
481 485 236
496 540 71
517 543 137
522 527 179
533 568 75
549 585 42
576 621 60
581 588 38
610 620 185
615 660 258
645 690 147
659 691 57
687 693 165
717 743 286
728 757 157
749 771 142
777 825 181
798 828 93
798 818 254
821 834 273
822 825 283
838 883 298
867 888 196
877 904 300
901 917 4
908 930 179
917 920 30
944 973 286
954 956 146
971 1003 282
997 1033 35
997 1006 241
1008 1044 233
1009 1027 65
1013 1022 237
1028 1046 212
1056 1063 120
1060 1080 40
1077 1104 47
1084 1090 81
1084 1116 255
1104 1146 183
1126 1176 121
1151 1170 54
1153 1172 112
1156 1206 72
1169 1186 299
1179 1229 281
1185 1231 4
1198 1216 257
1218 1259 250
1231 1267 78
1248 1293 176
1249 1259 133
1263 1303 52
1264 1307 194
1264 1310 14
1283 1328 29
1283 1330 6
1305 1314 233
1326 1369 61
1340 1390 201
1359 1400 97
1360 1397 292
1382 1424 218
1382 1415 267
1387 1424 95
1416 1431 82
1436 1452 60
1453 1499 192
1465 1496 162
1493 1494 258
1503 1543 281
1521 1554 14
1530 1558 86
1540 1578 89
1568 1590 154
1595 1599 78
1600 1624 135
1600 1635 222
1627 1635 127
1640 1690 218
1661 1681 80
1687 1714 104
1702 1742 175
1713 1727 255
1732 1743 43
1760 1788 187
1784 1797 49
1802 1818 20
1813 1832 178
1827 1835 101
1842 1848 276
1863 1903 147
1866 1894 145
1885 1919 12
1910 1932 258
1937 1976 282
1940 1965 295
1947 1961 267
1971 2016 73
1999 2020 54
2000 2002 294
2003 2042 229
2008 2049 62
2027 2068 113
2038 2062 221
2048 2065 133
2072 2081 199
2081 2098 1
2093 2133 105
2103 2125 242
2104 2113 47
2129 2167 60
2158 2177 39
2169 2214 151
2190 2208 1
2219 2237 200
2236 2266 30
2249 2256 118
2260 2294 169
2264 2308 87
2284 2307 194
2284 2330 280
2306 2326 162
2310 2325 223
2317 2356 223
2336 2386 211
2365 2411 295
2388 2407 20
2393 2425 184
2404 2436 220
2408 2454 27
2426 2430 125
2452 2486 201
2462 2469 125
2478 2495 203
2483 2499 136
2513 2552 92
2514 2530 172
2524 2565 254
2551 2559 254
2566 2599 287
2573 2614 61
2578 2621 229
2605 2615 267
2610 2638 77
2618 2659 74
2626 2636 27
2654 2704 12
2679 2720 5
2709 2721 275
2710 2726 265
2728 2759 71
2741 2757 174
2770 2793 273
2799 2800 54
2823 2852 235
2853 2877 124
2867 2913 237
2887 2921 85
2892 2908 32
2907 2957 15
2937 2945 60
2939 2986 134
2958 2969 270
2972 2989 256
2986 2992 172
3007 3014 224
3019 3034 93
3020 3043 41
3025 3041 160
3040 3082 254
3059 3076 281
3077 3122 197
3080 3112 21
3110 3157 47
3138 3162 3
3165 3196 218
3192 3204 296
3205 3225 27
3219 3232 25
3239 3258 11
3249 3280 272
3268 3314 300
3297 3321 277
3300 3310 236
3308 3352 165
3337 3366 271
3342 3354 40
3367 3402 106
3367 3384 291
3387 3388 136
3395 3421 145
3424 3468 200
3425 3465 70
3443 3457 220
3444 3488 70
3473 3499 235
3487 3496 263
3500 3541 253
3522 3547 42
3551 3578 204
3552 3571 152
3574 3597 28
3578 3584 296
3604 3616 122
3620 3651 103
3623 3631 279
3652 3678 150
3656 3674 295
3672 3681 128
3695 3704 157
3700 3724 221
3702 3745 153
3710 3745 289
3731 3781 235
3753 3756 300
3776 3819 226
3786 3793 54
3788 3817 207
3805 3830 24
3827 3831 68
3847 3890 242
3864 3889 159
3868 3889 241
3881 3914 242
3906 3912 45
3909 3948 184
3922 3929 8
3944 3991 216
3968 3999 183
3977 4005 41
4007 4025 101
4027 4037 285
4048 4068 52
4064 4086 103
4087 4097 38
4115 4162 38
4116 4138 99
4120 4143 39
4148 4176 154
4177 4198 217
4202 4234 179
4209 4227 169
4228 4234 218
4229 4257 113
4239 4268 254
4265 4310 66
4275 4317 250
4292 4333 70
4304 4343 96
4306 4356 227
4328 4336 169
4355 4374 2
4369 4371 65
4379 4388 253
4406 4453 206
4412 4418 72
4415 4420 8
4422 4464 74
4452 4487 179
4465 4484 156
4481 4484 218
4500 4536 147
4529 4551 24
4537 4577 55
4563 4608 231
4580 4616 177
4609 4629 120
4615 4633 251
4615 4657 105
4626 4650 245
4645 4672 195
4674 4718 181
4689 4728 135
4694 4739 172
4699 4705 55
4702 4712 75
4725 4737 285
4747 4762 115
4771 4812 24
4773 4778 238
4801 4837 24
4826 4855 46
4844 4876 165
4857 4896 55
4866 4899 15
4873 4902 47
4897 4920 212
4912 4924 50
4916 4959 256
4924 4956 266
4948 4979 40
4975 4991 151
4978 4990 248
5003 5008 34
5033 5066 11
5043 5065 179
5064 5104 165
5094 5134 272
5094 5142 265
5120 5156 165
5147 5156 208
5169 5188 71
5182 5232 55
5191 5223 52
5219 5264 57
5239 5267 212
5267 5314 122
5291 5336 247
5319 5344 154
5327 5334 227
5356 5391 107
5385 5392 13
5409 5436 220
5417 5464 172
5440 5480 242
5465 5492 33
5474 5502 103
5492 5528 289
5514 5550 81
5522 5537 223
5536 5566 20
5539 5585 153
5561 5578 200
5564 5613 263
5578 5621 249
5599 5646 102
5618 5643 70
5647 5681 267
5662 5675 85
5687 5719 261
5713 5749 270
5724 5772 121
5741 5762 291
5741 5760 105
5741 5753 51
5758 5777 158
5763 5775 253
5768 5811 161
5787 5814 264
5814 5815 151
5831 5868 142
5837 5873 85
5853 5880 288
5879 5894 279
5896 5937 2
5925 5975 62
5939 5954 234
5954 5974 294
5969 6011 202
5996 6023 114
6022 6064 64
6043 6062 143
6057 6061 99
6085 6109 110
6085 6092 259
6111 6125 55
6115 6122 160
6121 6142 126
6141 6189 274
6147 6180 5
6177 6185 220
6177 6178 120
6201 6235 278
6223 6270 190
6248 6266 28
