400
26 34 29
42 49 96
53 101 48
57 107 33
83 93 105
88 90 233
110 130 192
140 172 87
154 170 209
175 201 92
182 217 131
205 209 14
233 258 252
240 269 272
269 295 29
279 315 2
299 344 291
318 367 76
333 380 261
333 362 20
356 369 103
365 410 8
367 406 68
376 390 244
395 402 5
420 462 275
436 456 61
459 472 173
466 507 162
496 524 230
511 559 164
538 542 279
554 604 99
556 603 161
558 602 166
566 592 122
587 611 153
604 631 158
622 643 167
628 631 16
657 684 9
660 661 172
661 693 57
665 679 160
669 687 88
691 703 240
691 721 64
695 736 82
725 752 279
731 752 29
759 793 225
762 798 17
781 813 20
790 840 293
793 799 48
817 834 57
829 867 284
857 895 247
870 905 76
894 923 41
910 916 57
938 955 232
959 987 7
963 975 217
991 1040 238
997 1025 122
1018 1045 247
1021 1061 244
1025 1033 203
1041 1054 285
1050 1078 196
1057 1084 38
1069 1088 46
1098 1122 41
1111 1118 255
1136 1167 23
1164 1195 216
1172 1176 257
1198 1214 224
1227 1264 153
1245 1256 179
1257 1293 174
1281 1331 102
1303 1306 8
1321 1348 176
1346 1365 269
1363 1413 167
1374 1415 107
1377 1387 140
1390 1405 276
1390 1413 139
1416 1445 151
1439 1473 194
1463 1488 20
1493 1508 171
1494 1516 235
1503 1548 245
1508 1518 42
1516 1526 160
1525 1546 128
1538 1586 97
1561 1590 296
1576 1589 229
1577 1582 200
1582 1629 141
1587 1590 234
1601 1622 144
1609 1629 19
1637 1643 138
1643 1685 83
1663 1680 126
1687 1712 291
1704 1741 139
1731 1762 119
1761 1792 117
1781 1786 242
1809 1832 17
1817 1847 63
1829 1850 290
1844 1852 251
1872 1907 235
1881 1892 36
1907 1935 96
1921 1924 242
1944 1959 12
1974 2003 135
1984 2012 250
2013 2055 285
2024 2038 279
2039 2063 145
2042 2048 195
2051 2092 294
2062 2073 230
2083 2110 219
2101 2122 278
2117 2125 135
2133 2167 52
2148 2165 17
2157 2168 281
2183 2203 87
2185 2216 289
2189 2210 32
2213 2220 147
2228 2249 6
2241 2278 148
2254 2259 89
2269 2293 54
2296 2331 46
2306 2325 48
2330 2359 54
2351 2366 217
2361 2411 202
2367 2388 215
2397 2400 218
2427 2428 215
2438 2452 59
2457 2489 165
2486 2500 38
2487 2499 290
2512 2517 281
2539 2548 173
2542 2577 240
2552 2578 243
2568 2584 270
2576 2600 95
2599 2647 38
2615 2630 1
2632 2645 62
2661 2665 100
2688 2715 104
2706 2746 253
2728 2754 211
2747 2790 236
2761 2765 55
2777 2785 160
2788 2830 125
2813 2863 211
2838 2863 4
2839 2883 297
2867 2879 263
2891 2922 150
2909 2934 86
2923 2963 119
2950 2994 53
2975 3003 186
2982 2983 189
3006 3043 1
3015 3058 19
3021 3034 279
3035 3048 104
3043 3047 164
3043 3081 20
3065 3103 108
3068 3090 292
3077 3112 299
3095 3105 132
3114 3140 228
3130 3145 204
3147 3154 174
3161 3206 57
3161 3198 280
3169 3213 154
3179 3190 82
3191 3200 144
3192 3211 152
3215 3217 143
3230 3259 124
3248 3259 250
3255 3269 87
3272 3296 91
3294 3343 175
3324 3328 198
3324 3335 153
3349 3398 52
3373 3402 169
3375 3416 171
3391 3434 81
3406 3456 139
3429 3467 13
3447 3453 165
3453 3472 291
3453 3457 19
3481 3528 68
3497 3518 143
3515 3553 297
3517 3549 277
3526 3544 208
3549 3564 205
3576 3599 279
3593 3624 23
3617 3660 36
3640 3661 130
3662 3680 5
3683 3693 191
3697 3742 297
3715 3761 198
3725 3764 80
3726 3729 16
3749 3756 294
3755 3758 17
3768 3781 276
3770 3802 164
3797 3847 67
3813 3863 208
3838 3873 208
3860 3862 235
3877 3883 191
3896 3901 39
3898 3904 288
3924 3928 103
3949 3962 240
3964 3984 54
3990 3996 20
4001 4049 117
4007 4020 259
4036 4052 16
4043 4088 247
4073 4092 240
4094 4116 139
4118 4167 180
4124 4131 66
4151 4164 36
4179 4210 149
4200 4225 172
4214 4256 6
4235 4271 9
4237 4285 81
4242 4285 91
4256 4298 112
4268 4280 267
4293 4330 198
4298 4332 152
4320 4339 33
4340 4378 7
4353 4355 135
4379 4425 275
4401 4435 77
4424 4460 210
4444 4491 217
4453 4454 64
4455 4460 97
4477 4492 201
4496 4515 236
4498 4539 278
4521 4555 8
4548 4579 137
4577 4588 243
4580 4608 204
4595 4622 262
4622 4666 195
4645 4648 275
4675 4680 89
4690 4701 170
4703 4705 14
4710 4714 71
4712 4713 48
4714 4744 39
4720 4758 224
4747 4772 274
4761 4806 258
4791 4821 58
4813 4841 250
4828 4835 23
4851 4891 80
4856 4867 239
4883 4909 97
4897 4934 247
4920 4948 53
4927 4946 110
4955 4967 169
4976 5019 280
5002 5023 150
5019 5033 209
5043 5080 107
5066 5069 249
5080 5115 39
5086 5129 226
5086 5117 32
5107 5128 55
5123 5151 64
5139 5159 267
5144 5190 294
5151 5162 100
5169 5189 225
5173 5216 78
5197 5219 295
5213 5236 57
5239 5271 149
5247 5297 38
5272 5284 256
5296 5326 204
5320 5370 129
5324 5371 201
5337 5349 276
5361 5365 233
5368 5371 248
5381 5417 213
5409 5447 133
5410 5436 243
5411 5451 36
5411 5453 151
5424 5428 163
5428 5462 252
5433 5436 287
5435 5440 275
5458 5505 258
5466 5478 240
5489 5492 53
5491 5519 220
5495 5530 110
5513 5556 56
5536 5582 277
5562 5582 200
5563 5569 186
5581 5617 147
5585 5602 5
5590 5632 186
5613 5653 266
5636 5655 250
5659 5666 194
5663 5709 217
5666 5716 43
5686 5690 254
5708 5758 162
5720 5760 147
5734 5746 145
5764 5788 240
5769 5782 125
5796 5815 204
5803 5841 190
5817 5825 293
5844 5873 299
5850 5865 287
5873 5887 218
5895 5915 112
5912 5919 295
5926 5955 285
5944 5979 40
5965 6015 10
5967 5970 41
5983 6024 179
5996 6014 85
6001 6021 146
6024 6030 37
6037 6061 123
6041 6062 17
6057 6094 274
6072 6122 291
6083 6084 216
6091 6123 250
6104 6122 52
6117 6137 187
6122 6132 104
6145 6167 243
6164 6167 300
6178 6194 91
6190 6213 276
6212 6215 294
6216 6251 234
6230 6235 222
