400
8 38 296
21 68 31
29 44 185
36 63 173
48 91 127
73 106 176
75 94 256
100 130 165
124 154 220
130 138 245
137 143 69
156 190 228
171 214 65
200 243 144
217 255 277
225 253 109
255 291 102
285 286 279
287 335 261
309 349 43
313 356 265
334 339 210
361 409 82
382 415 224
384 404 200
396 444 12
401 402 174
409 419 98
409 423 101
419 458 107
444 473 278
444 452 68
472 487 170
483 529 47
498 533 289
515 539 272
516 533 93
538 572 298
565 603 188
576 605 210
592 631 223
597 616 281
604 641 117
617 634 86
630 652 118
655 701 88
664 697 286
679 725 273
680 717 69
687 731 184
717 735 249
733 739 130
743 780 137
772 777 85
774 798 49
801 808 198
818 849 40
825 845 126
855 882 136
869 918 180
869 909 102
892 910 289
900 901 112
918 937 194
927 956 270
952 981 189
958 968 129
959 1009 195
976 980 162
988 1034 25
1008 1057 18
1018 1066 101
1033 1057 147
1058 1107 248
1060 1097 187
1082 1120 40
1084 1098 278
1097 1136 208
1119 1135 272
1142 1187 224
1156 1204 97
1182 1189 176
1193 1197 204
1211 1258 129
1215 1237 225
1245 1259 278
1254 1273 257
1280 1327 146
1302 1330 192
1322 1343 233
1350 1355 220
1365 1398 278
1375 1387 167
1378 1427 84
1392 1428 168
1405 1453 271
1422 1461 111
1426 1433 112
1456 1468 143
1466 1470 113
1475 1514 64
1476 1516 299
1506 1549 93
1511 1559 251
1541 1564 242
1571 1605 284
1571 1580 66
1583 1603 5
1592 1610 276
1620 1646 7
1640 1669 277
1648 1697 121
1672 1688 107
1688 1706 25
1696 1714 289
1702 1720 288
1731 1735 235
1750 1789 61
1755 1773 280
1756 1791 208
1763 1791 294
1778 1817 181
1798 1844 35
1811 1852 183
1817 1853 44
1841 1864 252
1845 1884 95
1870 1882 88
1873 1921 41
1889 1912 197
1901 1906 109
1918 1944 104
1944 1967 21
1965 1975 266
1979 2013 172
1994 2007 250
1994 2031 135
2018 2058 127
2035 2060 207
2036 2086 64
2062 2069 10
2065 2088 129
2095 2115 59
2097 2140 96
2098 2145 233
2122 2140 97
2140 2144 54
2154 2170 13
2162 2179 245
2172 2194 300
2194 2203 229
2204 2223 107
2225 2274 84
2228 2233 107
2239 2287 231
2240 2273 50
2249 2299 144
2270 2317 282
2286 2288 281
2292 2298 223
2297 2335 179
2318 2322 31
2339 2366 42
2352 2363 79
2358 2389 21
2373 2374 66
2375 2410 192
2393 2411 185
2415 2439 119
2441 2475 186
2461 2493 208
2491 2508 155
2513 2551 226
2533 2565 268
2549 2588 137
2553 2577 231
2563 2568 196
2571 2574 136
2601 2646 182
2608 2646 133
2629 2639 95
2644 2653 74
2645 2659 134
2668 2709 182
2674 2697 89
2695 2740 172
2696 2713 45
2725 2762 216
2729 2757 290
2756 2758 153
2765 2775 7
2772 2804 255
2777 2795 138
2783 2794 256
2791 2808 284
2796 2846 197
2805 2821 109
2822 2847 24
2832 2848 24
2851 2871 146
2876 2895 10
2893 2914 108
2903 2932 129
2932 2943 287
2934 2958 272
2946 2976 207
2964 2983 70
2964 2989 11
2991 3010 80
3003 3025 169
3006 3019 135
3025 3028 202
3029 3033 290
3034 3057 130
3056 3087 47
3067 3068 46
3075 3105 51
3099 3139 9
3115 3133 36
3135 3137 278
3163 3202 131
3176 3223 158
3196 3208 57
3214 3247 251
3238 3277 98
3262 3300 230
3267 3288 30
3279 3308 31
3292 3328 150
3321 3367 36
3333 3371 46
3354 3381 251
3383 3433 120
3410 3457 136
3426 3428 159
3447 3476 187
3452 3479 22
3467 3500 150
3485 3524 98
3486 3508 164
3505 3521 167
3518 3535 221
3518 3550 183
3548 3563 283
3572 3575 276
3590 3621 167
3618 3623 219
3625 3660 46
3628 3662 234
3653 3675 226
3673 3700 43
3677 3709 292
3707 3754 36
3712 3743 126
3735 3736 205
3763 3811 197
3792 3795 233
3803 3833 163
3827 3848 99
3852 3868 102
3858 3897 27
3883 3906 92
3898 3900 191
3922 3924 17
3950 3989 94
3951 3979 128
3959 3984 162
3970 4006 37
3981 4010 250
3994 3997 164
4007 4009 228
4026 4075 56
4037 4071 59
4044 4066 271
4061 4074 1
4067 4081 226
4069 4106 253
4073 4077 103
4080 4121 211
4096 4136 163
4102 4135 150
4127 4173 9
4129 4149 273
4155 4198 111
4160 4198 140
4182 4187 82
4194 4242 27
4222 4262 254
4230 4270 70
4238 4288 86
4247 4288 98
4266 4272 123
4294 4332 92
4311 4325 72
4317 4318 33
4341 4360 194
4357 4387 33
4357 4376 67
4381 4431 161
4403 4435 168
4421 4457 204
4443 4456 213
4468 4516 266
4487 4510 283
4507 4522 160
4535 4546 130
4553 4585 281
4565 4577 47
4565 4589 196
4576 4613 135
4588 4606 185
4610 4656 127
4623 4670 293
4644 4678 183
4664 4686 138
4664 4689 271
4694 4705 77
4724 4753 80
4743 4760 202
4764 4813 293
4784 4806 280
4791 4834 100
4793 4838 184
4798 4816 26
4817 4841 29
4820 4849 11
4821 4839 103
4826 4859 290
4837 4848 84
4861 4888 173
4869 4899 284
4871 4885 48
4874 4899 280
4875 4890 72
4896 4928 129
4916 4950 173
4938 4950 170
4960 4998 140
4988 5000 183
5018 5040 1
5024 5048 216
5054 5058 109
5057 5084 88
5063 5077 240
5072 5098 237
5075 5108 60
5103 5129 201
5103 5135 291
5132 5144 205
5132 5147 18
5145 5154 192
5175 5212 25
5192 5201 102
5221 5271 65
5223 5264 290
5246 5272 174
5272 5277 187
5276 5310 123
5285 5317 69
5309 5329 299
5314 5346 258
5322 5350 2
5328 5371 124
5355 5365 48
5355 5356 142
5365 5378 109
5391 5396 15
5395 5435 22
5405 5448 263
5432 5474 196
5458 5473 67
5472 5518 107
5479 5496 199
5481 5520 215
5483 5501 16
5485 5494 194
5494 5515 150
5500 5525 200
5523 5539 89
5551 5559 230
5578 5596 237
5595 5610 35
5608 5615 139
5635 5638 169
5654 5679 186
5676 5690 128
5701 5719 214
5726 5735 258
5749 5763 16
5773 5818 141
5773 5794 67
5787 5825 46
5796 5826 173
5805 5810 120
5831 5858 97
5856 5894 274
5878 5916 76
5881 5883 20
5885 5919 47
5892 5917 142
