400
25 59 66
37 64 44
50 78 95
60 74 137
78 81 96
82 87 179
109 155 214
126 153 210
147 184 15
176 192 259
202 229 164
227 231 270
243 260 44
252 283 144
253 272 39
277 295 14
284 294 256
313 318 274
321 350 234
332 338 233
342 376 177
347 364 49
364 389 73
393 436 237
406 423 262
419 420 133
446 476 266
449 489 175
452 479 209
456 492 83
463 496 42
482 523 264
491 513 174
508 553 284
531 537 242
540 541 239
555 581 277
566 567 120
596 600 211
618 662 283
618 647 195
647 692 66
650 695 14
670 686 65
686 687 179
704 726 211
720 761 52
745 790 88
775 821 99
786 815 92
803 805 294
806 840 43
825 846 203
840 883 44
862 884 299
869 889 63
876 878 296
888 905 22
909 948 168
937 963 147
965 993 223
993 1007 283
1021 1060 34
1023 1025 83
1034 1056 200
1044 1085 262
1063 1083 3
1067 1096 283
1071 1081 96
1073 1089 121
1100 1113 150
1103 1135 124
1112 1161 55
1123 1127 300
1137 1166 272
1145 1153 99
1146 1177 141
1146 1155 124
1167 1201 14
1176 1214 1
1197 1243 45
1219 1230 103
1242 1271 180
1253 1284 38
1273 1286 123
1284 1303 106
1290 1295 124
1292 1315 183
1322 1331 55
1344 1348 296
1363 1412 25
1392 1420 137
1392 1419 109
1407 1451 36
1427 1432 70
1449 1463 57
1457 1500 87
1477 1503 128
1496 1514 15
1519 1568 182
1526 1537 173
1532 1564 53
1532 1564 95
1555 1574 229
1561 1580 169
1578 1616 237
1601 1631 233
1623 1642 250
1643 1690 261
1657 1697 59
1659 1695 124
1681 1713 73
1684 1718 36
1713 1744 13
1728 1766 166
1730 1779 232
1758 1767 265
1782 1800 287
1786 1823 193
1786 1803 106
1791 1812 144
1812 1862 99
1831 1862 263
1840 1874 242
1846 1863 102
1852 1875 56
1858 1865 249
1878 1881 73
1881 1899 113
1908 1945 172
1908 1912 30
1925 1937 129
1927 1946 225
1935 1980 140
1965 1971 12
1988 1990 70
2010 2058 135
2034 2047 255
2052 2092 211
2069 2105 178
2087 2096 179
2113 2138 189
2141 2166 154
2161 2163 94
2181 2196 13
2191 2236 249
2217 2237 299
2239 2250 190
2259 2301 219
2264 2269 259
2275 2280 4
2289 2306 296
2289 2316 268
2296 2325 16
2314 2328 207
2334 2362 192
2358 2371 221
2363 2387 73
2392 2413 33
2395 2434 95
2398 2422 279
2410 2431 260
2417 2453 80
2432 2441 283
2439 2481 101
2459 2481 294
2465 2477 162
2478 2479 136
2501 2526 77
2524 2530 191
2548 2557 257
2558 2577 188
2581 2596 217
2600 2650 82
2616 2630 168
2634 2681 117
2649 2686 162
2667 2679 193
2689 2692 110
2691 2730 198
2702 2741 198
2724 2763 188
2754 2800 299
2778 2787 95
2789 2825 198
2800 2843 130
2822 2832 299
2838 2883 70
2865 2911 132
2875 2909 215
2882 2919 209
2900 2909 87
2911 2943 137
2916 2954 154
2946 2954 49
2965 2988 95
2995 2997 198
2995 3031 197
3010 3029 260
3014 3017 298
3027 3054 36
3054 3058 53
3060 3107 221
3061 3068 72
3072 3112 157
3098 3141 176
3116 3151 261
3143 3174 169
3159 3195 49
3166 3176 290
3183 3190 32
3213 3255 300
3224 3266 26
3247 3276 145
3261 3286 114
3276 3319 205
3282 3293 291
3306 3349 42
3316 3320 205
3341 3386 197
3345 3357 60
3358 3370 61
3358 3387 286
3364 3413 45
3364 3408 2
3374 3418 36
3387 3412 282
3413 3461 270
3441 3472 47
3448 3480 243
3463 3493 26
3470 3516 183
3478 3495 106
3484 3527 259
3501 3546 276
3513 3556 168
3518 3557 238
3536 3579 176
3542 3582 213
3547 3579 96
3566 3587 1
3583 3620 78
3584 3624 86
3601 3641 26
3624 3668 175
3648 3650 269
3666 3687 95
3677 3713 118
3701 3730 18
3719 3735 55
3721 3764 280
3726 3775 42
3753 3775 189
3755 3789 48
3758 3782 122
3778 3825 183
3789 3833 275
3800 3847 13
3806 3817 135
3835 3858 138
3835 3838 272
3860 3863 264
3863 3885 175
3873 3896 228
3878 3908 13
3886 3908 68
3901 3948 144
3921 3938 206
3921 3924 209
3945 3953 212
3957 3959 104
3980 3996 161
3984 3985 156
3988 4032 11
4004 4049 46
4005 4006 211
4030 4079 129
4038 4041 292
4067 4090 169
4097 4146 106
4112 4162 91
4115 4134 33
4120 4160 45
4124 4166 157
4140 4146 210
4150 4179 257
4165 4189 25
4188 4229 126
4196 4232 296
4222 4227 151
4225 4274 65
4254 4300 226
4278 4281 274
4286 4289 90
4292 4295 258
4313 4338 274
4335 4361 127
4343 4367 287
4343 4353 88
4357 4363 52
4386 4387 164
4404 4423 43
4413 4442 230
4422 4441 183
4428 4468 272
4455 4474 293
4480 4484 143
4482 4524 112
4482 4498 103
4485 4493 123
4506 4537 71
4535 4584 91
4547 4567 182
4552 4562 44
4580 4601 154
4603 4607 261
4612 4639 121
4638 4646 297
4645 4653 79
4660 4669 101
4687 4723 234
4695 4722 185
4724 4772 114
4749 4753 250
4776 4777 210
4794 4827 117
4817 4827 296
4843 4874 189
4868 4881 257
4888 4936 266
4900 4950 89
4914 4932 178
4944 4951 106
4949 4974 299
4969 4971 150
4995 5034 36
5004 5009 30
5013 5049 43
5039 5070 289
5058 5075 86
5062 5094 292
5076 5120 271
5095 5132 155
5122 5145 82
5141 5186 142
5167 5212 149
5172 5176 240
5177 5206 266
5181 5208 124
5188 5213 58
5212 5235 278
5232 5280 163
5232 5275 6
5253 5267 237
5271 5314 226
5271 5274 73
5275 5312 280
5295 5297 81
5318 5336 132
5347 5356 69
5377 5394 182
5391 5411 150
5421 5459 273
5443 5492 234
5473 5523 276
5486 5488 60
5510 5530 194
5520 5536 178
5537 5585 282
5539 5548 111
5561 5586 179
5583 5618 68
5609 5622 80
5626 5635 59
5652 5694 105
5660 5696 265
5681 5713 17
5704 5750 118
5722 5764 109
5747 5752 230
5765 5770 283
5770 5804 249
5788 5833 142
5790 5798 54
5792 5795 130
5820 5827 85
5825 5865 235
5853 5893 193
5875 5904 83
5885 5902 64
5887 5903 70
5915 5951 97
5925 5942 81
5934 5980 17
5938 5952 60
5948 5956 60
5974 5991 130
5977 5993 114
5985 6003 80
5994 6007 147
