400
29 48 106
53 70 2
71 77 275
74 116 26
78 119 1
102 131 213
120 143 13
137 149 182
154 193 280
175 220 55
178 222 2
188 227 46
202 242 39
228 269 250
255 275 210
283 315 262
293 300 78
300 329 268
312 315 93
331 354 259
339 377 250
362 389 174
390 440 229
412 422 209
434 484 106
457 461 293
460 492 233
486 516 118
494 532 102
502 529 45
530 555 254
552 597 236
563 598 25
571 597 13
576 594 74
594 640 183
613 625 6
616 664 250
638 643 169
665 699 297
682 701 49
708 723 47
722 759 177
751 798 33
768 791 176
788 812 170
802 833 287
811 828 197
836 840 22
855 889 110
870 884 184
892 909 91
908 956 31
920 928 146
920 936 21
945 956 254
948 995 221
956 962 59
980 986 214
990 1007 56
1011 1028 214
1031 1040 151
1047 1094 11
1062 1083 99
1063 1075 104
1068 1109 261
1081 1123 81
1085 1130 146
1100 1114 275
1105 1134 193
1107 1126 2
1120 1126 161
1131 1148 56
1161 1187 189
1165 1178 121
1186 1201 38
1198 1211 86
1227 1255 82
1243 1268 52
1243 1282 125
1254 1268 49
1263 1302 183
1278 1302 62
1297 1299 285
1312 1355 192
1329 1365 297
1352 1359 216
1369 1381 149
1376 1385 292
1388 1436 161
1405 1424 157
1430 1436 77
1440 1482 140
1461 1492 104
1486 1506 158
1492 1513 276
1518 1555 200
1544 1589 88
1565 1592 86
1578 1583 81
1584 1622 176
1600 1621 229
1603 1611 50
1612 1632 222
1622 1660 231
1644 1665 217
1645 1685 199
1664 1670 233
1671 1677 124
1690 1697 102
1704 1749 57
1724 1734 292
1729 1764 159
1731 1756 91
1754 1782 277
1759 1769 129
1768 1795 264
1778 1814 272
1782 1793 79
1803 1852 79
1831 1868 240
1854 1862 283
1870 1918 40
1876 1920 112
1878 1892 80
1886 1936 143
1901 1907 293
1930 1943 159
1941 1981 130
1971 1985 54
1999 2002 135
2004 2051 263
2029 2033 120
2053 2094 259
2062 2098 297
2062 2110 272
2084 2119 156
2103 2153 44
2124 2171 37
2128 2132 114
2129 2137 237
2135 2152 236
2160 2180 287
2175 2180 214
2193 2242 39
2218 2245 189
2228 2252 69
2240 2272 298
2240 2278 183
2270 2279 47
2290 2329 6
2312 2362 206
2334 2369 111
2353 2363 154
2364 2402 29
2381 2410 212
2406 2455 173
2420 2452 204
2421 2447 160
2427 2441 126
2431 2438 111
2458 2506 251
2461 2479 66
2487 2495 78
2514 2555 241
2534 2572 71
2550 2591 285
2567 2613 12
2570 2620 111
2587 2606 135
2612 2632 214
2628 2676 281
2632 2648 40
2644 2650 178
2653 2678 126
2661 2682 234
2668 2680 44
2690 2701 60
2718 2732 156
2728 2775 156
2736 2781 202
2745 2772 104
2765 2784 146
2782 2810 22
2807 2857 125
2825 2873 142
2826 2854 32
2847 2861 201
2864 2875 72
2876 2885 24
2892 2895 272
2910 2941 22
2931 2938 114
2942 2973 147
2961 2981 94
2964 2999 38
2988 3001 1
2988 3028 7
3002 3027 292
3020 3048 172
3043 3084 268
3071 3093 275
3099 3140 260
3116 3156 27
3143 3162 207
3143 3183 213
3169 3209 26
3177 3223 168
3202 3247 38
3228 3249 65
3242 3276 20
3246 3268 290
3254 3256 12
3271 3314 40
3290 3318 199
3298 3320 161
3322 3343 128
3344 3362 227
3352 3391 105
3380 3395 46
3402 3429 74
3415 3432 297
3426 3476 17
3428 3439 151
3451 3494 237
3465 3485 165
3465 3515 198
3474 3487 58
3488 3495 76
3513 3534 15
3532 3540 193
3536 3576 110
3537 3559 192
3567 3580 219
3572 3608 29
3575 3623 296
3593 3619 165
3607 3644 218
3629 3656 168
3648 3668 212
3664 3686 229
3687 3691 242
3704 3734 144
3723 3755 216
3752 3783 155
3755 3791 48
3768 3796 143
3783 3828 135
3787 3792 184
3796 3845 16
3799 3833 120
3812 3860 120
3814 3817 237
3844 3880 139
3849 3889 108
3860 3863 247
3885 3919 103
3914 3936 235
3933 3960 115
3950 3973 204
3961 4000 242
3970 3994 143
3988 4008 24
4000 4018 161
4008 4032 47
4034 4065 42
4055 4085 94
4082 4105 182
4086 4090 190
4091 4119 85
4098 4138 107
4101 4118 278
4120 4147 119
4133 4156 231
4152 4187 151
4179 4213 232
4190 4197 33
4195 4224 221
4197 4237 186
4227 4246 104
4256 4286 14
4266 4286 198
4295 4318 289
4311 4338 274
4317 4336 73
4328 4376 85
4344 4378 224
4353 4381 159
4355 4390 78
4382 4394 256
4384 4390 115
4409 4423 81
4431 4480 63
4434 4470 170
4458 4482 274
4485 4517 228
4508 4519 269
4522 4557 134
4546 4553 278
4567 4608 22
4587 4637 149
4591 4607 291
4612 4613 209
4642 4679 237
4655 4680 150
4679 4719 46
4690 4733 31
4702 4727 199
4709 4725 35
4711 4744 100
4718 4734 238
4740 4748 238
4742 4792 58
4763 4797 175
4793 4822 229
4816 4836 91
4840 4865 81
4855 4872 94
4870 4877 227
4874 4897 114
4883 4922 215
4893 4942 165
4900 4927 17
4927 4938 118
4949 4986 234
4949 4973 110
4955 4980 22
4959 5009 237
4979 4988 199
5007 5017 143
5012 5051 159
5036 5050 183
5046 5070 239
5066 5103 59
5084 5095 256
5093 5094 90
5107 5132 272
5122 5150 48
5132 5174 293
5137 5175 52
5142 5149 220
5148 5151 198
5157 5189 184
5161 5181 65
5166 5201 223
5182 5189 230
5197 5208 190
5214 5247 294
5226 5247 171
5244 5255 300
5249 5278 13
5262 5310 198
5280 5327 12
5290 5325 31
5319 5351 158
5322 5363 129
5335 5345 237
5359 5391 283
5381 5427 130
5400 5402 230
5413 5446 204
5421 5471 235
5444 5482 194
5464 5508 9
5474 5476 227
5502 5534 47
5517 5527 12
5546 5559 206
5574 5584 23
5593 5615 82
5614 5652 270
5635 5644 182
5636 5659 273
5637 5683 24
5646 5676 74
5673 5709 113
5676 5708 216
5683 5706 251
5686 5730 48
5688 5720 178
5697 5743 190
5713 5756 196
5734 5743 5
5745 5755 215
5765 5808 155
5772 5807 76
5773 5809 226
5777 5786 88
5780 5784 77
5808 5821 181
5815 5864 179
5820 5834 59
5834 5835 261
5854 5899 227
5880 5916 286
5883 5933 292
5893 5897 119
5903 5915 197
5923 5943 196
5946 5992 250
