400
15 49 243
40 73 185
43 59 246
64 103 159
74 99 158
77 94 60
101 103 266
123 147 100
151 167 252
180 194 182
200 228 241
227 259 74
232 255 177
232 265 272
256 305 280
271 298 20
296 328 14
326 359 190
348 363 289
367 374 178
396 445 26
396 437 63
404 450 33
417 439 215
446 461 63
446 449 174
450 500 265
461 511 98
479 500 300
503 520 223
510 551 229
530 544 258
552 557 29
575 584 118
588 592 16
600 612 116
607 626 278
611 658 247
631 657 71
651 700 238
673 683 50
683 686 187
696 713 124
714 752 196
732 780 108
736 774 261
739 772 229
744 780 257
774 810 252
798 838 169
798 813 298
803 819 7
816 819 102
826 839 86
826 875 2
840 849 133
847 874 155
871 913 153
876 923 160
906 918 107
928 953 177
936 946 86
948 990 77
955 1005 82
977 1020 126
1004 1020 236
1024 1026 277
1025 1051 47
1033 1054 299
1044 1093 152
1061 1062 95
1089 1109 50
1101 1110 193
1105 1110 120
1111 1118 76
1121 1152 273
1129 1138 171
1143 1193 262
1144 1146 14
1157 1193 83
1167 1198 32
1197 1226 69
1226 1228 104
1242 1245 204
1258 1292 115
1275 1291 76
1286 1336 299
1304 1320 12
1315 1357 29
1335 1356 248
1356 1401 7
1359 1360 256
1381 1410 109
1399 1414 250
1418 1426 28
1432 1452 39
1459 1475 292
1476 1501 168
1491 1514 144
1509 1538 180
1537 1549 248
1564 1570 279
1591 1622 180
1606 1615 32
1618 1655 93
1634 1661 212
1648 1683 236
1668 1706 129
1686 1712 13
1700 1740 87
1716 1757 199
1720 1723 32
1721 1737 104
1736 1781 236
1745 1780 29
1765 1806 73
1786 1816 135
1797 1800 155
1826 1853 167
1835 1836 124
1861 1883 12
1887 1892 164
1901 1950 270
1912 1925 205
1933 1972 269
1945 1950 26
1946 1962 23
1975 1989 74
2001 2007 147
2028 2042 19
2047 2080 196
2076 2112 33
2091 2093 280
2104 2131 177
2109 2134 44
2118 2151 247
2141 2166 212
2142 2180 24
2152 2174 164
2166 2210 118
2184 2208 89
2201 2245 163
2215 2230 254
2239 2263 33
2266 2301 6
2284 2285 138
2305 2331 101
2334 2384 239
2351 2367 86
2380 2424 73
2403 2406 151
2416 2446 51
2437 2460 74
2440 2453 75
2455 2457 185
2462 2467 92
2468 2516 198
2494 2502 104
2517 2551 103
2521 2534 220
2523 2572 110
2536 2572 69
2564 2565 104
2590 2627 67
2593 2640 58
2619 2624 223
2642 2669 298
2665 2713 156
2686 2691 133
2697 2714 150
2722 2763 141
2737 2756 129
2762 2790 212
2763 2805 166
2783 2825 184
2799 2811 52
2816 2856 218
2828 2866 106
2851 2876 281
2867 2894 228
2894 2912 149
2901 2948 253
2901 2910 7
2931 2960 150
2950 2968 134
2971 3016 140
2978 2985 121
3004 3037 261
3015 3037 110
3044 3053 222
3058 3096 135
3067 3109 153
3088 3123 149
3097 3133 241
3104 3143 29
3129 3158 170
3145 3177 135
3169 3200 6
3178 3191 165
3207 3251 183
3236 3265 42
3244 3289 91
3247 3256 133
3250 3298 26
3263 3304 199
3284 3304 83
3314 3321 132
3333 3357 269
3336 3347 201
3344 3356 250
3356 3383 61
3368 3380 138
3369 3419 166
3372 3386 3
3383 3427 30
3394 3424 66
3420 3423 244
3441 3447 129
3469 3498 38
3488 3529 220
3488 3517 206
3494 3541 262
3517 3539 7
3544 3562 251
3546 3570 126
3567 3581 11
3574 3619 256
3583 3586 228
3612 3641 58
3617 3662 165
3646 3685 280
3652 3698 41
3658 3659 92
3683 3699 176
3707 3731 102
3737 3759 59
3761 3783 206
3764 3812 109
3791 3795 208
3820 3856 53
3827 3850 156
3845 3867 235
3864 3877 182
3864 3897 232
3893 3905 157
3897 3932 124
3926 3941 130
3932 3947 133
3939 3961 295
3944 3974 157
3964 3975 215
3978 3985 4
4003 4010 231
4013 4055 42
4029 4040 78
4057 4076 223
4059 4077 130
4068 4091 133
4072 4095 52
4087 4089 54
4093 4108 105
4105 4114 106
4114 4140 133
4126 4153 24
4138 4156 258
4143 4167 12
4164 4181 300
4188 4216 179
4202 4224 173
4208 4223 120
4232 4269 144
4261 4273 50
4269 4319 183
4282 4286 71
4298 4299 289
4299 4337 237
4300 4349 9
4329 4338 295
4349 4377 171
4375 4420 33
4396 4428 98
4416 4452 76
4428 4450 57
4454 4460 235
4470 4491 137
4495 4503 207
4503 4538 289
4527 4570 144
4549 4567 174
4551 4573 298
4569 4571 64
4595 4616 141
4607 4611 202
4617 4640 292
4643 4668 200
4666 4714 19
4675 4697 144
4676 4717 206
4683 4728 158
4695 4745 121
4720 4745 37
4748 4769 65
4765 4802 147
4783 4808 99
4805 4837 175
4810 4811 62
4814 4837 260
4825 4833 75
4836 4861 219
4845 4852 184
4873 4920 184
4897 4920 267
4927 4959 35
4951 4983 112
4952 4968 180
4979 4994 68
4979 4983 42
5007 5043 23
5030 5058 235
5031 5052 76
5053 5065 82
5075 5113 238
5077 5103 210
5092 5131 6
5107 5114 239
5121 5127 35
5137 5173 96
5159 5175 9
5187 5204 100
5188 5231 52
5208 5230 78
5222 5266 29
5238 5283 232
5263 5298 62
5289 5338 74
5289 5301 184
5312 5324 225
5334 5347 229
5356 5404 135
5384 5418 17
5387 5412 246
5413 5452 152
5435 5479 6
5442 5451 262
5453 5480 267
5464 5513 263
5488 5519 139
5517 5519 268
5543 5586 293
5559 5566 261
5576 5598 223
5586 5596 30
5606 5609 41
5632 5660 188
5640 5687 285
5656 5666 104
5663 5700 22
5678 5726 263
5680 5701 213
5692 5717 119
5694 5739 167
5718 5729 270
5741 5742 137
5763 5784 98
5763 5799 82
5791 5801 130
5816 5824 229
5822 5854 119
5825 5875 187
5827 5853 14
5855 5901 265
5855 5857 101
5867 5899 149
5878 5911 297
5889 5892 68
5906 5956 230
5911 5940 274
5920 5933 178
5930 5962 33
5931 5980 282
5942 5956 92
5958 6003 233
5980 6003 288
6006 6055 251
6023 6067 245
6027 6049 167
6048 6082 162
6071 6113 233
6091 6128 48
6103 6149 17
6111 6156 245
6113 6153 82
6141 6187 151
6145 6192 120
6149 6161 116
6177 6195 80
6205 6237 170
6205 6237 96
6209 6218 129
6223 6264 194
