400
9 42 154
17 23 13
27 34 276
56 88 44
66 67 286
86 112 166
89 113 192
106 155 65
131 181 278
136 149 201
139 176 159
141 171 82
141 147 181
167 201 171
173 205 87
173 206 94
193 237 276
207 227 192
216 251 26
223 236 109
248 261 258
270 295 35
290 331 88
291 302 149
319 332 64
329 360 124
346 349 156
361 382 59
378 428 51
402 406 261
407 434 265
407 416 88
431 476 196
447 453 144
454 492 25
484 486 57
503 547 59
518 568 86
524 564 17
526 540 125
544 587 21
545 593 129
574 584 174
585 596 77
591 613 42
611 654 235
631 680 144
640 648 224
667 712 145
674 677 173
701 721 28
717 730 137
735 739 294
752 755 270
776 811 34
784 830 292
801 810 101
805 825 260
820 828 219
826 848 154
842 874 283
863 879 180
882 884 204
883 912 88
910 911 231
937 968 41
963 977 39
988 996 269
991 1007 215
1015 1030 212
1021 1022 285
1041 1069 38
1051 1064 27
1081 1100 254
1083 1107 298
1092 1141 258
1104 1141 70
1134 1150 280
1135 1140 48
1158 1172 20
1182 1216 220
1207 1240 278
1212 1256 185
1242 1260 89
1242 1256 44
1264 1308 204
1291 1309 291
1303 1346 253
1312 1314 119
1320 1366 190
1335 1344 59
1354 1360 159
1377 1412 20
1396 1416 286
1396 1431 237
1421 1422 214
1435 1451 244
1455 1463 72
1471 1488 74
1475 1492 162
1496 1510 179
1510 1555 158
1533 1554 285
1544 1588 83
1546 1571 138
1566 1574 25
1570 1578 44
1575 1585 277
1601 1650 201
1624 1664 14
1645 1672 250
1667 1698 28
1669 1671 17
1690 1727 84
1709 1758 14
1738 1756 51
1743 1773 57
1743 1754 252
1744 1775 220
1771 1785 52
1799 1825 235
1816 1846 153
1824 1826 43
1829 1864 271
1834 1875 10
1844 1891 109
1866 1903 284
1893 1910 217
1893 1918 15
1915 1960 3
1919 1964 257
1925 1949 26
1952 1957 96
1955 1973 97
1975 2013 134
1985 2026 46
2001 2023 26
2026 2062 190
2032 2040 20
2041 2047 280
2051 2093 242
2069 2071 137
2098 2122 108
2113 2142 78
2113 2125 109
2129 2142 242
2153 2179 14
2178 2187 46
2182 2192 136
2198 2224 18
2209 2214 63
2222 2252 26
2242 2281 90
2245 2271 43
2273 2315 67
2274 2287 233
2292 2322 17
2299 2323 149
2300 2325 118
2307 2329 212
2318 2326 201
2347 2381 81
2365 2386 270
2377 2410 201
2406 2431 257
2424 2426 220
2437 2448 198
2445 2446 126
2457 2488 104
2472 2509 166
2477 2508 94
2504 2549 167
2510 2531 143
2534 2535 84
2558 2570 27
2571 2591 23
2571 2605 35
2582 2593 32
2596 2621 268
2608 2652 167
2618 2644 239
2645 2695 89
2645 2676 259
2654 2699 47
2671 2705 229
2686 2730 95
2699 2727 65
2714 2727 272
2725 2761 218
2736 2753 29
2762 2790 223
2785 2808 8
2795 2821 99
2822 2847 104
2840 2889 106
2865 2911 289
2867 2894 297
2874 2883 147
2887 2888 110
2915 2918 282
2941 2942 90
2956 2959 78
2978 3014 62
2985 3030 185
3007 3047 196
3013 3023 152
3017 3050 48
3043 3060 17
3069 3104 1
3074 3085 17
3093 3115 195
3096 3138 219
3102 3122 295
3130 3180 200
3144 3146 159
3163 3168 151
3165 3192 40
3186 3215 156
3201 3216 276
3214 3220 223
3233 3260 129
3247 3285 279
3259 3289 250
3276 3280 207
3277 3313 250
3305 3351 109
3318 3354 14
3319 3336 21
3327 3356 52
3353 3399 75
3371 3409 74
3386 3387 70
3399 3449 69
3409 3437 184
3414 3440 114
3438 3449 181
3442 3472 290
3460 3482 259
3466 3482 274
3477 3515 114
3485 3526 108
3486 3513 79
3508 3535 61
3523 3558 228
3528 3531 253
3547 3566 49
3577 3616 119
3593 3625 2
3595 3632 43
3613 3652 125
3623 3627 157
3649 3679 182
3654 3674 59
3671 3699 118
3698 3744 245
3717 3730 4
3723 3737 272
3750 3800 143
3771 3783 136
3784 3815 74
3786 3827 238
3806 3838 100
3815 3840 135
3821 3867 173
3825 3831 67
3844 3880 97
3860 3891 234
3883 3925 266
3912 3939 179
3913 3939 188
3932 3969 261
3945 3977 110
3960 3999 45
3977 4007 261
3991 3994 38
4017 4031 68
4023 4031 263
4038 4068 64
4048 4090 39
4049 4073 156
4059 4076 148
4080 4110 91
4109 4153 267
4134 4136 159
4151 4184 110
4155 4168 203
4164 4198 59
4175 4203 119
4185 4219 3
4208 4223 180
4220 4257 178
4240 4258 35
4264 4300 176
4280 4329 184
4306 4307 252
4310 4351 263
4336 4370 164
4352 4399 28
4357 4386 2
4374 4407 63
4394 4423 285
4405 4427 291
4413 4437 77
4418 4444 38
4432 4475 286
4455 4503 278
4480 4512 299
4482 4491 172
4487 4505 47
4490 4518 279
4514 4517 184
4527 4535 188
4538 4545 82
4547 4573 183
4562 4576 6
4575 4622 23
4585 4595 144
4606 4646 93
4627 4655 142
4638 4651 228
4662 4699 19
4663 4675 172
4678 4724 107
4702 4704 130
4721 4749 3
4732 4771 185
4739 4751 272
4765 4811 284
4795 4828 277
4805 4823 227
4834 4836 106
4835 4867 65
4851 4889 65
4860 4863 221
4873 4888 248
4873 4920 85
4879 4917 86
4903 4931 18
4905 4926 221
4933 4937 277
4956 4980 84
4985 5014 162
5010 5018 148
5033 5059 139
5036 5046 40
5057 5091 243
5087 5110 67
5116 5117 16
5145 5156 113
5168 5214 153
5176 5198 22
5176 5203 155
5186 5236 131
5189 5208 40
5208 5216 162
5228 5238 282
5236 5268 100
5245 5252 207
5253 5286 77
5268 5279 30
5269 5314 108
5287 5298 102
5300 5314 75
5310 5340 17
5338 5349 79
5359 5392 163
5372 5400 118
5401 5409 143
5402 5407 217
5416 5420 1
5436 5446 121
5445 5470 100
5453 5460 226
5476 5492 96
5477 5506 86
5493 5514 285
5521 5563 230
5536 5539 103
5554 5587 227
5576 5619 132
5582 5628 171
5588 5632 77
5608 5622 107
5624 5627 298
5628 5635 98
5635 5655 275
5651 5665 272
5679 5691 16
5708 5725 128
5714 5749 59
5718 5757 76
5731 5744 174
5753 5776 180
5755 5779 127
5769 5801 7
5787 5788 169
5807 5835 91
5807 5818 181
5811 5815 172
5834 5864 142
