400
23 50 177
33 51 147
37 84 252
66 110 240
77 109 74
105 139 278
120 167 72
145 175 205
157 169 300
184 229 49
192 223 287
201 243 295
210 225 235
231 268 27
244 285 210
254 293 196
262 290 22
269 306 164
298 333 263
319 347 230
349 381 10
358 395 73
365 412 137
384 418 179
396 427 228
423 471 228
436 480 235
464 510 51
473 514 9
491 496 224
498 548 89
512 527 131
538 571 209
543 588 284
562 576 58
579 617 99
581 587 281
592 627 248
601 609 176
604 651 253
619 660 7
629 634 84
653 666 25
665 691 276
676 707 222
702 741 252
720 757 151
725 732 173
741 774 68
767 815 237
775 780 2
795 812 291
807 811 41
826 876 291
826 874 2
838 858 36
852 900 192
873 896 54
883 900 216
886 913 266
915 918 278
937 948 75
938 958 179
965 1005 162
980 1018 29
1004 1049 182
1017 1066 227
1041 1059 276
1068 1080 252
1075 1091 136
1088 1102 147
1100 1136 227
1124 1143 175
1130 1147 248
1132 1169 108
1134 1142 218
1150 1196 131
1179 1200 231
1203 1222 75
1225 1243 85
1226 1273 20
1235 1261 202
1250 1275 251
1258 1295 193
1263 1306 265
1285 1318 269
1314 1315 209
1339 1379 213
1358 1372 165
1361 1393 61
1391 1424 83
1405 1413 80
1414 1434 166
1433 1445 197
1454 1476 41
1466 1485 221
1472 1500 74
1490 1515 84
1491 1521 249
1500 1541 44
1522 1562 294
1541 1588 8
1543 1570 131
1552 1570 81
1581 1605 140
1611 1653 204
1629 1643 29
1631 1644 282
1641 1664 206
1668 1684 147
1676 1682 61
1692 1720 102
1693 1707 43
1715 1716 222
1723 1768 48
1727 1732 274
1740 1782 176
1752 1789 181
1781 1787 215
1788 1821 292
1818 1834 236
1828 1837 262
1847 1870 71
1862 1892 80
1872 1889 249
1874 1913 205
1897 1904 176
1904 1937 232
1920 1940 269
1937 1969 258
1966 2007 8
1984 1995 166
2012 2044 78
2034 2063 47
2048 2089 199
2048 2063 282
2053 2090 106
2060 2081 128
2082 2106 219
2102 2143 244
2104 2149 175
2115 2134 60
2123 2167 4
2128 2169 176
2158 2173 106
2161 2170 56
2176 2209 269
2197 2239 173
2211 2240 81
2230 2238 269
2251 2279 289
2265 2314 185
2290 2315 49
2303 2334 146
2314 2339 253
2333 2378 213
2346 2391 251
2359 2384 104
2362 2383 262
2372 2418 29
2398 2437 152
2417 2458 147
2426 2439 277
2453 2470 89
2471 2480 59
2490 2522 158
2520 2530 252
2537 2580 153
2546 2566 226
2570 2582 110
2582 2623 40
2609 2622 35
2639 2683 107
2650 2685 192
2661 2669 105
2666 2677 127
2679 2709 270
2688 2703 256
2706 2721 292
2732 2779 21
2746 2755 227
2758 2797 24
2768 2803 27
2785 2797 60
2815 2834 199
2834 2844 122
2848 2849 186
2871 2886 68
2881 2889 294
2883 2900 263
2912 2938 141
2932 2962 81
2961 2985 32
2972 3013 233
2995 3015 75
3017 3026 266
3036 3047 140
3037 3077 287
3059 3091 123
3079 3096 152
3093 3136 101
3098 3123 280
3102 3119 34
3119 3157 177
3135 3143 42
3136 3171 114
3148 3187 192
3153 3178 103
3180 3198 2
3198 3234 289
3228 3243 297
3248 3295 17
3274 3297 236
3278 3293 183
3307 3311 72
3308 3338 185
3328 3358 178
3350 3352 202
3358 3380 76
3362 3391 293
3371 3410 180
3374 3421 99
3383 3401 288
3393 3436 104
3397 3430 102
3407 3425 232
3430 3433 227
3448 3498 30
3459 3492 82
3488 3518 251
3499 3545 157
3507 3509 241
3525 3558 14
3528 3550 223
3558 3599 52
3570 3573 134
3592 3631 192
3615 3643 159
3631 3632 75
3651 3694 52
3658 3663 256
3688 3716 259
3690 3718 254
3716 3760 30
3742 3786 10
3743 3783 160
3744 3750 67
3746 3776 237
3759 3774 202
3764 3811 231
3784 3826 111
3794 3844 282
3801 3820 109
3817 3859 177
3834 3870 33
3841 3853 7
3863 3875 69
3887 3923 297
3895 3933 10
3917 3939 283
3922 3943 227
3923 3972 265
3938 3939 113
3947 3968 277
3950 3974 56
3979 4013 73
3989 4022 60
4014 4055 289
4031 4059 118
4039 4044 134
4068 4078 27
4081 4092 280
4099 4136 268
4111 4134 222
4112 4124 227
4119 4132 39
4145 4146 240
4153 4162 136
4174 4198 196
4175 4222 255
4177 4224 78
4194 4238 200
4201 4206 125
4201 4241 127
4221 4254 190
4230 4259 213
4258 4263 121
4264 4300 101
4269 4281 58
4279 4304 81
4293 4300 48
4318 4339 1
4326 4350 185
4352 4369 90
4373 4420 216
4384 4398 117
4410 4423 81
4423 4468 279
4427 4434 215
4427 4471 286
4439 4441 242
4452 4498 190
4456 4476 143
4458 4469 206
4484 4528 260
4489 4515 256
4508 4532 272
4520 4531 201
4531 4545 58
4532 4547 198
4534 4558 189
4535 4539 180
4560 4580 270
4579 4623 150
4589 4639 251
4589 4608 72
4611 4653 29
4615 4662 101
4639 4643 19
4661 4669 65
4669 4701 285
4678 4708 70
4695 4709 277
4716 4724 60
4724 4773 272
4729 4758 37
4745 4785 194
4766 4814 38
4791 4833 226
4809 4858 264
4815 4827 79
4816 4837 89
4838 4847 158
4858 4893 290
4879 4891 255
4903 4926 160
4915 4946 78
4932 4961 249
4942 4985 35
4942 4959 271
4946 4958 157
4953 4984 201
4981 5013 204
4994 5029 19
4996 4998 48
4996 5021 29
5010 5017 93
5032 5082 88
5048 5080 100
5054 5059 91
5080 5112 284
5087 5123 236
5099 5139 144
5121 5151 51
5132 5155 280
5141 5142 12
5148 5164 124
5149 5150 152
5151 5178 29
5172 5186 131
5178 5221 194
5193 5212 131
5209 5239 148
5220 5250 158
5250 5273 141
5272 5315 291
5291 5303 272
5312 5320 79
5313 5344 285
5325 5374 76
5350 5374 226
5356 5396 298
5365 5413 133
5368 5381 133
5382 5423 113
5400 5409 46
5425 5459 290
5429 5472 52
5433 5452 163
5434 5441 211
5462 5511 262
5478 5504 137
5498 5527 122
5510 5539 207
5528 5563 274
5547 5578 175
5567 5590 82
5578 5611 240
5578 5592 60
5602 5651 19
5604 5645 72
5608 5616 27
5612 5625 97
5613 5631 69
5643 5650 133
5646 5690 150
5655 5689 202
5666 5678 205
5688 5702 35
5709 5738 33
