400
17 34 160
44 74 243
70 103 150
84 114 186
100 117 212
116 129 275
132 153 123
134 158 166
163 183 34
179 214 283
193 198 267
207 239 70
227 246 210
255 256 107
285 288 47
287 336 170
292 296 274
302 349 243
309 318 200
317 335 178
319 367 102
326 373 104
340 365 4
356 377 70
377 414 13
399 429 282
419 449 167
419 426 24
437 461 255
455 462 179
468 512 210
474 481 255
487 494 135
509 547 287
517 527 273
520 533 5
544 559 125
546 551 55
570 604 92
579 603 97
592 623 298
616 631 226
641 671 57
667 696 83
683 711 250
687 695 174
717 764 202
720 768 116
742 761 24
761 806 156
779 785 7
803 846 100
832 875 266
844 850 96
845 846 36
864 892 274
891 901 29
914 927 295
928 954 69
940 990 195
962 995 65
982 998 103
1005 1039 137
1020 1039 258
1026 1070 55
1034 1045 24
1059 1069 177
1085 1088 120
1092 1124 141
1120 1150 187
1148 1173 257
1171 1191 25
1197 1206 285
1217 1245 180
1224 1274 234
1231 1249 42
1248 1263 17
1251 1289 103
1264 1281 189
1285 1289 55
1304 1324 218
1313 1331 36
1322 1352 273
1338 1377 163
1341 1342 141
1356 1367 207
1367 1371 190
1381 1405 264
1395 1404 196
1423 1456 293
1439 1465 50
1447 1480 299
1460 1502 265
1462 1496 201
1466 1493 86
1479 1505 164
1506 1544 119
1510 1538 297
1521 1544 128
1538 1572 112
1539 1552 234
1557 1575 52
1574 1584 121
1604 1619 19
1611 1649 160
1625 1642 117
1635 1652 144
1663 1697 234
1687 1714 245
1687 1729 3
1703 1721 149
1728 1751 48
1734 1755 209
1741 1749 225
1765 1787 92
1774 1811 186
1789 1799 179
1800 1830 207
1825 1869 39
1847 1893 119
1866 1905 181
1880 1896 208
1887 1928 83
1893 1921 158
1893 1933 229
1912 1948 59
1934 1982 81
1962 1973 262
1982 2005 177
2002 2049 47
2005 2019 208
2021 2042 175
2031 2046 68
2043 2067 230
2061 2075 125
2081 2112 297
2083 2119 217
2091 2106 12
2117 2137 266
2126 2150 38
2151 2196 239
2165 2183 238
2171 2220 209
2182 2206 103
2197 2224 287
2198 2238 174
2219 2236 30
2246 2250 62
2250 2255 35
2270 2312 123
2292 2325 124
2294 2314 217
2308 2310 97
2325 2327 19
2338 2339 288
2340 2386 250
2346 2365 156
2367 2368 29
2369 2410 74
2395 2422 104
2395 2444 87
2421 2422 71
2433 2437 48
2442 2454 90
2453 2475 289
2453 2464 239
2479 2503 232
2503 2536 8
2522 2526 13
2551 2575 156
2558 2587 95
2560 2574 225
2584 2621 124
2596 2607 87
2614 2634 82
2624 2654 203
2633 2635 215
2652 2700 213
2653 2701 297
2676 2682 214
2679 2692 81
2690 2699 112
2695 2734 200
2720 2732 50
2750 2772 85
2755 2759 292
2775 2818 229
2784 2788 88
2801 2832 181
2823 2868 98
2829 2863 118
2849 2897 85
2877 2879 209
2906 2934 117
2936 2977 78
2964 3013 74
2992 3042 133
3000 3034 218
3023 3047 13
3039 3079 236
3050 3068 255
3080 3126 216
3097 3112 214
3103 3110 259
3111 3159 101
3115 3158 101
3119 3138 122
3139 3172 103
3159 3187 220
3175 3182 221
3176 3213 289
3189 3194 4
3211 3256 16
3218 3247 58
3224 3246 242
3237 3258 282
3247 3293 244
3273 3311 168
3277 3302 300
3305 3352 180
3317 3333 199
3327 3341 224
3348 3393 132
3360 3373 258
3376 3393 207
3393 3404 237
3398 3410 58
3428 3464 211
3452 3462 55
3465 3482 86
3476 3497 113
3487 3490 169
3513 3520 252
3523 3554 174
3545 3568 119
3566 3602 47
3574 3621 234
3590 3619 203
3615 3658 40
3629 3673 205
3638 3688 175
3654 3663 96
3683 3718 145
3684 3708 287
3713 3758 97
3737 3787 179
3761 3797 172
3785 3789 260
3813 3853 101
3826 3846 296
3833 3863 106
3851 3871 178
3871 3914 79
3887 3895 206
3905 3933 255
3929 3947 126
3945 3952 159
3972 4009 187
3994 4013 47
4008 4033 112
4031 4035 11
4033 4068 162
4033 4037 298
4040 4045 165
4049 4083 256
4054 4078 135
4069 4099 147
4094 4097 239
4119 4127 288
4121 4143 248
4125 4157 6
4155 4200 184
4155 4190 148
4157 4191 27
4172 4211 24
4200 4204 285
4215 4227 41
4236 4270 46
4246 4267 257
4258 4296 121
4273 4317 250
4292 4313 121
4319 4366 83
4342 4357 170
4371 4390 219
4388 4428 27
4403 4433 230
4423 4437 161
4423 4426 188
4434 4458 200
4445 4487 1
4468 4490 202
4489 4492 42
4515 4543 23
4543 4574 289
4563 4589 185
4579 4608 41
4583 4604 70
4585 4596 151
4594 4627 4
4595 4625 129
4624 4650 6
4648 4683 218
4676 4706 176
4705 4712 15
4729 4743 138
4750 4795 77
4766 4785 280
4767 4782 101
4787 4828 283
4807 4821 89
4824 4850 32
4846 4883 292
4857 4904 93
4864 4880 284
4869 4902 219
4871 4915 78
4872 4916 38
4878 4918 152
4885 4890 42
4907 4942 189
4920 4957 227
4928 4959 248
4936 4948 188
4939 4942 231
4941 4964 85
4966 4980 110
4970 4971 177
4984 5009 230
5011 5030 194
5033 5042 274
5038 5044 234
5047 5079 253
5060 5081 80
5065 5091 98
5072 5099 15
5082 5083 210
5086 5094 205
5091 5109 23
5099 5121 258
5109 5136 211
5129 5143 90
5147 5177 153
5164 5172 73
5180 5189 266
5203 5233 204
5209 5253 31
5233 5263 110
5259 5264 106
5263 5299 289
5290 5310 214
5292 5303 300
5312 5359 188
5339 5371 291
5349 5390 137
5355 5384 147
5367 5413 156
5376 5417 67
5403 5444 283
5407 5440 174
5409 5448 3
5428 5461 204
5451 5470 149
5464 5511 274
5474 5517 294
5475 5506 138
5503 5510 157
5520 5542 271
5524 5552 142
5547 5559 139
5547 5581 45
5559 5604 159
5574 5621 60
5592 5611 141
5610 5645 214
5626 5658 54
5651 5652 49
5672 5709 203
5691 5728 222
5721 5740 166
5745 5758 74
5753 5802 289
5776 5779 118
5784 5832 37
5787 5821 299
5806 5826 169
5812 5818 173
5821 5866 230
5839 5851 79
5854 5871 24
5879 5892 240
5901 5907 273
5906 5929 83
5917 5947 288
5919 5932 157
5924 5959 196
5948 5985 134
5966 5970 55
5995 6041 239
5997 5999 114
