400
1 51 259
13 45 198
20 24 131
38 73 111
68 100 154
87 94 264
98 143 281
117 137 164
129 162 284
137 179 25
144 162 28
159 190 160
172 201 161
195 214 42
214 234 294
234 241 222
264 309 241
294 311 24
299 348 45
308 336 259
330 358 82
360 375 173
380 415 104
395 433 91
418 439 25
445 463 191
472 517 39
494 539 228
496 501 270
526 565 134
536 584 271
540 584 261
540 570 162
556 557 23
577 624 184
598 639 19
604 635 110
619 635 274
633 658 155
633 655 13
648 650 64
656 681 241
671 675 115
680 681 244
703 742 189
712 719 253
739 769 210
762 786 60
782 822 211
811 855 223
841 876 282
856 866 293
867 886 49
892 901 224
901 937 272
929 965 288
939 958 75
966 1006 182
985 988 85
1001 1008 199
1027 1059 79
1040 1073 107
1051 1089 62
1080 1102 34
1088 1101 295
1117 1165 1
1118 1136 244
1120 1148 207
1126 1127 230
1128 1149 52
1147 1168 137
1159 1205 166
1182 1230 30
1201 1247 246
1227 1236 72
1234 1275 125
1239 1275 112
1249 1279 279
1256 1268 5
1280 1285 146
1280 1307 223
1303 1321 16
1308 1353 137
1328 1332 239
1347 1357 75
1350 1375 89
1366 1399 124
1366 1393 296
1381 1393 270
1390 1433 79
1400 1423 85
1420 1427 245
1422 1435 1
1441 1474 218
1450 1460 184
1453 1483 162
1472 1493 138
1489 1519 10
1516 1523 279
1546 1567 273
1574 1583 82
1603 1617 85
1610 1637 170
1628 1656 120
1656 1685 185
1659 1674 165
1684 1720 291
1713 1758 54
1738 1779 49
1756 1759 198
1785 1797 138
1803 1824 13
1823 1850 80
1830 1832 89
1857 1887 35
1866 1881 19
1875 1902 86
1895 1931 37
1916 1948 218
1939 1972 79
1969 2008 48
1985 2022 17
2007 2035 283
2019 2036 17
2041 2043 270
2050 2070 165
2073 2092 145
2085 2134 109
2102 2152 52
2125 2139 275
2136 2165 191
2147 2167 185
2150 2153 238
2152 2166 54
2176 2196 95
2188 2212 214
2196 2200 228
2221 2247 98
2245 2252 300
2273 2275 90
2290 2333 273
2302 2348 169
2322 2332 279
2339 2389 245
2362 2389 74
2383 2405 249
2385 2393 235
2397 2428 261
2425 2432 107
2451 2452 74
2480 2516 122
2483 2531 3
2502 2534 39
2504 2539 81
2532 2580 215
2541 2558 61
2558 2587 175
2562 2570 276
2591 2632 40
2591 2635 188
2602 2638 265
2629 2652 54
2635 2673 68
2652 2662 198
2662 2703 148
2688 2700 129
2709 2710 284
2713 2716 241
2743 2788 192
2757 2770 199
2786 2789 180
2791 2813 169
2807 2810 98
2820 2864 19
2839 2883 22
2855 2879 9
2857 2888 54
2867 2872 272
2891 2921 142
2918 2968 276
2931 2946 89
2936 2960 136
2959 2975 246
2984 3013 298
2988 3009 228
3003 3031 37
3012 3034 285
3032 3058 246
3055 3066 208
3055 3079 81
3079 3108 186
3096 3129 68
3110 3157 88
3110 3148 188
3110 3137 81
3126 3153 287
3142 3143 92
3158 3170 103
3177 3196 102
3181 3192 193
3209 3235 156
3219 3226 48
3220 3253 167
3248 3263 138
3269 3319 284
3299 3324 112
3304 3339 10
3331 3341 269
3358 3380 74
3361 3372 96
3389 3428 61
3399 3419 50
3404 3446 20
3422 3430 218
3440 3467 129
3452 3486 247
3455 3458 7
3476 3504 118
3498 3506 20
3512 3558 14
3513 3548 297
3529 3545 50
3556 3579 115
3567 3604 138
3596 3633 184
3605 3645 74
3612 3645 205
3640 3659 179
3666 3708 155
3677 3685 183
3698 3703 172
3700 3706 158
3706 3728 206
3724 3754 11
3729 3738 238
3744 3754 164
3754 3768 51
3779 3805 109
3784 3821 157
3807 3834 214
3817 3820 193
3830 3877 289
3859 3872 284
3873 3893 55
3890 3929 293
3911 3931 137
3927 3929 3
3930 3937 103
3946 3973 297
3956 3999 199
3982 4005 192
4000 4010 217
4007 4011 8
4016 4017 130
4030 4041 35
4050 4092 27
4068 4104 142
4075 4088 68
4097 4117 217
4099 4111 283
4122 4172 79
4135 4158 102
4152 4176 23
4170 4215 267
4192 4211 247
4200 4250 128
4210 4213 91
4228 4272 218
4251 4253 32
4260 4300 51
4267 4276 137
4285 4316 39
4308 4332 225
4329 4371 282
4358 4383 249
4365 4375 282
4369 4395 122
4384 4401 165
4401 4435 274
4424 4448 14
4453 4473 121
4479 4502 209
4491 4522 27
4510 4532 93
4513 4524 4
4528 4575 218
4529 4531 172
4546 4582 36
4576 4616 164
4583 4594 222
4613 4646 8
4623 4652 209
4644 4659 132
4662 4711 97
4664 4702 143
4690 4732 211
4692 4710 20
4709 4749 101
4719 4763 239
4725 4754 269
4740 4769 232
4758 4796 227
4780 4809 282
4798 4835 160
4826 4837 145
4826 4865 116
4827 4870 259
4831 4864 125
4861 4893 116
4875 4895 148
4883 4899 28
4888 4932 202
4888 4891 253
4902 4931 227
4912 4956 262
4932 4936 16
4946 4948 13
4960 4999 197
4966 4992 297
4969 5019 3
4984 5007 61
5002 5035 197
5031 5081 298
5049 5088 31
5049 5052 19
5075 5084 80
5078 5097 243
5080 5105 125
5083 5093 193
5084 5111 268
5099 5112 269
5099 5123 266
5122 5140 194
5152 5161 250
5169 5199 214
5188 5221 87
5215 5221 108
5215 5241 188
5244 5280 164
5258 5303 292
5273 5297 36
5285 5322 37
5311 5340 9
5321 5342 133
5334 5379 239
5346 5374 227
5366 5398 264
5386 5419 247
5391 5432 23
5420 5448 228
5425 5433 200
5425 5465 286
5435 5454 248
5437 5445 227
5449 5462 82
5454 5490 83
5469 5492 115
5482 5527 137
5498 5517 271
5519 5569 213
5549 5587 30
5572 5600 238
5592 5611 82
5605 5624 62
5611 5619 256
5641 5691 196
5661 5708 132
5665 5706 239
5674 5687 8
5692 5707 36
5721 5724 294
5743 5748 35
5746 5765 132
5752 5756 64
5760 5802 42
5787 5836 203
5808 5809 208
5827 5850 120
5827 5837 15
5856 5898 75
5880 5901 252
5898 5920 138
5900 5918 22
5906 5919 227
5921 5963 40
5928 5945 208
5934 5964 297
5941 5961 141
5948 5995 140
5968 5969 232
5979 6023 96
5986 6010 188
6012 6042 60
6030 6080 29
6033 6071 258
6059 6092 167
6064 6079 135
6093 6139 12
6123 6157 160
6150 6169 11
