400
5 25 33
14 55 246
27 50 64
35 62 196
42 50 249
52 63 187
67 86 235
81 116 267
111 117 128
119 140 86
124 150 282
148 190 97
156 178 220
158 193 255
173 189 135
192 197 169
222 239 234
234 272 257
251 272 95
273 284 176
285 332 156
314 345 60
343 382 35
372 407 239
392 431 64
400 406 251
405 433 85
419 465 145
431 458 208
438 485 33
441 451 109
452 468 27
452 474 177
460 510 176
473 501 272
497 499 268
513 540 99
521 534 35
538 577 138
564 611 12
585 588 290
585 608 82
606 607 193
631 674 64
652 688 300
670 716 191
684 711 104
689 738 138
696 743 86
696 718 95
712 759 104
740 744 277
762 801 184
766 792 83
788 804 293
807 856 116
815 838 240
816 847 137
843 868 133
857 900 102
885 921 106
886 916 292
906 912 257
906 912 68
920 946 243
926 931 98
949 956 144
965 981 77
987 1037 200
992 1034 123
994 1025 210
1010 1043 241
1024 1061 216
1030 1055 128
1034 1076 183
1057 1086 105
1062 1076 30
1086 1122 198
1110 1152 156
1114 1132 76
1130 1144 35
1155 1169 184
1182 1220 252
1207 1219 250
1227 1272 13
1243 1282 39
1255 1257 152
1277 1298 216
1286 1301 208
1311 1327 38
1311 1353 283
1329 1353 218
1336 1353 75
1356 1358 265
1367 1374 291
1370 1418 107
1398 1446 20
1403 1410 243
1403 1440 270
1409 1435 227
1439 1460 26
1463 1496 215
1470 1478 146
1488 1520 181
1489 1526 143
1510 1555 182
1531 1565 83
1536 1559 104
1566 1612 15
1579 1611 118
1602 1626 202
1608 1653 298
1613 1660 36
1614 1631 80
1624 1651 276
1649 1694 253
1652 1674 141
1682 1711 131
1712 1731 27
1729 1777 31
1737 1781 256
1757 1800 91
1767 1775 115
1781 1812 62
1811 1820 147
1819 1866 38
1833 1843 241
1844 1867 109
1849 1893 225
1858 1889 71
1881 1889 15
1907 1913 293
1920 1925 120
1920 1953 272
1935 1947 213
1939 1962 129
1954 1999 151
1959 1965 21
1986 2033 61
2016 2029 52
2037 2040 291
2048 2067 159
2058 2075 159
2072 2115 300
2074 2088 192
2100 2148 167
2114 2132 237
2131 2151 200
2132 2167 218
2158 2185 58
2168 2173 91
2182 2232 217
2191 2230 231
2213 2245 286
2228 2236 96
2233 2241 57
2260 2305 54
2283 2300 267
2301 2350 74
2304 2322 209
2315 2352 103
2315 2353 59
2336 2351 134
2356 2398 107
2383 2431 162
2390 2438 256
2397 2445 169
2421 2457 21
2450 2493 279
2463 2500 157
2493 2534 158
2514 2557 260
2534 2583 97
2554 2588 255
2572 2598 126
2595 2614 76
2606 2635 277
2614 2660 131
2640 2650 158
2649 2663 239
2664 2674 113
2687 2691 125
2716 2756 187
2732 2752 183
2748 2757 4
2763 2812 15
2785 2818 69
2808 2856 220
2829 2859 274
2848 2886 86
2878 2879 81
2894 2909 210
2908 2922 124
2929 2955 141
2945 2962 272
2948 2967 182
2955 2979 40
2982 3017 58
2991 3006 4
3016 3032 114
3024 3066 300
3033 3059 66
3045 3068 293
3069 3104 277
3070 3101 141
3086 3112 240
3105 3152 172
3109 3116 119
3138 3187 241
3143 3150 21
3172 3174 130
3191 3199 54
3219 3243 253
3233 3278 259
3261 3275 274
3263 3298 212
3280 3318 149
3290 3320 219
3301 3343 70
3301 3337 272
3322 3356 154
3334 3351 83
3358 3384 282
3388 3405 217
3411 3415 260
3428 3468 71
3434 3447 229
3463 3490 121
3463 3498 47
3472 3490 136
3480 3494 222
3493 3518 14
3508 3527 293
3515 3528 4
3516 3549 197
3518 3552 65
3531 3542 36
3553 3592 183
3582 3592 294
3596 3627 198
3606 3614 103
3613 3663 247
3638 3687 225
3666 3694 84
3669 3712 85
3694 3702 291
3694 3698 173
3696 3709 156
3723 3769 256
3753 3787 18
3777 3816 210
3777 3799 280
3798 3805 79
3818 3843 228
3821 3840 220
3835 3837 74
3854 3861 289
3883 3925 176
3912 3946 109
3912 3954 141
3921 3968 7
3928 3951 17
3948 3971 21
3951 3983 244
3970 3982 243
3977 3998 14
3992 3996 33
4011 4033 123
4030 4064 208
4055 4104 140
4068 4080 164
4085 4097 75
4105 4123 58
4135 4146 251
4152 4192 87
4175 4181 1
4175 4202 279
4202 4221 15
4202 4239 161
4222 4260 136
4252 4279 277
4257 4272 270
4287 4302 44
4298 4323 100
4325 4368 3
4326 4352 267
4338 4361 156
4349 4373 202
4355 4397 132
4384 4424 12
4392 4419 112
4396 4398 255
4419 4467 141
4449 4489 4
4452 4491 239
4480 4512 116
4490 4514 197
4511 4559 266
4536 4573 26
4562 4600 67
4585 4631 237
4604 4612 70
4624 4649 150
4639 4660 243
4653 4679 70
4666 4678 227
4689 4696 53
4701 4705 235
4718 4739 45
4724 4759 136
4728 4763 69
4752 4765 173
4781 4824 292
4810 4834 294
4829 4872 172
4846 4878 51
4855 4894 117
4877 4918 172
4893 4909 102
4900 4909 266
4923 4970 64
4949 4998 151
4977 4996 279
4994 5040 52
5022 5039 64
5037 5071 252
5049 5050 27
5063 5086 233
5087 5093 134
5090 5126 265
5107 5119 100
5111 5128 46
5136 5139 242
5144 5184 297
5155 5182 3
5171 5180 194
5196 5202 122
5197 5237 138
5220 5230 58
5247 5252 177
5272 5300 35
5281 5322 116
5299 5315 235
5311 5315 166
5335 5349 29
5344 5363 199
5344 5362 267
5364 5400 105
5383 5412 34
5409 5411 86
5428 5471 115
5429 5434 85
5458 5504 90
5476 5524 141
5476 5526 174
5483 5509 202
5483 5520 239
5509 5510 198
5537 5566 235
5555 5586 100
5580 5611 253
5600 5610 202
5621 5642 135
5623 5643 120
5625 5642 105
5653 5688 245
5664 5698 238
5674 5699 34
5679 5683 208
5691 5696 98
5701 5723 15
5727 5740 256
5729 5765 112
5748 5773 184
5777 5823 139
5793 5811 77
5813 5862 190
5816 5846 18
5842 5850 235
5871 5913 74
5882 5911 116
5904 5928 148
5920 5938 275
5940 5972 300
5963 6013 256
5981 5996 129
6008 6023 251
6011 6012 11
6014 6038 132
6040 6054 107
6041 6072 204
6045 6070 43
6065 6069 261
6088 6103 237
6112 6143 205
6118 6167 224
6129 6150 243
6156 6175 106
6167 6205 93
6184 6205 55
