400
21 64 51
46 69 245
51 79 200
64 101 143
65 70 24
89 112 181
94 120 60
124 169 251
151 190 204
175 225 106
184 225 111
187 229 96
204 236 296
216 239 182
228 270 261
250 281 31
258 307 165
277 313 196
278 304 164
281 316 147
309 315 91
325 371 208
328 343 12
334 366 172
361 378 134
377 387 219
386 421 65
389 427 89
399 438 38
402 434 42
421 454 130
432 467 84
455 472 46
483 505 148
508 519 96
519 553 111
530 572 14
560 578 145
576 612 86
589 623 250
610 635 69
623 661 209
653 660 231
661 672 296
686 706 121
704 727 95
730 766 264
744 773 132
774 777 194
780 794 77
804 844 260
814 858 112
829 855 233
846 855 221
870 902 270
876 906 166
896 923 60
921 970 1
945 984 129
959 976 100
960 1006 176
976 1011 273
976 986 101
979 982 119
1008 1024 95
1029 1045 81
1032 1074 166
1040 1046 136
1068 1088 3
1086 1106 184
1115 1149 88
1118 1138 41
1128 1167 125
1140 1172 297
1161 1205 297
1166 1212 253
1175 1178 111
1194 1215 228
1203 1236 297
1212 1256 89
1238 1249 155
1238 1263 124
1265 1273 93
1272 1283 243
1301 1346 261
1315 1322 285
1319 1327 242
1336 1386 292
1364 1396 287
1394 1440 45
1421 1432 38
1423 1445 150
1431 1479 147
1444 1451 277
1447 1482 103
1458 1470 138
1461 1483 232
1480 1520 96
1496 1515 91
1513 1526 247
1522 1558 250
1539 1551 113
1542 1556 25
1571 1603 9
1586 1620 127
1607 1643 115
1613 1653 75
1638 1664 43
1660 1704 106
1660 1684 216
1669 1709 135
1686 1720 203
1686 1711 287
1715 1720 140
1719 1735 61
1736 1763 217
1758 1764 40
1762 1764 130
1774 1778 1
1787 1816 97
1796 1798 110
1799 1823 185
1808 1843 285
1813 1814 240
1825 1829 117
1834 1844 67
1852 1871 275
1855 1865 152
1880 1895 28
1883 1911 264
1894 1923 74
1903 1909 107
1928 1964 39
1956 1995 61
1964 1990 64
1971 1983 279
1999 2030 132
2001 2002 166
2015 2061 86
2039 2076 289
2044 2060 290
2069 2082 285
2076 2085 2
2102 2136 191
2115 2153 10
2140 2165 102
2155 2192 264
2160 2161 203
2164 2192 218
2181 2222 196
2203 2231 300
2204 2206 157
2206 2246 216
2226 2228 70
2228 2259 249
2240 2252 74
2246 2255 96
2266 2280 251
2296 2334 17
2300 2338 106
2323 2339 138
2323 2359 76
2334 2374 281
2363 2383 51
2382 2400 268
2408 2427 217
2422 2434 145
2440 2445 51
2467 2500 165
2491 2525 13
2509 2556 50
2534 2582 201
2553 2593 28
2575 2621 246
2605 2625 174
2629 2660 157
2632 2636 104
2645 2690 273
2656 2699 183
2682 2715 1
2682 2721 153
2686 2731 159
2693 2701 258
2697 2724 202
2718 2745 292
2728 2729 116
2740 2753 68
2763 2796 286
2766 2795 183
2796 2838 252
2810 2829 152
2814 2836 262
2814 2839 140
2828 2853 132
2836 2864 205
2851 2879 177
2871 2895 239
2878 2879 282
2903 2911 126
2906 2949 5
2913 2951 287
2938 2945 18
2956 2966 118
2982 3011 223
2985 3014 128
3015 3020 122
3021 3050 121
3033 3054 40
3050 3055 247
3080 3082 244
3097 3098 231
3127 3145 70
3140 3169 196
3156 3204 19
3158 3185 207
3183 3206 21
3184 3185 75
3213 3259 30
3235 3284 237
3260 3294 106
3287 3326 130
3297 3343 214
3308 3322 51
3316 3320 204
3324 3344 251
3332 3357 264
3340 3383 7
3361 3409 49
3385 3422 220
3386 3387 287
3400 3436 157
3429 3446 260
3448 3467 199
3465 3515 60
3469 3514 2
3499 3508 24
3523 3537 31
3530 3575 161
3542 3581 87
3561 3569 276
3561 3588 219
3574 3604 126
3596 3613 138
3609 3656 283
3622 3634 193
3633 3674 190
3651 3665 215
3672 3718 191
3694 3737 143
3698 3700 35
3721 3728 257
3722 3760 211
3752 3770 54
3774 3797 42
3792 3833 180
3805 3842 135
3833 3875 15
3843 3870 249
3869 3898 179
3869 3900 135
3879 3917 235
3897 3940 84
3921 3928 51
3933 3954 27
3958 3966 141
3976 4024 219
3996 4025 93
4004 4051 9
4010 4034 96
4012 4030 109
4032 4070 14
4057 4088 71
4070 4106 265
4090 4092 158
4106 4129 14
4113 4157 237
4129 4168 201
4153 4178 62
4178 4204 268
4183 4194 171
4189 4215 118
4204 4233 4
4226 4235 166
4235 4237 283
4253 4279 31
4279 4284 280
4280 4294 22
4293 4319 157
4314 4330 163
4318 4367 119
4335 4367 198
4347 4395 32
4377 4387 177
4380 4427 238
4393 4437 115
4400 4405 85
4417 4450 283
4426 4439 68
4452 4469 34
4482 4501 135
4510 4539 137
4522 4564 199
4543 4551 252
4556 4583 38
4578 4588 5
4583 4616 244
4609 4649 83
4625 4637 176
4628 4665 71
4633 4664 128
4643 4666 62
4670 4710 198
4699 4710 256
4728 4735 181
4735 4761 37
4745 4765 97
4753 4757 125
4776 4819 255
4783 4810 6
4813 4842 72
4825 4838 222
4843 4884 179
4862 4904 253
4862 4900 106
4882 4884 277
4898 4917 83
4925 4944 83
4936 4944 74
4952 4975 77
4982 5019 34
4982 5010 18
4989 4992 297
5014 5025 84
5039 5045 291
5041 5052 37
5060 5062 268
5082 5120 185
5090 5136 6
5114 5124 98
5130 5140 50
5131 5137 273
5160 5198 55
5163 5211 152
5188 5190 262
5213 5235 249
5223 5268 110
5229 5237 153
5241 5275 114
5248 5293 282
5251 5294 179
5272 5299 238
5299 5318 265
5324 5350 166
5346 5366 224
5364 5406 163
5390 5392 118
5392 5440 42
5409 5456 256
5432 5463 90
5454 5498 273
5476 5524 140
5490 5540 275
5516 5551 132
5527 5576 15
5554 5567 94
5572 5574 163
5588 5595 80
5597 5636 44
5618 5633 7
5624 5653 98
5654 5665 38
5663 5704 208
5686 5691 237
5693 5733 71
5722 5754 93
5728 5760 279
5753 5797 138
5779 5811 179
5780 5818 25
5810 5822 9
5816 5834 168
5820 5855 104
5828 5840 103
5856 5865 116
5872 5891 66
5887 5915 53
5903 5910 225
5920 5963 94
5933 5961 246
5947 5985 300
5960 6001 191
5964 5966 30
5967 5980 31
5968 6015 6
5986 6009 142
6003 6020 196
6011 6035 277
6024 6028 198
6029 6052 240
6051 6055 1
