400
2 51 12
22 72 24
24 58 172
28 54 194
29 63 281
40 62 54
41 50 231
47 61 22
64 78 91
73 106 168
74 104 31
91 92 36
106 145 147
125 149 169
154 173 42
170 190 235
179 217 126
202 214 6
207 211 90
212 213 64
213 253 297
221 257 2
247 260 22
259 273 216
279 287 285
305 330 52
334 349 264
360 362 159
380 400 41
389 433 201
417 419 178
423 438 221
450 491 33
453 479 88
460 506 282
463 513 298
486 515 14
486 531 191
503 553 215
533 545 99
537 566 162
543 575 232
561 577 42
585 614 185
594 638 148
605 620 94
608 612 240
610 647 26
621 643 126
625 666 162
655 668 55
659 703 3
670 680 161
681 729 80
690 701 36
702 740 200
716 764 247
727 750 113
753 769 250
775 815 234
799 806 197
825 859 191
841 844 190
848 865 235
866 902 90
885 925 244
890 931 205
913 952 230
914 936 155
935 961 175
954 999 166
967 1007 98
974 977 120
976 1026 207
985 1022 196
994 1016 207
994 1036 214
1014 1019 269
1029 1044 251
1059 1087 201
1076 1085 186
1084 1118 130
1110 1140 143
1124 1133 89
1139 1168 238
1155 1167 248
1169 1191 281
1191 1232 23
1211 1213 3
1213 1232 260
1227 1263 26
1236 1284 265
1265 1286 29
1268 1292 235
1290 1338 202
1307 1318 230
1319 1344 221
1324 1350 184
1343 1365 121
1373 1381 129
1373 1418 242
1391 1436 108
1397 1400 222
1414 1455 208
1441 1454 151
1463 1509 62
1487 1531 15
1493 1538 228
1512 1543 209
1518 1531 155
1544 1556 68
1559 1607 88
1587 1603 24
1613 1653 6
1643 1680 135
1651 1679 61
1678 1719 27
1701 1749 109
1729 1735 233
1742 1754 28
1766 1809 177
1795 1796 119
1820 1835 58
1841 1845 138
1853 1882 217
1864 1881 177
1866 1914 77
1887 1888 295
1894 1916 70
1901 1935 240
1905 1955 206
1929 1935 152
1953 1954 80
1961 1995 239
1964 1975 174
1990 1996 161
1991 2008 262
2018 2059 152
2029 2051 135
2029 2036 261
2057 2089 199
2074 2087 169
2103 2139 287
2131 2167 179
2147 2160 205
2152 2156 291
2163 2200 181
2191 2226 267
2208 2213 192
2221 2257 247
2243 2285 293
2271 2319 66
2301 2323 44
2323 2347 274
2340 2344 195
2358 2365 298
2377 2402 49
2385 2421 11
2393 2420 84
2401 2428 253
2408 2418 7
2435 2455 25
2448 2472 210
2476 2490 296
2479 2505 125
2506 2522 256
2536 2549 227
2544 2579 20
2568 2599 232
2569 2586 8
2573 2584 141
2600 2604 128
2628 2675 83
2646 2678 295
2657 2682 214
2664 2665 32
2680 2728 107
2701 2751 8
2703 2749 114
2731 2742 152
2749 2797 2
2765 2779 176
2776 2811 257
2783 2795 8
2785 2810 17
2798 2846 77
2825 2875 242
2848 2854 191
2853 2860 236
2874 2888 50
2883 2904 259
2891 2903 6
2909 2937 88
2910 2959 166
2922 2942 148
2946 2989 280
2946 2962 150
2963 3007 38
2970 2988 118
2996 3021 2
3010 3017 265
3027 3076 234
3047 3097 125
3059 3100 215
3084 3089 155
3105 3107 130
3130 3176 199
3144 3172 298
3170 3214 132
3195 3245 25
3216 3241 296
3217 3248 106
3244 3276 52
3271 3300 138
3301 3336 241
3310 3313 192
3324 3374 51
3324 3330 220
3325 3364 44
3342 3357 249
3353 3401 192
3369 3412 154
3397 3428 284
3420 3469 152
3440 3472 172
3458 3501 109
3475 3488 94
3498 3528 8
3519 3527 120
3531 3571 213
3532 3565 131
3545 3557 124
3554 3589 234
3581 3606 164
3598 3623 151
3613 3653 107
3622 3638 49
3649 3668 209
3665 3692 109
3667 3669 117
3682 3701 201
3690 3720 287
3709 3718 168
3713 3752 24
3731 3734 270
3752 3794 223
3781 3823 144
3807 3833 153
3818 3864 98
3822 3830 80
3827 3872 240
3857 3877 43
3870 3902 145
3887 3900 147
3908 3926 200
3922 3928 33
3943 3965 212
3961 3968 300
3968 4008 145
3991 4009 12
3998 4040 242
3999 4022 113
4009 4059 26
4029 4070 19
4049 4063 147
4068 4090 242
4074 4098 62
4092 4108 180
4115 4118 119
4132 4136 63
4161 4197 123
4186 4198 74
4191 4224 85
4214 4241 299
4242 4275 299
4243 4275 286
4248 4260 41
4249 4277 99
4278 4315 165
4280 4295 114
4280 4313 200
4295 4300 36
4322 4324 57
4332 4376 200
4343 4372 47
4346 4387 178
4349 4399 234
4351 4371 272
4362 4406 289
4364 4373 295
4369 4414 241
4389 4408 250
4400 4418 251
4417 4444 58
4429 4454 75
4454 4460 256
4464 4507 276
4472 4493 79
4474 4508 65
4484 4516 144
4508 4527 218
4538 4549 107
4540 4551 3
4563 4585 102
4573 4592 33
4577 4589 217
4583 4622 51
4583 4607 177
4588 4635 113
4615 4646 268
4644 4688 182
4659 4687 266
4672 4703 277
4681 4713 45
4705 4722 198
4723 4751 292
4745 4793 130
4747 4766 48
4766 4779 202
4791 4806 16
4816 4842 231
4846 4870 141
4869 4918 273
4883 4918 147
4911 4942 246
4914 4941 264
4930 4978 192
4937 4974 111
4961 4985 1
4969 5000 210
4980 4985 234
4989 5022 251
5002 5021 253
5009 5028 133
5015 5061 296
5037 5046 158
5054 5097 261
5063 5084 170
5083 5112 173
5098 5114 103
5113 5118 298
5139 5153 151
5148 5150 207
5170 5200 274
5174 5184 273
5202 5249 293
5209 5213 92
5238 5276 65
5243 5289 234
5263 5296 181
5271 5274 252
5272 5280 181
5276 5298 284
5292 5322 90
5297 5332 135
5298 5323 51
5321 5332 278
5321 5356 24
5348 5398 286
5358 5388 282
5365 5390 206
5382 5420 10
5408 5455 38
5412 5461 266
5440 5474 258
5456 5501 209
5480 5525 34
5495 5538 165
5508 5518 5
5521 5522 197
5538 5552 261
5556 5582 273
5574 5591 101
5578 5601 97
5588 5636 188
5590 5639 62
5598 5610 295
5599 5644 98
5602 5645 175
5627 5637 138
5644 5671 202
5665 5684 66
5673 5721 220
5691 5704 124
5700 5712 243
5724 5753 170
5754 5756 106
5774 5781 133
5781 5789 159
5802 5844 284
5816 5840 12
5844 5872 297
5871 5907 197
5881 5925 156
5909 5921 17
5926 5936 57
5937 5979 222
5958 5977 120
5984 6014 111
6003 6053 213
