400
9 54 59
17 61 296
19 51 36
39 43 33
44 66 138
70 116 258
70 120 20
94 95 94
104 132 247
121 146 209
140 158 112
163 198 34
192 215 15
207 210 132
237 267 73
255 279 149
280 320 20
297 344 136
311 360 60
329 370 208
355 363 80
379 416 81
403 429 109
432 481 206
448 476 95
471 472 298
474 499 192
487 520 50
499 542 13
511 556 44
522 529 154
534 558 143
557 586 20
559 585 82
572 581 226
589 607 91
592 615 222
603 626 91
623 664 225
627 669 157
639 685 100
658 696 260
675 685 138
705 724 176
732 762 287
762 784 32
766 796 120
791 795 119
811 824 285
826 861 237
842 864 15
870 884 161
879 907 50
889 934 185
905 931 75
929 956 83
929 945 63
939 966 8
965 999 266
982 1027 44
990 1031 145
995 1030 258
1014 1021 173
1026 1030 260
1037 1071 212
1059 1096 249
1067 1113 10
1076 1079 251
1100 1133 150
1127 1132 153
1140 1177 247
1150 1193 177
1157 1192 101
1168 1181 36
1184 1212 264
1186 1188 153
1188 1228 260
1189 1208 299
1217 1262 190
1245 1294 39
1255 1301 152
1277 1322 69
1306 1354 217
1319 1362 290
1339 1363 171
1342 1356 73
1351 1392 259
1369 1389 164
1383 1410 128
1384 1401 100
1400 1427 183
1416 1454 189
1418 1456 138
1440 1472 289
1470 1512 290
1486 1524 137
1502 1515 46
1520 1556 247
1533 1567 82
1554 1557 147
1562 1579 158
1573 1614 216
1573 1618 71
1583 1619 253
1591 1641 1
1618 1657 90
1620 1621 22
1621 1662 177
1637 1649 125
1652 1700 82
1653 1664 217
1663 1681 47
1668 1677 233
1689 1732 186
1697 1704 34
1716 1738 101
1745 1771 217
1759 1781 95
1779 1809 57
1804 1823 206
1834 1874 23
1849 1855 219
1862 1869 109
1888 1922 132
1914 1943 155
1932 1982 276
1950 1985 119
1959 2003 90
1981 2021 120
2007 2031 14
2031 2069 229
2053 2080 13
2054 2058 116
2083 2107 206
2088 2104 193
2096 2141 273
2123 2149 97
2140 2150 151
2159 2189 238
2178 2196 220
2186 2204 52
2196 2208 219
2208 2250 69
2215 2240 9
2234 2274 84
2262 2297 147
2272 2312 42
2274 2306 28
2301 2350 262
2315 2349 90
2344 2352 271
2373 2374 143
2403 2440 260
2404 2445 188
2418 2423 87
2442 2459 194
2449 2461 75
2471 2484 110
2500 2517 53
2519 2520 232
2519 2561 92
2542 2546 80
2570 2577 202
2587 2616 145
2595 2615 174
2606 2623 72
2614 2625 275
2638 2682 264
2645 2687 73
2668 2718 110
2686 2725 152
2690 2697 160
2694 2709 193
2720 2753 289
2725 2732 242
2741 2789 168
2750 2772 175
2751 2767 23
2777 2797 275
2799 2800 169
2822 2844 226
2843 2889 205
2849 2898 227
2861 2877 141
2890 2925 260
2902 2924 185
2915 2942 121
2923 2969 6
2936 2980 147
2937 2962 97
2946 2951 86
2968 3016 239
2992 2998 129
2996 3024 127
3017 3026 220
3021 3055 87
3033 3042 241
3048 3049 7
3071 3108 276
3076 3097 156
3100 3121 90
3119 3154 230
3121 3143 157
3132 3144 8
3145 3166 94
3156 3178 132
3178 3187 10
3206 3223 165
3219 3243 78
3241 3263 51
3241 3270 21
3271 3315 88
3301 3332 11
3331 3356 210
3346 3392 212
3351 3371 23
3360 3373 169
3363 3400 52
3371 3392 240
3393 3425 209
3404 3417 230
3424 3469 279
3432 3466 211
3456 3497 146
3485 3535 234
3488 3498 230
3517 3531 84
3532 3572 103
3562 3573 297
3564 3574 207
3565 3613 174
3595 3625 72
3610 3611 34
3637 3646 44
3659 3695 77
3670 3686 216
3671 3698 11
3691 3696 208
3715 3726 268
3741 3754 200
3760 3766 164
3771 3775 272
3789 3800 292
3796 3814 60
3819 3841 269
3846 3859 9
3853 3856 219
3854 3894 116
3879 3902 232
3905 3954 296
3927 3945 285
3938 3963 133
3954 3967 298
3971 4006 117
3983 3999 38
4011 4035 229
4022 4035 281
4027 4072 182
4034 4055 265
4062 4069 285
4091 4123 112
4116 4120 31
4125 4154 22
4136 4150 164
4166 4198 172
4178 4218 87
4207 4219 277
4220 4238 237
4221 4258 190
4243 4284 251
4248 4262 69
4249 4251 97
4279 4328 199
4301 4348 4
4301 4339 258
4319 4332 93
4319 4346 233
4324 4372 298
4349 4387 252
4376 4422 64
4376 4411 102
4401 4436 296
4427 4437 94
4456 4500 48
4481 4502 82
4488 4493 225
4490 4498 239
4511 4541 94
4529 4537 106
4529 4565 81
4535 4555 252
4546 4568 76
4553 4578 140
4576 4588 104
4579 4607 69
4592 4629 291
4594 4598 209
4595 4624 39
4599 4628 91
4610 4650 267
4610 4658 164
4628 4657 272
4654 4698 240
4655 4689 245
4675 4724 78
4698 4702 213
4707 4729 163
4725 4749 92
4738 4748 165
4743 4758 33
4752 4788 97
4757 4785 245
4768 4801 127
4789 4790 4
4804 4846 154
4825 4870 222
4855 4880 273
4885 4918 237
4894 4901 284
4904 4932 2
4924 4945 6
4933 4942 72
4940 4967 99
4950 4978 142
4962 5002 265
4978 4985 7
5007 5053 91
5020 5031 47
5042 5068 239
5068 5076 162
5085 5128 217
5089 5134 212
5105 5135 211
5124 5170 178
5140 5169 102
5145 5148 277
5149 5172 41
5175 5211 216
5201 5209 268
5206 5230 239
5233 5262 34
5252 5255 38
5280 5297 85
5302 5334 18
5313 5354 197
5343 5363 153
5349 5384 101
5375 5422 6
5398 5448 102
5404 5447 245
5432 5457 128
5449 5453 69
5449 5487 73
5473 5492 189
5488 5506 225
5502 5546 96
5521 5528 113
5540 5575 106
5544 5554 85
5564 5585 68
5581 5618 264
5597 5638 13
5626 5648 46
5629 5674 190
5653 5655 272
5668 5712 286
5676 5709 227
5695 5704 194
5703 5726 276
5705 5739 78
5723 5773 234
5731 5777 73
5758 5784 149
5776 5796 223
5786 5824 199
5816 5830 229
5835 5861 82
5860 5896 298
5886 5914 278
5905 5933 287
5935 5943 223
5958 5973 165
5961 5969 105
5991 6037 136
6011 6052 238
6031 6044 152
6033 6064 8
6059 6069 47
6084 6100 153
6086 6136 153
6086 6128 149
6089 6136 270
6100 6133 88
6120 6161 106
6125 6159 132
6132 6134 157
6157 6192 262
6162 6210 229
6179 6184 272
6182 6197 267
