400
16 40 27
24 63 167
49 89 193
79 118 45
93 99 41
119 147 138
121 166 250
141 145 34
160 177 97
184 185 294
209 248 239
234 272 246
250 261 161
259 282 101
275 285 218
293 296 11
314 348 292
326 371 72
345 375 228
368 408 54
391 423 87
421 471 39
444 476 64
473 495 264
479 511 162
483 533 4
499 515 22
503 510 122
525 571 84
553 558 134
566 571 110
569 574 206
589 590 269
597 607 246
614 658 88
622 625 124
651 652 143
654 697 117
662 664 64
692 733 185
721 741 109
732 761 45
756 802 57
771 801 77
788 813 72
794 830 90
806 828 282
827 860 84
845 875 194
873 917 83
900 906 88
924 947 277
944 992 221
963 986 191
968 1004 40
981 1001 283
983 1025 284
989 999 137
1017 1057 19
1024 1073 163
1042 1045 284
1071 1080 266
1100 1148 139
1116 1155 54
1126 1135 185
1145 1193 202
1175 1212 266
1188 1236 289
1206 1235 176
1223 1251 227
1239 1250 239
1251 1297 56
1253 1270 61
1280 1293 51
1291 1338 56
1319 1322 106
1342 1369 262
1372 1379 52
1398 1412 192
1413 1420 236
1422 1432 164
1434 1447 92
1440 1457 140
1453 1498 31
1478 1501 57
1489 1508 158
1499 1545 64
1509 1559 126
1536 1545 139
1541 1590 269
1555 1570 89
1577 1578 123
1592 1641 73
1607 1652 78
1635 1653 132
1648 1678 11
1657 1662 60
1672 1674 131
1688 1732 212
1716 1727 266
1719 1750 260
1731 1768 48
1747 1790 25
1749 1777 198
1757 1777 134
1765 1783 274
1770 1790 242
1800 1828 87
1824 1863 262
1848 1871 114
1878 1883 83
1881 1931 74
1895 1927 139
1921 1926 63
1927 1940 60
1948 1988 201
1956 1959 221
1956 2003 220
1975 1989 165
1998 1999 32
2001 2013 258
2014 2049 203
2024 2065 170
2036 2086 9
2053 2078 66
2056 2102 205
2057 2091 150
2075 2115 158
2079 2116 186
2105 2118 299
2105 2136 146
2135 2167 56
2142 2152 110
2150 2200 249
2172 2200 279
2174 2201 20
2202 2210 174
2214 2226 264
2236 2244 203
2249 2275 171
2255 2297 85
2256 2278 66
2266 2280 129
2293 2343 238
2295 2317 40
2295 2329 129
2315 2354 254
2331 2349 252
2353 2383 180
2382 2429 178
2382 2393 120
2396 2397 13
2403 2444 276
2428 2440 254
2451 2464 257
2466 2500 251
2472 2497 177
2500 2539 234
2502 2541 87
2527 2574 151
2553 2582 178
2578 2603 77
2593 2626 93
2600 2601 30
2601 2650 91
2614 2642 179
2643 2675 79
2649 2670 60
2670 2711 193
2681 2702 23
2700 2719 22
2707 2713 246
2733 2736 9
2756 2776 98
2783 2825 69
2796 2815 49
2819 2867 240
2838 2844 234
2844 2865 83
2864 2880 36
2892 2936 200
2918 2940 227
2923 2961 241
2927 2947 299
2937 2952 173
2958 2986 10
2983 2999 199
3010 3031 228
3034 3077 59
3052 3091 255
3062 3078 234
3081 3118 184
3100 3110 253
3103 3150 243
3109 3116 132
3135 3182 203
3150 3152 57
3160 3167 121
3161 3202 124
3169 3182 133
3199 3248 159
3227 3272 108
3257 3280 193
3257 3295 1
3270 3320 271
3289 3298 123
3308 3324 223
3323 3370 201
3346 3359 56
3353 3399 8
3366 3387 111
3394 3396 161
3394 3399 126
3415 3446 60
3440 3446 141
3460 3476 56
3466 3512 142
3481 3482 188
3484 3489 36
3498 3520 280
3516 3549 43
3523 3557 145
3526 3564 149
3554 3603 137
3569 3583 123
3592 3636 13
3594 3619 111
3617 3666 124
3630 3650 255
3632 3642 140
3637 3649 288
3660 3700 131
3683 3716 45
3690 3738 134
3717 3744 282
3719 3723 38
3730 3740 33
3733 3749 141
3744 3793 246
3772 3792 279
3773 3799 45
3783 3793 93
3797 3843 58
3826 3863 99
3854 3892 296
3876 3909 244
3905 3928 23
3929 3968 151
3932 3981 222
3955 3968 266
3969 3994 150
3991 4030 102
4008 4026 299
4029 4073 202
4039 4070 201
4066 4092 273
4088 4112 152
4094 4130 72
4102 4130 178
4107 4143 280
4108 4117 168
4135 4177 151
4141 4180 262
4156 4163 15
4174 4179 152
4182 4219 175
4189 4239 263
4199 4227 57
4225 4267 260
4242 4261 204
4248 4253 149
4252 4254 219
4282 4323 163
4303 4350 125
4327 4376 8
4333 4349 4
4343 4391 235
4358 4382 235
4374 4376 154
4395 4406 269
4401 4415 285
4424 4434 134
4445 4480 112
4456 4490 14
4462 4469 194
4471 4479 209
4500 4520 225
4504 4510 108
4525 4562 286
4525 4536 298
4527 4577 85
4557 4586 166
4571 4578 13
4590 4594 263
4602 4615 176
4603 4650 270
4633 4683 144
4654 4702 206
4681 4711 286
4701 4722 22
4724 4748 75
4747 4768 84
4755 4782 218
4785 4824 264
4811 4838 262
4835 4840 188
4864 4890 4
4867 4874 174
4896 4945 159
4907 4908 8
4910 4943 200
4938 4954 173
4952 4983 56
4960 4967 164
4961 4990 120
4974 4981 232
4976 4987 107
5004 5046 21
5006 5008 295
5034 5048 107
5046 5087 32
5061 5076 118
5066 5094 21
5095 5098 188
5113 5130 300
5127 5150 74
5140 5165 264
5144 5186 22
5172 5220 54
5192 5220 88
5220 5244 157
5247 5290 200
5276 5304 174
5293 5317 268
5304 5337 15
5313 5363 40
5325 5338 24
5325 5329 89
5345 5369 264
5366 5402 249
5385 5411 7
5401 5421 271
5418 5448 256
5444 5445 63
5472 5487 112
5499 5549 289
5512 5520 241
5541 5566 180
5560 5565 74
5564 5579 27
5576 5617 194
5589 5617 149
5593 5625 77
5598 5603 223
5625 5656 14
5641 5684 111
5641 5675 157
5648 5692 118
5668 5702 223
5687 5735 228
5711 5761 196
5737 5759 245
5753 5774 119
5767 5785 220
5789 5800 298
5813 5847 159
5815 5820 188
5844 5873 78
5851 5867 30
5868 5882 19
5877 5909 182
5906 5927 227
5920 5923 182
5925 5947 264
5941 5966 64
5951 5987 95
5970 6001 258
5996 6027 75
6023 6050 143
6049 6097 178
6067 6112 276
6096 6103 179
6110 6133 83
6126 6154 200
6134 6170 263
6134 6137 216
6152 6186 178
6182 6213 126
6186 6220 191
6199 6215 30
6209 6231 276
6209 6217 17
6218 6220 175
6229 6274 300
6252 6290 24
6263 6271 30
6284 6324 97
6297 6308 26
6325 6358 25
6341 6353 224
