400
29 67 17
56 98 136
83 98 96
100 112 163
120 128 97
130 141 102
133 156 8
163 205 33
176 185 178
206 256 97
226 257 209
229 253 169
241 247 299
253 272 106
261 306 143
280 292 220
298 299 241
310 322 116
324 326 131
342 364 114
369 370 279
378 410 15
399 436 246
409 447 237
432 482 286
445 480 171
457 492 274
461 499 218
480 514 66
508 527 61
520 537 200
530 556 290
548 564 25
571 603 53
582 616 156
583 626 24
589 610 293
596 634 210
626 633 276
652 682 230
659 685 28
669 717 53
671 689 110
690 733 251
706 750 147
723 733 267
737 772 98
751 772 179
764 798 216
768 807 123
784 818 177
800 808 30
808 817 162
826 850 37
853 899 108
881 896 143
896 925 108
921 970 121
922 937 3
925 937 20
954 994 8
971 1008 219
996 1016 146
1016 1035 273
1030 1076 206
1037 1047 210
1056 1095 200
1081 1098 132
1087 1118 20
1087 1093 273
1098 1122 46
1118 1119 79
1135 1180 50
1157 1161 179
1177 1191 171
1190 1234 181
1203 1229 90
1212 1234 144
1213 1256 141
1234 1246 127
1242 1254 156
1251 1297 295
1280 1323 163
1307 1320 152
1323 1341 223
1323 1344 96
1339 1366 269
1341 1383 152
1346 1386 132
1350 1362 108
1354 1396 74
1383 1432 201
1402 1435 290
1424 1457 45
1449 1488 104
1474 1501 298
1479 1502 27
1502 1519 237
1529 1578 253
1531 1544 291
1532 1573 154
1555 1568 293
1560 1598 23
1567 1572 240
1580 1615 251
1584 1592 149
1601 1608 88
1624 1666 195
1627 1674 75
1655 1692 156
1675 1677 86
1677 1698 39
1700 1710 109
1706 1734 50
1733 1775 271
1744 1773 243
1750 1756 200
1758 1787 247
1769 1780 212
1794 1841 273
1806 1813 25
1820 1844 16
1841 1844 113
1859 1878 150
1875 1923 220
1875 1891 147
1895 1933 130
1924 1934 115
1941 1983 120
1966 1981 80
1969 2009 26
1999 2008 59
2017 2022 231
2040 2048 152
2052 2091 183
2052 2096 25
2072 2095 97
2093 2107 245
2099 2102 86
2121 2132 217
2124 2128 47
2128 2167 97
2145 2190 270
2165 2170 279
2176 2200 58
2200 2202 158
2218 2226 295
2242 2257 274
2257 2294 164
2285 2303 89
2303 2344 194
2333 2350 106
2353 2397 289
2378 2428 256
2388 2427 45
2401 2417 13
2404 2423 110
2415 2447 134
2429 2441 236
2450 2487 242
2479 2515 279
2496 2528 194
2510 2541 68
2532 2535 179
2551 2601 84
2574 2597 296
2602 2636 194
2604 2629 193
2611 2638 234
2629 2635 105
2634 2642 83
2645 2687 149
2673 2703 30
2698 2723 60
2709 2750 62
2710 2745 84
2714 2727 162
2731 2760 105
2750 2776 118
2754 2800 17
2781 2786 183
2797 2844 221
2802 2829 250
2828 2859 26
2855 2859 197
2864 2877 94
2887 2933 103
2899 2946 205
2929 2949 131
2946 2961 58
2953 2974 159
2972 2992 3
2992 2994 243
3017 3044 157
3042 3077 70
3071 3078 25
3100 3125 250
3125 3144 93
3147 3179 117
3162 3172 76
3162 3184 242
3163 3213 158
3175 3205 250
3195 3229 70
3209 3221 139
3228 3257 275
3230 3240 43
3239 3269 173
3248 3249 196
3262 3309 207
3272 3319 239
3295 3339 224
3325 3331 77
3354 3376 240
3381 3422 73
3396 3401 45
3406 3426 153
3423 3449 44
3433 3467 89
3441 3455 72
3471 3510 227
3490 3501 138
3509 3519 239
3514 3556 222
3531 3559 99
3549 3589 212
3551 3601 20
3577 3589 277
3579 3581 252
3579 3590 77
3589 3604 275
3606 3615 18
3634 3674 155
3636 3657 181
3647 3653 6
3653 3696 153
3676 3682 9
3679 3707 288
3703 3738 22
3728 3729 18
3748 3768 18
3765 3803 247
3785 3811 254
3814 3820 52
3832 3845 64
3835 3873 150
3842 3878 124
3847 3886 177
3876 3923 24
3885 3890 274
3894 3921 273
3906 3942 187
3928 3945 33
3937 3960 11
3959 3994 256
3968 4012 200
3988 4010 151
3997 4002 54
4016 4042 292
4033 4076 33
4062 4102 134
4074 4120 113
4095 4121 239
4101 4149 265
4103 4149 128
4111 4142 167
4140 4159 70
4147 4182 236
4153 4154 232
4179 4215 235
4185 4189 10
4186 4231 175
4201 4240 151
4224 4228 253
4237 4242 255
4239 4262 262
4249 4292 5
4277 4320 93
4277 4317 153
4298 4332 299
4314 4342 91
4325 4347 122
4349 4388 248
4359 4397 77
4376 4384 262
4397 4431 281
4419 4425 291
4427 4440 29
4439 4460 291
4443 4470 200
4468 4474 64
4479 4518 124
4488 4494 210
4509 4541 171
4533 4551 48
4541 4563 240
4559 4564 100
4560 4577 234
4573 4580 71
4577 4625 178
4602 4611 288
4617 4640 206
4645 4659 209
4652 4700 166
4675 4676 198
4704 4709 75
4705 4729 263
4724 4725 12
4725 4752 142
4735 4780 210
4753 4755 258
4764 4775 11
4786 4816 295
4815 4828 80
4829 4863 5
4840 4844 124
4850 4884 44
4863 4898 252
4883 4911 158
4894 4929 179
4910 4939 79
4934 4951 167
4941 4975 174
4942 4979 174
4965 4992 72
4984 4996 83
5010 5024 276
5018 5045 255
5030 5043 207
5043 5086 15
5056 5061 215
5066 5098 109
5068 5101 286
5095 5128 272
5122 5160 274
5142 5168 7
5168 5181 255
5190 5211 57
5214 5218 119
5218 5244 97
5233 5260 57
5236 5238 139
5243 5284 118
5254 5277 270
5279 5297 279
5304 5316 117
5332 5346 260
5345 5381 92
5362 5394 287
5391 5422 87
5411 5436 296
5440 5455 262
5453 5487 234
5465 5511 282
5483 5500 56
5497 5511 129
5500 5540 230
5520 5563 252
5526 5563 177
5552 5565 110
5561 5578 278
5583 5584 190
5591 5629 36
5621 5661 96
5633 5680 270
5637 5673 35
5648 5685 54
5658 5668 161
5673 5712 188
5701 5723 139
5731 5780 6
5760 5796 292
5790 5793 165
5798 5804 103
5822 5856 99
5838 5850 9
5854 5888 260
5856 5892 247
5883 5891 191
5884 5901 50
5906 5945 70
5924 5960 276
5946 5947 226
5951 5992 136
5980 5996 75
6010 6027 151
6030 6041 12
6041 6066 184
6044 6072 9
6053 6094 159
6057 6092 159
6065 6080 173
6093 6112 262
6122 6170 165
6127 6173 41
6132 6135 60
6149 6167 168
6150 6168 145
6150 6179 55
6159 6204 291
