400
18 47 295
47 84 276
65 94 6
93 125 80
105 144 35
128 136 84
129 144 38
154 156 251
154 176 54
158 189 36
177 203 147
194 201 46
220 236 274
246 284 136
251 282 32
270 301 58
291 312 149
307 326 106
311 350 69
340 363 95
370 400 278
375 383 246
378 422 230
405 445 106
422 429 241
433 447 219
435 464 168
435 479 8
458 501 75
467 512 16
477 500 245
506 547 156
515 561 206
518 530 297
521 556 53
536 584 133
544 580 296
569 612 292
573 606 219
598 616 77
625 641 153
625 642 282
640 643 168
665 682 30
689 693 108
695 736 216
698 719 102
698 738 255
713 760 57
740 780 136
762 801 182
787 834 168
794 841 96
799 804 250
807 834 27
818 821 52
839 872 147
844 892 141
851 875 72
856 860 17
880 915 165
894 938 22
923 972 297
952 999 179
972 985 160
986 1031 27
1001 1043 41
1018 1039 149
1039 1049 10
1047 1078 151
1067 1103 47
1089 1136 231
1110 1116 212
1126 1130 207
1133 1157 290
1137 1145 270
1166 1189 83
1193 1214 16
1216 1261 196
1223 1256 74
1236 1262 166
1250 1253 196
1280 1297 300
1301 1338 239
1305 1328 85
1316 1321 106
1341 1381 184
1364 1399 185
1366 1407 265
1378 1394 290
1385 1412 297
1409 1414 234
1423 1427 7
1432 1444 292
1451 1500 9
1453 1477 59
1478 1489 183
1507 1513 12
1515 1540 182
1519 1531 25
1530 1540 132
1531 1564 226
1536 1548 259
1550 1594 34
1574 1613 158
1604 1622 211
1614 1622 243
1618 1666 252
1639 1641 244
1646 1652 180
1656 1702 129
1671 1705 127
1677 1692 61
1706 1709 108
1721 1755 178
1726 1761 118
1744 1759 243
1754 1802 175
1755 1793 281
1778 1806 40
1795 1816 123
1812 1827 56
1822 1827 38
1848 1876 32
1876 1889 83
1883 1921 140
1901 1934 61
1902 1938 221
1925 1963 118
1934 1947 150
1939 1960 14
1943 1975 137
1958 1970 124
1963 1980 133
1972 2021 52
1999 2026 178
2015 2059 253
2039 2055 191
2047 2051 160
2074 2080 176
2081 2115 233
2089 2139 190
2116 2165 232
2126 2148 42
2141 2155 271
2165 2179 208
2170 2178 137
2176 2190 42
2184 2197 133
2188 2238 76
2197 2240 204
2219 2261 290
2221 2225 20
2230 2243 163
2238 2267 175
2238 2239 100
2260 2295 37
2286 2295 86
2314 2363 102
2338 2345 83
2348 2361 201
2354 2367 258
2358 2399 277
2367 2398 121
2386 2431 240
2408 2424 216
2415 2420 134
2426 2435 113
2442 2451 226
2469 2498 178
2483 2525 208
2510 2544 121
2532 2572 255
2542 2546 215
2548 2549 37
2572 2579 43
2587 2609 228
2598 2614 20
2628 2638 256
2637 2668 61
2643 2689 21
2649 2677 55
2669 2684 282
2692 2741 198
2699 2732 34
2700 2727 33
2713 2723 128
2719 2730 297
2727 2749 195
2738 2771 3
2751 2757 179
2781 2823 61
2785 2811 97
2808 2855 188
2823 2828 252
2827 2846 114
2852 2870 180
2869 2892 199
2890 2922 159
2902 2942 100
2923 2951 174
2933 2956 129
2958 2966 251
2964 2977 51
2987 3009 153
2997 3015 237
3015 3029 2
3044 3090 280
3052 3053 37
3075 3114 295
3088 3115 159
3116 3144 103
3145 3166 205
3145 3146 146
3148 3174 43
3149 3172 65
3150 3167 175
3154 3181 192
3179 3210 5
3190 3217 287
3209 3218 277
3238 3280 276
3258 3296 84
3269 3290 175
3281 3324 171
3307 3348 21
3332 3379 74
3343 3349 112
3357 3365 293
3360 3404 258
3365 3387 25
3368 3401 17
3369 3384 87
3372 3404 94
3390 3414 211
3391 3396 268
3399 3433 117
3423 3427 120
3453 3462 265
3470 3509 122
3484 3518 158
3512 3550 226
3529 3534 284
3553 3593 45
3558 3599 241
3573 3587 234
3584 3607 184
3595 3610 231
3615 3622 190
3619 3656 149
3631 3679 182
3650 3692 67
3652 3663 14
3666 3686 225
3694 3727 180
3724 3746 20
3727 3752 122
3734 3764 69
3746 3792 189
3754 3763 287
3758 3781 55
3774 3808 39
3799 3843 120
3803 3845 148
3811 3857 295
3837 3872 176
3853 3899 200
3872 3881 214
3892 3924 225
3894 3915 298
3915 3925 141
3922 3965 15
3945 3993 288
3952 3969 80
3960 3990 149
3978 3996 36
4004 4013 98
4023 4064 289
4038 4065 93
4066 4087 278
4068 4090 146
4085 4126 1
4093 4135 48
4110 4137 169
4134 4155 207
4152 4187 64
4168 4215 223
4180 4193 120
4185 4188 9
4209 4223 102
4235 4265 239
4250 4254 199
4257 4281 12
4272 4303 217
4279 4290 44
4291 4326 113
4314 4319 295
4338 4348 42
4365 4414 188
4369 4407 234
4375 4377 118
4385 4434 239
4388 4417 18
4405 4447 31
4424 4463 7
4446 4480 202
4455 4485 96
4468 4510 31
4495 4541 17
4522 4524 10
4531 4536 22
4542 4582 171
4564 4569 55
4592 4625 211
4607 4635 275
4620 4639 11
4650 4653 160
4655 4656 119
4669 4699 111
4672 4677 23
4683 4696 61
4703 4742 7
4704 4728 14
4724 4750 170
4727 4751 77
4727 4763 6
4735 4784 26
4754 4800 180
4758 4786 50
4763 4795 224
4768 4815 196
4792 4799 77
4793 4839 67
4818 4819 167
4843 4846 116
4856 4896 43
4866 4871 273
4890 4922 68
4902 4942 182
4927 4940 121
4947 4966 132
4948 4971 45
4973 4998 40
4993 5006 206
5009 5011 252
5021 5067 63
5035 5069 5
5049 5080 230
5062 5109 169
5068 5072 131
5085 5092 289
5096 5116 261
5096 5098 231
5123 5125 238
5142 5178 181
5168 5183 194
5175 5213 56
5175 5206 300
5201 5246 23
5227 5276 199
5232 5279 123
5257 5273 210
5281 5309 204
5285 5334 279
5298 5308 190
5310 5313 86
5325 5350 259
5326 5346 163
5327 5332 17
5354 5359 218
5378 5400 270
5381 5392 294
5404 5409 144
5430 5450 111
5456 5488 111
5477 5517 11
5501 5528 176
5515 5559 288
5539 5580 155
5549 5562 20
5570 5598 159
5581 5627 74
5607 5624 179
5620 5621 89
5639 5678 62
5649 5682 108
5670 5680 164
5694 5728 180
5711 5755 70
5733 5737 6
5748 5767 145
5756 5757 259
5756 5770 203
5758 5783 102
5764 5797 282
5775 5788 240
5802 5830 241
5805 5826 107
5830 5867 77
5854 5876 61
