400
14 47 1
29 44 300
41 90 4
54 56 63
61 108 148
84 129 116
103 105 281
130 154 265
149 150 193
168 199 13
197 234 187
214 232 154
237 257 166
248 278 163
272 290 94
278 279 262
290 339 258
314 362 276
322 330 197
333 339 127
355 366 36
383 419 62
398 423 274
401 442 25
429 462 235
443 446 102
462 490 231
483 520 104
490 510 206
496 508 236
496 524 155
520 541 299
542 584 184
548 559 107
558 566 64
568 606 289
583 610 131
609 622 42
628 675 96
642 686 64
664 693 69
668 676 274
684 724 99
687 715 150
690 707 293
703 750 186
714 751 83
718 759 34
725 730 159
726 760 165
737 762 12
752 781 281
778 806 114
784 819 244
793 817 47
801 802 37
826 864 219
851 884 173
864 914 205
869 873 23
870 872 166
880 890 153
895 934 113
898 920 187
906 910 174
919 935 96
928 977 54
930 954 1
932 940 230
948 973 196
971 1005 243
975 1008 61
995 1010 249
1010 1020 165
1029 1076 3
1030 1047 291
1051 1080 179
1064 1087 204
1076 1088 247
1085 1114 57
1095 1133 154
1121 1154 279
1131 1133 72
1145 1147 85
1162 1209 256
1176 1184 118
1182 1197 56
1210 1231 24
1221 1228 153
1226 1249 285
1240 1282 196
1253 1259 263
1275 1323 42
1280 1287 31
1288 1317 56
1292 1295 182
1311 1360 272
1324 1351 155
1331 1336 225
1335 1356 62
1359 1391 26
1372 1382 22
1375 1416 27
1382 1414 230
1397 1438 123
1424 1458 242
1449 1459 140
1456 1458 257
1476 1522 59
1488 1521 160
1495 1538 149
1520 1531 152
1526 1551 282
1553 1600 296
1562 1594 218
1585 1618 172
1606 1634 18
1627 1651 164
1649 1688 205
1674 1710 189
1694 1718 219
1719 1748 21
1728 1731 160
1734 1761 86
1752 1799 84
1774 1806 62
1793 1831 230
1808 1826 283
1816 1858 9
1821 1851 45
1844 1864 210
1845 1853 79
1869 1898 207
1882 1915 234
1910 1932 127
1926 1940 279
1936 1940 228
1957 1969 102
1985 2028 240
1995 2014 46
1999 2042 177
2029 2049 178
2035 2071 209
2042 2071 56
2054 2103 224
2071 2110 238
2095 2143 56
2123 2146 89
2148 2169 16
2150 2181 10
2151 2158 27
2173 2206 98
2198 2228 54
2214 2257 274
2221 2270 216
2231 2257 29
2246 2290 104
2269 2296 21
2287 2307 119
2287 2311 123
2289 2292 98
2307 2343 89
2319 2320 148
2335 2365 117
2344 2359 1
2352 2370 299
2352 2372 232
2372 2376 63
2394 2400 32
2396 2421 66
2420 2455 85
2438 2483 239
2450 2464 270
2469 2502 45
2494 2508 138
2524 2527 254
2547 2590 6
2572 2589 284
2583 2627 229
2584 2591 71
2603 2632 119
2610 2639 13
2613 2624 272
2633 2680 176
2651 2660 78
2677 2685 8
2681 2692 38
2683 2707 30
2701 2719 71
2707 2741 213
2732 2735 245
2735 2757 217
2740 2786 291
2757 2779 21
2776 2781 97
2805 2847 143
2826 2828 111
2841 2875 166
2853 2890 67
2856 2883 92
2873 2883 249
2881 2921 251
2909 2959 39
2918 2928 279
2922 2941 86
2941 2953 235
2941 2967 94
2971 3005 286
2983 3006 32
3000 3033 221
3003 3035 285
3008 3053 294
3034 3067 89
3042 3090 261
3066 3076 148
3088 3134 215
3114 3159 220
3138 3159 141
3139 3177 277
3151 3158 285
3176 3183 37
3193 3201 72
3218 3252 249
3218 3263 271
3224 3244 243
3246 3279 165
3248 3257 252
3275 3323 2
3278 3323 82
3298 3304 77
3319 3335 233
3320 3334 131
3331 3334 113
3333 3335 234
3340 3362 31
3357 3384 190
3371 3416 109
3374 3388 243
3404 3423 252
3421 3454 157
3434 3452 111
3440 3447 200
3451 3465 192
3460 3484 23
3463 3491 257
3469 3497 196
3493 3538 272
3522 3554 33
3542 3568 122
3554 3572 255
3562 3584 230
3569 3610 73
3588 3619 291
3601 3647 168
3626 3638 55
3634 3650 165
3647 3672 28
3669 3719 146
3698 3706 291
3718 3740 18
3724 3735 227
3751 3764 17
3757 3798 33
3783 3796 186
3811 3822 162
3835 3877 128
3849 3890 169
3869 3898 92
3869 3881 22
3874 3876 270
3886 3905 162
3888 3934 245
3889 3918 50
3901 3941 229
3927 3941 34
3940 3956 125
3940 3948 27
3965 3978 128
3965 3975 222
3974 3992 184
3979 4010 223
4004 4053 224
4004 4018 222
4007 4025 149
4017 4018 253
4046 4081 135
4050 4064 298
4077 4098 237
4093 4142 91
4104 4154 295
4120 4164 164
4124 4144 218
4124 4158 19
4132 4174 173
4147 4184 94
4158 4165 266
4158 4200 189
4161 4205 182
4165 4200 60
4182 4211 53
4193 4228 203
4215 4265 290
4228 4247 135
4250 4284 185
4265 4288 63
4293 4320 73
4315 4363 71
4316 4331 146
4321 4343 208
4345 4377 125
4349 4377 267
4378 4384 224
4393 4413 212
4394 4437 219
4405 4428 300
4419 4449 91
4444 4492 282
4468 4476 257
4468 4513 232
4494 4504 233
4516 4556 268
4533 4544 284
4551 4572 259
4566 4594 208
4570 4616 227
4585 4632 122
4615 4625 16
4632 4644 44
4636 4640 175
4658 4693 28
4685 4735 108
4705 4713 187
4709 4718 278
4725 4753 209
4749 4772 171
4756 4781 61
4778 4819 146
4791 4837 26
4791 4823 69
4818 4824 92
4834 4865 126
4864 4909 224
4888 4901 247
4896 4916 227
4918 4926 251
4920 4956 16
4937 4974 49
4945 4955 157
4975 5023 182
5003 5017 281
5014 5035 251
5029 5060 263
5030 5067 157
5032 5041 161
5045 5069 287
5068 5072 194
5074 5102 194
5084 5118 97
5102 5113 91
5104 5125 249
5105 5148 201
5124 5152 4
5150 5184 112
5162 5182 7
5166 5195 243
5182 5191 121
5192 5200 217
5220 5222 189
5224 5255 195
5250 5264 130
5250 5253 20
5268 5284 86
5268 5280 59
5291 5325 6
5303 5340 80
5322 5342 260
5338 5369 193
5357 5391 79
5382 5421 62
5391 5395 122
5418 5459 35
5444 5475 176
5465 5509 182
5479 5525 265
5505 5511 96
5505 5519 275
5509 5533 1
5510 5549 210
5539 5549 149
5546 5588 60
5564 5589 177
5586 5619 231
5603 5618 275
5632 5636 175
5656 5675 138
5663 5666 268
5675 5687 83
5692 5719 280
5704 5713 88
5731 5735 158
