400
25 49 74
46 61 148
64 66 179
69 105 165
98 104 277
122 158 6
147 181 167
175 206 168
198 231 142
208 234 236
232 274 57
262 280 144
286 320 75
292 330 157
322 346 112
346 347 185
362 390 164
380 390 111
399 412 15
419 453 249
432 433 40
455 461 92
468 506 292
472 521 103
497 511 114
515 548 266
523 567 184
549 580 166
554 577 20
578 600 76
587 625 281
588 607 94
610 627 16
625 633 69
644 671 282
657 681 300
665 712 116
681 724 95
692 722 192
708 716 251
718 734 6
732 781 221
758 770 196
783 806 58
789 825 101
797 839 111
827 870 45
834 884 130
836 849 296
839 880 29
842 877 159
850 860 235
865 899 294
884 928 20
895 910 160
907 917 147
934 940 50
950 977 294
979 1028 30
1006 1037 25
1016 1066 255
1033 1060 192
1057 1107 191
1081 1092 146
1081 1103 233
1092 1096 217
1114 1160 187
1121 1134 239
1144 1167 118
1153 1168 132
1177 1216 107
1183 1195 111
1185 1215 193
1188 1235 296
1213 1229 180
1218 1263 228
1219 1253 70
1228 1278 106
1242 1281 52
1246 1275 130
1260 1300 54
1262 1263 192
1275 1325 245
1304 1316 289
1311 1329 244
1312 1356 254
1333 1368 296
1342 1346 291
1359 1407 12
1387 1391 243
1402 1422 6
1429 1435 172
1441 1459 251
1456 1470 196
1464 1511 137
1489 1497 177
1489 1491 229
1499 1540 173
1501 1548 201
1527 1539 15
1531 1557 171
1559 1603 209
1586 1607 188
1597 1603 86
1626 1664 11
1636 1673 187
1645 1677 290
1651 1655 284
1660 1697 240
1678 1705 48
1698 1721 265
1705 1754 171
1730 1731 94
1759 1798 78
1774 1792 221
1785 1803 144
1799 1837 10
1813 1821 132
1839 1874 231
1862 1882 211
1867 1877 51
1877 1897 54
1883 1925 295
1913 1938 50
1923 1927 137
1949 1956 294
1976 2024 273
2004 2024 150
2027 2059 208
2057 2104 82
2067 2105 243
2084 2121 46
2105 2155 88
2116 2152 242
2124 2155 232
2149 2169 185
2156 2173 218
2183 2197 259
2190 2237 64
2212 2232 236
2226 2246 162
2248 2280 300
2268 2311 79
2280 2290 246
2292 2302 204
2296 2338 33
2317 2334 167
2334 2357 219
2340 2355 25
2351 2389 48
2357 2391 267
2358 2402 296
2386 2417 152
2409 2454 183
2425 2463 80
2448 2475 178
2448 2482 295
2472 2515 1
2477 2513 105
2497 2521 101
2510 2547 237
2519 2524 46
2531 2580 5
2550 2576 190
2555 2604 43
2559 2562 21
2571 2591 251
2572 2596 263
2577 2603 18
2605 2643 269
2611 2647 29
2622 2658 131
2632 2642 5
2639 2676 236
2664 2678 38
2665 2701 197
2688 2694 252
2713 2734 143
2735 2743 217
2751 2771 34
2752 2790 122
2755 2797 280
2773 2775 235
2802 2825 54
2811 2852 62
2825 2842 77
2840 2846 190
2859 2890 31
2883 2928 211
2902 2920 236
2930 2941 117
2958 2992 29
2981 3018 10
2999 3019 49
3029 3061 107
3051 3078 47
3056 3079 101
3065 3067 50
3072 3082 18
3093 3107 188
3112 3130 107
3115 3150 9
3122 3164 109
3136 3186 189
3140 3144 142
3151 3158 97
3152 3177 124
3161 3197 86
3180 3186 178
3207 3251 239
3208 3246 271
3233 3272 33
3257 3293 207
3260 3309 276
3260 3299 34
3283 3310 188
3299 3347 181
3305 3337 98
3305 3326 104
3315 3318 126
3336 3374 7
3357 3399 278
3380 3428 39
3398 3440 214
3413 3434 277
3413 3440 206
3435 3438 2
3436 3462 123
3454 3495 59
3457 3491 137
3469 3496 115
3493 3507 208
3497 3503 188
3516 3518 172
3523 3561 259
3533 3561 69
3543 3566 112
3561 3585 212
3588 3603 173
3606 3633 61
3631 3654 72
3655 3664 28
3657 3684 272
3663 3671 199
3680 3722 273
3709 3724 290
3732 3756 237
3748 3793 248
3755 3770 40
3757 3781 43
3778 3819 181
3780 3800 212
3786 3810 95
3811 3851 251
3819 3824 47
3843 3870 235
3872 3911 84
3893 3940 76
3914 3955 248
3930 3978 166
3956 3992 106
3957 3966 271
3987 4035 20
4004 4008 256
4014 4048 150
4034 4054 176
4047 4081 264
4052 4065 73
4079 4115 177
4098 4099 269
4109 4141 45
4116 4137 143
4139 4169 36
4152 4180 91
4168 4196 51
4184 4185 161
4196 4240 33
4213 4224 294
4222 4248 204
4231 4273 272
4260 4296 57
4279 4302 293
4283 4309 243
4302 4347 44
4322 4368 93
4324 4357 269
4337 4378 192
4340 4372 232
4354 4358 201
4364 4376 268
4390 4421 102
4417 4430 149
4426 4439 213
4430 4468 17
4431 4443 43
4446 4454 95
4451 4463 164
4456 4503 10
4468 4504 270
4495 4539 102
4520 4555 140
4533 4540 218
4545 4593 185
4567 4604 227
4597 4627 234
4627 4634 252
4636 4661 168
4636 4652 140
4647 4649 200
4651 4663 168
4681 4708 68
4687 4737 188
4698 4709 88
4724 4767 32
4724 4766 102
4750 4753 120
4766 4773 114
4778 4801 136
4795 4837 228
4797 4844 5
4816 4866 107
4831 4839 156
4834 4876 48
4859 4888 75
4862 4882 288
4878 4885 120
4903 4937 199
4932 4954 11
4948 4997 55
4957 4964 20
4964 5011 167
4991 5029 190
5008 5047 294
5028 5048 247
5031 5056 179
5033 5062 85
5052 5054 5
5071 5115 199
5088 5101 22
5098 5125 38
5121 5149 181
5127 5162 249
5132 5163 79
5147 5185 103
5163 5179 264
5166 5179 78
5174 5221 132
5194 5197 129
5198 5222 265
5219 5261 154
5233 5281 229
5249 5263 75
5250 5280 233
5271 5281 39
5299 5329 114
5301 5304 128
5320 5351 254
5326 5365 161
5341 5353 259
5368 5379 113
5371 5392 170
5389 5399 41
5406 5454 140
5409 5414 198
5439 5471 197
5445 5452 90
5446 5475 196
5451 5483 31
5473 5501 165
5475 5505 102
5499 5545 231
5524 5555 153
5541 5563 44
5563 5578 193
5565 5595 116
5584 5593 36
5614 5652 98
5625 5653 150
5645 5689 214
5648 5650 87
5659 5691 191
5668 5684 279
5671 5689 71
5680 5713 296
5686 5732 272
5714 5737 139
5734 5771 212
5758 5796 287
5784 5819 7
5798 5837 191
5813 5827 167
5824 5872 253
5826 5857 32
5837 5883 268
5851 5877 296
5854 5903 53
5877 5879 194
5885 5898 17
5899 5943 260
5900 5950 227
