400
6 24 61
30 53 191
52 64 72
75 108 56
87 104 101
94 137 169
96 145 11
107 152 263
134 184 229
156 176 4
176 179 105
190 231 125
214 231 230
215 236 188
235 285 217
258 262 86
283 317 240
285 319 293
314 351 69
318 353 156
332 382 257
360 394 129
388 402 201
417 434 158
443 491 15
455 458 268
484 516 159
498 547 173
511 552 152
511 544 248
521 540 137
545 557 294
575 612 191
593 633 60
617 635 246
617 640 54
618 640 194
638 671 183
646 658 50
670 706 221
700 707 70
723 750 153
749 769 24
763 810 19
787 801 13
789 824 62
794 837 158
815 856 237
824 856 92
850 893 67
871 910 62
892 933 215
921 960 118
931 939 115
953 969 142
975 997 207
975 1005 108
996 1023 121
1005 1052 2
1008 1028 126
1034 1050 34
1046 1070 256
1048 1070 30
1077 1126 71
1103 1107 268
1133 1157 38
1158 1202 295
1172 1179 46
1196 1207 89
1214 1245 190
1230 1243 296
1259 1308 140
1282 1315 170
1289 1297 36
1290 1297 79
1293 1320 150
1302 1335 264
1323 1327 266
1328 1338 192
1335 1350 19
1337 1361 144
1349 1382 73
1359 1382 10
1387 1423 296
1409 1456 201
1417 1432 61
1426 1455 31
1451 1480 87
1476 1481 221
1497 1499 29
1509 1557 48
1511 1528 272
1515 1539 249
1545 1550 206
1565 1596 148
1593 1643 179
1616 1643 23
1630 1663 269
1656 1673 160
1661 1667 126
1670 1677 189
1684 1691 86
1711 1745 94
1727 1748 263
1744 1761 117
1760 1804 272
1785 1832 67
1812 1816 61
1819 1831 179
1835 1841 271
1853 1858 153
1878 1894 243
1887 1926 215
1902 1942 54
1904 1937 4
1932 1944 238
1961 1967 75
1972 1996 23
1974 1997 56
1988 2019 68
1999 2031 203
2008 2054 82
2026 2027 56
2049 2086 12
2079 2109 75
2080 2094 236
2081 2124 48
2111 2155 84
2115 2152 232
2127 2157 214
2148 2179 210
2176 2226 147
2183 2233 271
2184 2199 159
2214 2217 297
2222 2264 261
2245 2264 226
2267 2310 226
2281 2309 281
2282 2326 158
2312 2334 284
2325 2326 82
2328 2359 294
2341 2390 173
2343 2352 261
2369 2415 154
2373 2390 61
2386 2393 4
2401 2419 192
2401 2424 58
2428 2451 206
2430 2460 218
2438 2485 192
2453 2455 89
2473 2510 174
2501 2534 300
2513 2530 18
2537 2561 286
2555 2567 183
2558 2588 65
2567 2605 273
2571 2599 71
2575 2607 286
2596 2621 232
2597 2636 164
2610 2615 205
2638 2685 191
2652 2676 220
2682 2710 134
2697 2736 271
2712 2761 101
2717 2757 171
2744 2748 234
2769 2804 182
2776 2785 47
2788 2790 115
2796 2823 143
2811 2846 206
2822 2838 110
2823 2834 170
2850 2897 82
2852 2868 101
2856 2900 142
2857 2880 211
2864 2880 96
2886 2903 142
2894 2924 19
2922 2941 147
2952 2953 191
2975 2999 293
2978 3008 142
2983 3018 82
3010 3026 176
3025 3035 288
3038 3059 42
3055 3062 291
3062 3064 16
3070 3118 170
3070 3115 25
3100 3101 233
3109 3141 254
3124 3164 27
3146 3183 108
3157 3186 277
3159 3207 240
3176 3211 282
3178 3228 44
3194 3208 19
3213 3252 281
3218 3261 38
3240 3241 154
3257 3274 77
3287 3326 113
3312 3338 183
3328 3376 245
3342 3357 118
3370 3382 28
3376 3382 192
3385 3434 270
3407 3453 252
3430 3447 239
3440 3449 176
3445 3467 180
3445 3486 191
3469 3512 2
3491 3499 210
3502 3516 186
3526 3567 135
3543 3592 179
3547 3551 290
3568 3608 174
3592 3616 103
3616 3624 67
3618 3620 95
3640 3671 197
3650 3691 120
3671 3718 63
3686 3699 69
3701 3744 39
3726 3754 98
3751 3788 232
3771 3800 288
3800 3844 159
3810 3840 230
3828 3870 200
3831 3867 47
3847 3890 104
3876 3923 37
3888 3937 292
3890 3895 79
3898 3916 48
3925 3939 248
3944 3969 159
3964 3979 100
3989 4026 148
4005 4039 205
4024 4055 82
4046 4084 146
4061 4081 205
4086 4124 8
4104 4137 66
4117 4164 48
4118 4126 27
4144 4178 7
4160 4193 121
4179 4206 76
4206 4227 166
4214 4218 176
4236 4265 280
4249 4266 278
4261 4296 108
4285 4304 299
4285 4290 287
4288 4291 198
4293 4336 25
4299 4340 185
4311 4350 17
4311 4346 87
4340 4371 111
4357 4387 282
4366 4402 10
4372 4383 22
4399 4409 154
4406 4429 166
4416 4443 225
4429 4438 170
4451 4490 239
4479 4509 105
4497 4511 21
4526 4550 63
4553 4567 264
4564 4610 45
4565 4583 123
4578 4596 29
4595 4617 111
4621 4635 92
4632 4674 59
4650 4694 40
4673 4699 291
4695 4741 23
4701 4708 269
4728 4729 227
4737 4784 245
4745 4787 61
4750 4791 246
4765 4795 85
4771 4790 160
4772 4791 128
4801 4815 136
4824 4841 47
4837 4861 242
4866 4912 68
4880 4928 219
4903 4947 179
4903 4950 269
4910 4959 91
4923 4926 215
4934 4948 47
4953 4978 98
4953 4985 63
4967 5008 67
4996 5029 155
5016 5047 81
5041 5042 20
5062 5095 267
5070 5100 200
5075 5113 37
5105 5114 206
5128 5160 68
5133 5159 193
5161 5176 46
5186 5190 289
5208 5253 140
5215 5243 178
5221 5260 214
5225 5235 77
5227 5263 250
5230 5257 89
5236 5251 136
5247 5270 148
5247 5287 112
5258 5289 52
5288 5289 279
5299 5336 175
5329 5331 61
5340 5352 155
5352 5367 24
5372 5411 186
5382 5428 111
5391 5419 146
5404 5418 126
5421 5448 182
5434 5449 251
5444 5481 226
5450 5491 213
5471 5512 211
5490 5507 299
5519 5546 145
5537 5558 291
5540 5589 88
5541 5570 263
5566 5600 22
5583 5585 159
5589 5616 62
5617 5623 53
5638 5678 274
5642 5674 294
5662 5685 64
5662 5686 35
5671 5699 112
5682 5724 192
5687 5703 81
5701 5744 243
5725 5766 170
5730 5778 264
5731 5780 160
5755 5792 150
5759 5768 288
5761 5801 130
5764 5813 34
5793 5813 175
5793 5813 205
5812 5862 117
5842 5887 194
5849 5878 108
5873 5921 194
5889 5914 239
5916 5919 183
5931 5953 272
5949 5975 82
5971 6000 264
5983 6012 55
6011 6061 220
6015 6046 277
6023 6037 94
6040 6080 239
6063 6071 290
6066 6075 173
6070 6094 167
6096 6106 78
