400
17 42 187
21 57 166
29 35 207
38 60 194
47 50 105
58 71 37
63 77 234
89 122 118
117 137 48
131 181 300
161 191 61
191 221 68
203 211 134
228 266 172
233 267 120
250 282 255
277 320 141
279 302 111
290 295 72
303 345 28
306 326 108
327 363 203
338 345 211
363 400 87
368 412 83
388 391 50
397 401 150
419 436 75
423 437 236
429 457 114
435 456 122
459 499 267
477 522 185
503 550 111
531 576 157
543 589 15
554 589 125
562 594 7
574 623 124
590 612 110
602 633 68
602 622 88
619 635 29
639 658 101
651 682 132
671 690 134
690 695 138
694 712 93
716 740 183
717 734 247
740 741 295
769 805 42
783 804 22
811 824 91
829 868 43
856 903 279
860 897 74
870 903 20
879 919 4
891 939 269
912 960 110
924 963 119
931 972 112
947 991 231
952 999 56
982 1016 79
1001 1023 68
1026 1067 43
1042 1061 143
1048 1097 149
1055 1099 262
1059 1078 83
1063 1067 257
1076 1097 38
1081 1117 25
1104 1117 5
1131 1141 240
1139 1179 254
1146 1161 266
1170 1177 84
1193 1197 104
1205 1248 154
1216 1219 181
1223 1247 173
1247 1267 48
1251 1283 39
1262 1269 57
1262 1311 287
1272 1320 174
1295 1308 77
1319 1351 27
1321 1345 57
1325 1343 106
1335 1372 24
1341 1356 51
1361 1404 86
1383 1412 73
1402 1425 127
1430 1444 86
1455 1482 211
1478 1528 113
1478 1485 96
1489 1516 188
1496 1523 243
1521 1567 255
1547 1559 111
1560 1586 3
1566 1589 275
1594 1622 170
1598 1607 107
1611 1649 264
1614 1641 12
1629 1666 1
1659 1674 272
1680 1681 250
1704 1728 285
1710 1753 232
1728 1775 113
1744 1749 154
1756 1791 128
1774 1792 49
1774 1780 160
1801 1834 266
1806 1850 38
1820 1826 232
1831 1875 285
1852 1856 181
1876 1883 139
1880 1896 270
1893 1899 135
1918 1945 172
1929 1971 250
1950 1979 23
1968 1971 282
1971 2017 150
1973 1985 264
1987 2012 163
1989 2010 151
2015 2025 234
2036 2037 236
2053 2069 272
2055 2102 290
2077 2108 211
2080 2115 90
2110 2132 287
2112 2161 272
2116 2147 288
2124 2133 195
2135 2137 55
2138 2147 52
2153 2160 232
2171 2196 82
2182 2212 91
2210 2232 34
2232 2273 250
2259 2309 295
2289 2308 135
2295 2323 25
2318 2360 222
2320 2325 260
2342 2366 55
2371 2383 111
2387 2437 172
2413 2440 55
2437 2478 298
2453 2493 184
2469 2480 117
2499 2525 56
2508 2547 233
2531 2563 248
2559 2569 256
2589 2607 182
2619 2623 175
2635 2674 141
2665 2715 158
2695 2707 199
2714 2756 39
2729 2737 59
2737 2750 271
2766 2767 44
2766 2794 108
2776 2808 281
2784 2824 181
2785 2809 49
2795 2816 63
2811 2858 6
2840 2865 7
2857 2899 241
2869 2911 20
2890 2932 9
2893 2921 116
2898 2916 115
2905 2918 64
2912 2953 114
2924 2969 112
2944 2981 36
2966 2980 134
2996 3010 236
3009 3052 141
3027 3054 183
3030 3079 60
3052 3065 72
3071 3109 205
3100 3124 75
3107 3140 109
3114 3151 221
3114 3135 121
3132 3182 12
3157 3195 105
3177 3204 26
3192 3195 293
3201 3250 6
3226 3234 198
3232 3238 174
3236 3271 75
3249 3292 231
3249 3269 92
3250 3255 72
3275 3284 70
3282 3289 2
3290 3334 10
3296 3300 252
3323 3330 166
3338 3362 153
3338 3341 83
3346 3382 4
3351 3390 103
3378 3411 267
3387 3428 85
3404 3437 47
3408 3427 297
3428 3460 242
3453 3500 274
3473 3493 228
3481 3518 102
3496 3511 190
3500 3550 266
3500 3545 131
3509 3558 71
3519 3525 244
3524 3540 200
3531 3577 260
3551 3565 100
3551 3574 77
3560 3592 160
3572 3611 255
3578 3626 183
3579 3606 177
3594 3607 194
3602 3603 267
3602 3641 205
3626 3637 137
3632 3666 23
3651 3654 47
3660 3681 237
3664 3695 132
3694 3700 293
3719 3764 131
3740 3784 154
3740 3769 92
3756 3773 194
3779 3821 281
3804 3849 39
3822 3833 206
3833 3882 235
3849 3874 69
3878 3895 36
3891 3913 19
3911 3961 7
3921 3927 256
3947 3956 17
3950 3993 250
3971 4020 291
3986 3990 213
3987 4003 299
3989 3995 121
3996 4001 169
3997 4042 238
4018 4054 67
4021 4067 285
4035 4078 52
4045 4054 222
4064 4070 134
4069 4094 287
4098 4145 52
4113 4150 243
4122 4168 199
4133 4164 91
4133 4162 208
4142 4154 160
4150 4152 270
4169 4184 141
4189 4200 18
4214 4242 120
4226 4259 166
4230 4251 49
4250 4296 24
4267 4295 124
4283 4300 280
4303 4337 49
4329 4353 185
4332 4349 198
4350 4386 83
4357 4390 171
4382 4421 290
4410 4448 233
4414 4421 2
4423 4429 128
4431 4459 39
4455 4485 223
4470 4480 232
4477 4526 288
4479 4490 89
4482 4523 294
4489 4511 90
4501 4521 48
4511 4547 294
4515 4534 252
4522 4566 212
4536 4578 164
4537 4578 196
4551 4561 129
4575 4599 117
4597 4643 152
4608 4616 224
4611 4635 8
4635 4672 46
4664 4691 71
4686 4730 181
4713 4735 152
4730 4759 21
4747 4768 283
4768 4791 25
4798 4817 121
4817 4856 269
4835 4862 239
4848 4870 19
4853 4881 149
4874 4912 60
4903 4938 158
4923 4946 18
4928 4954 201
4941 4955 242
4966 4976 170
4982 5021 112
4988 5011 190
4990 5036 77
5003 5052 252
5007 5044 236
5036 5065 165
5036 5044 5
5050 5065 213
5069 5116 58
5098 5111 217
5106 5122 93
5121 5153 245
5136 5151 262
5154 5188 135
5169 5189 259
5183 5228 123
5213 5229 223
5219 5259 136
5238 5245 25
5250 5278 38
5275 5288 228
5300 5307 2
5320 5328 217
5325 5375 161
5344 5358 97
5354 5393 230
5378 5404 117
5384 5391 175
5412 5418 253
5442 5464 274
5471 5479 265
5474 5523 257
5477 5478 98
5507 5520 48
5527 5557 86
5528 5573 76
5553 5562 155
5574 5577 72
5575 5599 298
5582 5613 273
5595 5613 3
5617 5622 56
5634 5646 229
5642 5684 126
5650 5661 84
5667 5695 288
5692 5729 257
5703 5731 85
5733 5744 235
5745 5771 268
5762 5795 138
5768 5802 300
5785 5810 58
5786 5824 256
5813 5824 134
5837 5879 43
