400
6 13 113
17 53 178
41 44 189
57 92 284
76 78 30
93 132 19
103 132 140
107 117 126
127 165 78
130 179 289
139 156 172
166 198 162
170 184 244
196 201 52
210 250 274
235 247 247
256 264 208
266 293 196
290 334 152
305 355 170
307 313 146
317 344 196
333 370 57
346 384 11
364 414 283
367 377 240
372 404 50
389 431 201
398 408 289
418 427 136
437 444 132
444 459 112
470 508 266
487 524 93
514 534 297
527 539 123
547 587 151
547 562 148
562 590 129
579 600 173
589 607 99
606 624 258
623 661 215
651 697 218
655 688 214
672 715 30
697 742 200
698 735 140
699 738 244
709 723 294
733 760 264
753 785 185
776 794 147
780 797 168
804 832 267
815 823 251
842 853 154
861 901 299
885 917 262
905 922 229
907 954 263
926 962 285
927 957 164
932 952 257
939 941 60
956 976 224
984 1002 54
1005 1022 219
1016 1049 215
1032 1046 87
1042 1051 110
1058 1092 226
1085 1093 263
1101 1133 40
1110 1111 239
1118 1122 51
1127 1138 82
1137 1175 212
1140 1150 277
1145 1185 290
1146 1176 106
1164 1202 89
1171 1209 134
1189 1198 263
1216 1253 236
1235 1267 163
1242 1278 68
1243 1264 53
1264 1290 164
1273 1284 58
1299 1343 84
1320 1342 206
1336 1353 84
1344 1347 36
1372 1395 212
1389 1405 85
1409 1433 284
1421 1451 60
1431 1473 86
1431 1435 12
1443 1468 279
1469 1478 125
1494 1521 89
1507 1518 92
1520 1523 156
1522 1569 168
1527 1539 259
1544 1576 141
1572 1583 272
1577 1585 136
1602 1611 61
1632 1633 217
1648 1698 226
1673 1697 13
1692 1738 188
1707 1742 33
1709 1745 40
1731 1764 2
1744 1750 56
1768 1813 16
1786 1824 188
1790 1809 296
1799 1807 87
1828 1839 275
1850 1892 233
1877 1923 86
1881 1891 180
1893 1925 201
1918 1934 274
1925 1974 168
1948 1971 153
1950 1993 96
1960 1966 213
1969 2010 281
1991 2022 209
2019 2029 7
2047 2095 233
2066 2115 169
2068 2103 211
2089 2090 290
2101 2123 114
2109 2130 88
2113 2159 156
2136 2169 141
2165 2192 206
2175 2197 182
2199 2234 88
2218 2245 153
2220 2233 88
2232 2251 223
2243 2253 188
2263 2294 113
2274 2281 287
2285 2287 155
2314 2364 216
2321 2326 123
2333 2382 24
2345 2358 26
2358 2365 215
2372 2378 246
2389 2436 151
2413 2417 167
2418 2424 119
2445 2452 297
2445 2487 200
2451 2480 147
2460 2501 139
2470 2475 187
2473 2506 197
2483 2511 207
2493 2522 30
2502 2508 258
2514 2532 17
2540 2556 175
2564 2606 16
2576 2607 266
2590 2605 196
2601 2624 38
2623 2626 45
2649 2658 239
2674 2705 42
2681 2689 288
2695 2704 2
2715 2734 167
2741 2759 28
2770 2778 27
2797 2842 143
2821 2834 231
2838 2861 86
2854 2889 143
2866 2867 278
2866 2897 151
2892 2905 284
2895 2896 221
2909 2922 2
2937 2951 153
2965 2976 297
2994 3031 114
3023 3053 20
3049 3069 172
3069 3089 137
3083 3088 232
3106 3146 43
3126 3152 1
3153 3191 27
3182 3189 7
3204 3254 156
3212 3250 256
3239 3289 123
3267 3309 197
3282 3323 285
3298 3326 298
3324 3331 287
3339 3384 222
3366 3403 260
3370 3397 49
3370 3398 124
3387 3424 110
3387 3393 226
3407 3420 257
3421 3427 4
3426 3476 33
3436 3457 14
3461 3465 104
3472 3493 223
3500 3515 175
3507 3538 115
3513 3518 195
3531 3532 178
3538 3558 230
3549 3551 49
3549 3550 123
3573 3604 122
3580 3597 282
3592 3601 204
3594 3605 223
3611 3646 202
3630 3631 155
3650 3695 169
3660 3709 88
3670 3703 26
3673 3682 217
3688 3727 89
3712 3731 206
3724 3748 154
3752 3755 148
3762 3811 103
3789 3815 109
3793 3825 83
3814 3816 120
3833 3843 133
3833 3867 142
3841 3877 197
3862 3900 26
3883 3914 52
3904 3953 18
3907 3931 164
3934 3941 132
3941 3947 248
3954 3976 251
3954 4002 130
3977 4023 26
3982 4018 220
3991 4004 7
4011 4024 180
4027 4052 213
4031 4066 48
4034 4048 146
4036 4058 79
4046 4092 94
4070 4093 126
4081 4092 6
4099 4147 95
4121 4137 37
4135 4164 102
4147 4166 261
4165 4207 231
4174 4183 289
4188 4216 98
4193 4216 275
4206 4248 219
4231 4243 44
4246 4260 159
4262 4298 153
4271 4305 77
4273 4314 221
4278 4328 190
4292 4318 223
4299 4306 287
4313 4345 49
4330 4338 258
4357 4403 160
4359 4404 214
4389 4407 152
4399 4429 120
4429 4432 225
4432 4454 150
4435 4463 69
4448 4474 196
4465 4467 94
4467 4478 254
4489 4492 3
4498 4518 27
4500 4534 76
4502 4541 64
4521 4523 122
4524 4547 153
4527 4567 148
4546 4563 188
4553 4574 227
4579 4623 153
4595 4604 190
4596 4601 69
4607 4620 88
4617 4631 142
4634 4654 240
4647 4669 147
4671 4699 19
4697 4701 70
4721 4767 145
4750 4784 166
4768 4788 244
4768 4771 74
4795 4815 47
4818 4850 119
4828 4859 218
4832 4838 190
4862 4907 156
4866 4877 74
4880 4915 16
4899 4941 155
4910 4940 67
4922 4968 265
4950 4997 61
4958 4980 156
4976 5009 159
4984 5030 246
5002 5024 143
5003 5004 37
5008 5044 178
5012 5020 185
5019 5042 146
5040 5072 250
5050 5058 66
5054 5089 198
5066 5082 78
5075 5114 68
5093 5143 229
5101 5132 166
5121 5124 51
5145 5182 280
5161 5198 150
5178 5188 72
5188 5220 238
5207 5225 44
5234 5255 98
5247 5262 252
5275 5322 19
5283 5296 176
5291 5310 64
5292 5333 282
5303 5313 23
5317 5358 37
5326 5359 128
5348 5367 84
5373 5396 2
5399 5432 295
5415 5417 193
5445 5492 154
5467 5493 231
5491 5515 26
5512 5533 150
5517 5554 116
5526 5565 124
5527 5560 175
5531 5563 278
5539 5586 273
5566 5571 208
5580 5625 296
5597 5620 95
5626 5653 191
5627 5661 45
5641 5669 225
5642 5678 57
5667 5678 265
5668 5701 39
5682 5683 102
5683 5713 185
5689 5708 73
5707 5755 295
5711 5715 131
5732 5776 222
5732 5773 160
5744 5783 3
5758 5763 79
5762 5789 189
5765 5789 53
5771 5814 155
5790 5829 44
5798 5809 144
