400
19 35 44
29 67 32
44 48 281
44 61 82
68 101 101
78 115 249
87 106 159
116 140 216
132 179 255
145 149 186
160 185 229
177 183 126
187 205 108
207 210 244
232 263 170
259 274 59
273 279 124
276 286 210
300 321 124
306 329 131
317 323 215
329 345 250
341 363 99
364 368 1
364 410 226
369 381 260
386 391 113
387 394 66
408 428 242
428 436 266
444 491 55
474 486 170
495 527 221
522 541 211
539 577 194
548 583 199
565 585 15
567 592 63
579 602 123
601 629 164
613 625 93
639 673 56
669 707 252
691 699 249
696 737 36
726 751 249
745 746 9
762 794 53
773 790 58
783 814 149
802 826 258
818 825 226
844 885 44
872 875 200
887 897 184
904 950 30
905 913 134
922 956 49
932 952 37
932 945 216
940 968 16
940 980 285
950 999 10
964 984 299
970 975 241
985 1013 180
1000 1032 266
1018 1029 28
1038 1043 108
1041 1083 228
1053 1090 163
1080 1089 164
1094 1096 24
1115 1134 60
1117 1122 46
1141 1183 35
1168 1192 83
1178 1209 94
1207 1236 110
1229 1250 273
1253 1301 102
1259 1263 249
1277 1308 96
1294 1295 34
1317 1323 222
1346 1391 166
1348 1361 137
1368 1387 190
1370 1374 281
1384 1412 90
1412 1423 40
1428 1441 78
1434 1435 265
1439 1473 231
1439 1473 92
1446 1466 221
1468 1483 26
1487 1507 289
1507 1514 68
1533 1564 102
1555 1567 74
1582 1619 45
1586 1619 265
1611 1641 10
1635 1643 236
1648 1680 81
1652 1677 154
1677 1726 255
1684 1707 100
1684 1710 197
1689 1718 261
1691 1702 264
1693 1714 254
1707 1742 279
1727 1763 188
1728 1759 278
1733 1757 44
1735 1769 186
1744 1766 212
1772 1792 101
1793 1827 125
1823 1863 185
1839 1884 47
1849 1855 11
1857 1878 65
1858 1889 201
1873 1921 288
1899 1901 105
1917 1947 15
1924 1948 36
1937 1970 232
1963 2003 257
1989 2029 127
2007 2024 150
2028 2067 229
2056 2058 276
2066 2067 213
2068 2070 54
2072 2073 245
2089 2091 36
2119 2120 236
2148 2149 91
2172 2206 263
2184 2223 245
2207 2219 14
2212 2228 11
2234 2240 247
2235 2252 211
2241 2251 6
2244 2280 98
2256 2259 85
2271 2291 225
2301 2311 140
2317 2327 187
2331 2372 286
2333 2346 136
2362 2366 149
2367 2406 129
2388 2390 165
2418 2432 68
2436 2447 22
2453 2454 277
2462 2510 151
2475 2499 130
2491 2499 268
2510 2541 121
2540 2551 209
2548 2591 64
2552 2564 297
2552 2592 26
2555 2577 183
2557 2606 231
2568 2587 123
2576 2612 89
2599 2629 78
2601 2648 287
2611 2617 49
2627 2638 141
2648 2659 6
2677 2718 144
2690 2738 141
2709 2752 111
2739 2764 291
2765 2779 216
2785 2791 2
2792 2831 222
2820 2854 173
2822 2846 260
2851 2880 83
2877 2925 159
2893 2931 157
2906 2930 225
2930 2954 210
2959 2990 291
2979 3009 247
2981 3009 190
2986 3008 49
3008 3056 237
3016 3038 140
3044 3081 245
3070 3078 271
3096 3145 10
3115 3146 30
3128 3149 222
3149 3164 189
3157 3191 275
3157 3173 136
3157 3164 204
3172 3192 1
3182 3217 254
3191 3195 125
3216 3227 134
3244 3245 300
3264 3287 107
3270 3296 288
3298 3344 154
3315 3349 145
3335 3385 94
3354 3385 32
3373 3417 158
3397 3437 162
3397 3413 209
3408 3436 249
3411 3422 191
3423 3468 81
3436 3464 203
3465 3499 120
3492 3506 142
3495 3541 19
3522 3558 189
3537 3580 135
3537 3581 125
3540 3548 300
3542 3563 256
3542 3549 105
3547 3560 151
3569 3604 149
3586 3609 12
3613 3649 1
3638 3660 91
3661 3662 193
3668 3672 219
3671 3701 49
3681 3687 64
3691 3702 110
3703 3707 288
3712 3747 201
3724 3773 247
3752 3779 246
3766 3778 243
3776 3811 100
3788 3792 96
3795 3826 35
3824 3847 36
3854 3870 152
3873 3903 219
3892 3924 156
3902 3917 226
3906 3935 1
3922 3950 114
3943 3991 70
3944 3986 93
3953 4000 237
3971 3980 257
3971 4003 84
3981 4029 44
3983 4005 280
3998 4043 274
4009 4022 96
4028 4075 77
4042 4049 162
4058 4098 84
4070 4096 297
4097 4109 130
4105 4145 151
4119 4157 146
4147 4152 55
4175 4198 197
4178 4201 295
4198 4220 247
4206 4246 178
4232 4242 264
4245 4255 284
4264 4297 47
4270 4277 251
4289 4334 163
4302 4325 124
4324 4330 98
4353 4377 159
4383 4396 224
4405 4429 82
4434 4456 50
4436 4447 269
4448 4467 264
4464 4479 176
4492 4515 28
4494 4536 96
4510 4534 69
4523 4536 165
4550 4589 299
4560 4570 64
4567 4586 46
4586 4620 30
4615 4657 255
4616 4625 273
4639 4656 70
4661 4664 180
4677 4684 147
4703 4710 238
4708 4753 260
4714 4759 57
4717 4739 166
4718 4766 124
4724 4741 262
4734 4784 150
4751 4796 244
4772 4789 262
4794 4821 132
4803 4835 300
4826 4837 143
4827 4869 130
4835 4855 182
4840 4842 299
4861 4871 253
4884 4928 188
4894 4943 193
4916 4965 112
4942 4962 83
4943 4945 127
4956 4968 153
4956 4993 26
4964 4979 28
4985 5014 33
4988 5006 202
4997 5017 14
5018 5031 93
5021 5049 126
5051 5100 163
5055 5060 175
5058 5076 43
5065 5091 159
5068 5074 192
5094 5097 58
5116 5157 194
5122 5144 267
5141 5148 284
5157 5200 245
5166 5195 44
5188 5222 257
5198 5246 3
5220 5244 3
5250 5292 263
5278 5311 193
5306 5343 188
5307 5309 151
5326 5334 101
5339 5353 222
5353 5380 176
5368 5416 157
5383 5384 76
5402 5427 144
5409 5446 96
5437 5467 30
5453 5468 169
5475 5482 48
5485 5487 252
5513 5541 96
5537 5570 25
5537 5572 130
5560 5585 41
5583 5584 192
5592 5628 210
5614 5651 91
5626 5634 141
5651 5681 100
5671 5693 57
5691 5739 76
5719 5763 263
5732 5741 6
5758 5785 102
5762 5802 47
5778 5811 253
5789 5831 91
5790 5825 240
5791 5813 49
5805 5818 128
5817 5862 287
5838 5865 161
5861 5881 215
5881 5928 205
5883 5919 80
5903 5904 193
5919 5948 46
5938 5988 260
5951 5995 250
5971 5974 284
5995 6002 117
5996 6029 197
6013 6057 254
6023 6046 208
