400
12 20 138
16 40 228
20 49 184
22 72 63
39 76 263
59 98 276
77 123 289
87 90 270
113 137 147
128 175 50
148 157 68
173 184 270
197 217 78
224 247 237
243 263 48
261 310 96
275 295 7
290 300 7
308 317 127
322 338 285
335 370 44
350 359 98
376 396 138
380 406 247
409 414 151
415 425 180
418 465 5
424 441 112
433 459 275
454 502 80
477 516 60
485 514 62
512 521 209
512 540 285
520 545 55
528 551 256
531 562 114
556 606 119
561 562 114
565 569 83
595 636 118
598 607 75
605 626 185
622 635 184
641 664 288
646 671 94
669 702 87
682 709 193
687 696 263
714 745 252
735 781 155
743 773 92
767 812 130
770 806 252
796 802 46
822 869 14
848 890 135
865 915 32
872 877 276
874 924 231
877 917 240
893 939 109
895 911 124
911 916 64
938 966 207
965 1003 110
977 1007 177
1003 1018 242
1033 1076 208
1055 1080 47
1056 1101 256
1082 1086 7
1095 1101 50
1105 1121 275
1135 1139 179
1145 1149 4
1154 1173 2
1167 1212 298
1187 1224 79
1198 1214 156
1227 1254 110
1245 1257 279
1274 1299 107
1296 1336 257
1326 1366 176
1356 1364 95
1371 1385 171
1378 1408 185
1388 1413 100
1416 1460 148
1438 1461 205
1447 1483 35
1452 1472 7
1481 1497 144
1507 1518 22
1528 1535 151
1542 1546 225
1564 1585 51
1570 1594 201
1595 1631 290
1615 1630 116
1624 1651 227
1649 1689 227
1652 1663 251
1662 1671 123
1685 1701 129
1686 1693 42
1706 1737 12
1733 1756 135
1735 1765 187
1753 1761 223
1753 1755 59
1757 1767 239
1772 1817 241
1795 1833 2
1808 1855 41
1818 1858 21
1832 1856 204
1840 1854 78
1870 1906 135
1882 1886 69
1888 1894 272
1917 1924 112
1927 1959 82
1930 1963 42
1937 1974 162
1961 2010 269
1963 2012 82
1981 2002 249
2003 2052 121
2013 2038 83
2026 2029 55
2031 2050 120
2041 2060 106
2049 2065 3
2069 2099 201
2090 2130 122
2107 2155 95
2128 2148 179
2154 2202 150
2159 2191 59
2173 2175 131
2174 2223 169
2180 2222 211
2205 2235 93
2213 2247 227
2215 2235 75
2231 2279 251
2258 2287 202
2286 2324 166
2303 2334 1
2303 2315 151
2333 2366 59
2343 2388 15
2350 2354 245
2352 2370 263
2376 2395 67
2389 2399 194
2414 2438 4
2440 2470 160
2467 2478 249
2485 2534 95
2501 2526 271
2523 2567 140
2523 2572 124
2528 2570 87
2556 2589 41
2572 2593 71
2597 2643 140
2625 2629 62
2626 2640 292
2648 2651 140
2676 2718 196
2696 2737 296
2711 2717 292
2719 2726 17
2743 2751 300
2769 2813 187
2795 2815 125
2802 2851 156
2813 2850 94
2813 2821 167
2818 2837 213
2844 2877 31
2852 2854 141
2871 2909 143
2894 2905 188
2912 2939 196
2915 2932 254
2924 2934 226
2930 2952 168
2932 2945 235
2935 2967 228
2936 2963 58
2946 2975 144
2970 2996 265
2994 3039 198
3024 3034 275
3042 3046 93
3044 3087 104
3066 3111 193
3075 3114 73
3094 3132 163
3123 3164 117
3128 3144 2
3133 3171 288
3153 3176 51
3165 3182 282
3168 3200 58
3168 3169 110
3174 3196 167
3176 3187 222
3187 3224 263
3191 3206 212
3208 3216 88
3236 3253 168
3263 3294 113
3286 3325 56
3299 3344 284
3305 3334 54
3311 3328 38
3330 3357 239
3333 3354 26
3355 3388 174
3371 3375 158
3392 3435 212
3398 3432 148
3422 3439 181
3445 3483 267
3473 3513 175
3486 3509 128
3494 3521 96
3515 3544 223
3516 3529 252
3540 3576 164
3568 3599 234
3584 3627 23
3594 3615 60
3621 3627 57
3630 3634 300
3633 3644 33
3637 3650 169
3661 3695 155
3688 3737 204
3712 3761 99
3737 3748 238
3749 3784 173
3774 3801 241
3784 3811 34
3800 3846 51
3822 3866 288
3827 3875 216
3832 3867 39
3839 3872 152
3843 3870 299
3860 3890 1
3882 3903 295
3897 3940 294
3909 3921 83
3935 3985 247
3945 3946 231
3969 4014 289
3970 3992 34
3972 3978 34
3993 4002 217
3994 4006 223
3999 4020 245
3999 4048 230
4016 4036 189
4018 4052 24
4036 4068 178
4053 4070 172
4072 4083 75
4095 4138 12
4101 4145 160
4111 4136 276
4112 4123 43
4142 4157 50
4154 4181 158
4181 4188 276
4211 4238 212
4235 4247 184
4238 4266 108
4253 4264 202
4278 4325 59
4285 4329 132
4308 4354 122
4309 4311 288
4328 4359 266
4329 4375 273
4337 4383 200
4355 4369 247
4382 4392 230
4408 4434 258
4410 4451 134
4415 4420 84
4426 4476 138
4448 4454 14
4468 4472 24
4480 4518 118
4506 4519 33
4522 4525 146
4545 4573 11
4548 4560 241
4550 4594 1
4557 4558 171
4560 4591 198
4583 4621 42
4583 4617 260
4594 4636 247
4607 4654 145
4616 4634 27
4638 4640 259
4645 4692 252
4670 4701 270
4676 4718 160
4690 4691 124
4712 4716 67
4721 4736 23
4744 4754 5
4766 4775 50
4796 4831 206
4808 4811 110
4829 4860 271
4830 4866 114
4847 4889 158
4851 4882 155
4867 4880 296
4882 4895 2
4886 4932 60
4908 4910 169
4935 4945 243
4946 4963 197
4962 4997 264
4969 4993 239
4983 5016 212
5007 5023 115
5021 5025 233
5045 5082 68
5046 5062 136
5048 5072 36
5068 5107 175
5098 5114 157
5106 5131 154
5120 5144 132
5125 5154 143
5141 5155 169
5149 5152 147
5178 5193 28
5186 5201 192
5205 5220 274
5209 5252 257
5209 5241 219
5234 5271 281
5248 5296 107
5258 5304 264
5262 5264 35
5286 5316 225
5288 5315 176
5289 5300 11
5312 5347 219
5338 5372 210
5350 5392 168
5372 5402 135
5388 5422 197
5398 5435 77
5409 5444 216
5420 5432 39
5444 5453 289
5472 5517 200
5496 5526 181
5522 5525 110
5548 5596 76
5574 5599 136
5593 5622 51
5606 5610 293
5636 5675 298
5654 5686 283
5657 5696 182
5679 5725 50
5681 5721 12
5700 5740 134
5706 5718 27
5707 5728 177
5727 5748 81
5755 5769 219
5782 5783 16
5794 5835 108
5821 5828 167
5837 5846 39
5848 5873 251
5869 5885 185
5898 5916 119
5907 5919 253
5923 5939 287
5929 5969 126
5945 5966 162
5952 5954 226
5972 6005 57
5998 6039 289
