400
29 57 185
59 65 143
62 75 204
81 113 114
95 113 278
110 112 132
138 154 108
158 196 155
169 179 285
182 197 183
208 258 171
228 256 81
246 288 180
270 282 53
292 317 158
322 326 11
326 335 250
343 365 275
353 386 27
371 415 226
371 380 141
379 406 197
399 437 225
409 458 12
436 438 8
450 494 284
457 480 28
486 515 190
503 519 62
531 535 225
547 567 289
577 578 127
604 651 127
618 627 21
631 652 165
642 650 58
656 706 264
657 698 162
680 699 228
690 722 140
697 736 218
727 761 115
756 804 172
773 794 49
790 810 87
796 828 79
808 818 130
817 820 194
842 871 223
871 893 119
889 924 82
894 903 287
905 929 273
913 943 278
918 957 199
932 969 189
948 990 197
977 992 28
1001 1035 225
1023 1036 232
1039 1052 231
1043 1091 176
1054 1069 233
1061 1082 62
1064 1085 269
1080 1129 227
1105 1130 160
1121 1144 201
1146 1147 149
1146 1195 20
1175 1197 236
1190 1223 60
1199 1221 12
1228 1253 175
1229 1278 82
1242 1262 81
1259 1289 288
1277 1309 216
1286 1329 204
1296 1304 99
1309 1329 132
1335 1371 60
1359 1364 11
1361 1400 96
1391 1397 177
1403 1417 210
1406 1442 202
1428 1452 136
1458 1460 112
1462 1480 270
1486 1515 195
1511 1520 20
1525 1546 50
1537 1546 52
1542 1574 291
1563 1580 35
1588 1618 212
1589 1594 23
1602 1631 180
1621 1661 188
1640 1675 121
1641 1646 207
1666 1694 294
1687 1693 109
1703 1753 206
1705 1742 123
1711 1741 172
1731 1775 32
1746 1751 183
1759 1776 128
1766 1812 193
1785 1806 152
1800 1849 234
1807 1812 252
1815 1819 296
1829 1844 115
1850 1877 262
1870 1894 244
1898 1924 219
1904 1926 215
1933 1981 107
1957 1987 194
1968 2013 260
1969 1974 23
1987 2018 65
2017 2024 152
2029 2066 132
2050 2080 43
2051 2089 113
2071 2117 80
2101 2106 6
2125 2139 37
2126 2138 92
2148 2174 203
2155 2186 231
2180 2200 23
2189 2239 249
2215 2238 69
2221 2261 147
2249 2287 138
2255 2257 10
2258 2284 29
2260 2298 73
2270 2290 138
2299 2348 130
2306 2340 232
2314 2357 195
2329 2344 162
2342 2349 255
2346 2381 73
2357 2376 295
2379 2414 298
2379 2383 161
2380 2422 192
2389 2397 219
2418 2459 58
2441 2464 115
2460 2487 172
2472 2493 252
2481 2521 226
2482 2485 48
2484 2519 213
2488 2502 242
2498 2509 1
2520 2556 226
2549 2558 179
2552 2592 248
2570 2578 51
2580 2630 292
2602 2607 110
2610 2612 51
2622 2648 247
2636 2658 136
2636 2646 10
2639 2649 278
2657 2702 102
2666 2698 229
2695 2721 249
2706 2714 172
2712 2758 178
2729 2756 192
2751 2761 239
2764 2774 187
2772 2773 97
2799 2831 256
2821 2847 191
2846 2851 140
2865 2872 275
2882 2920 9
2912 2958 58
2921 2933 201
2936 2967 230
2961 3005 276
2963 2996 274
2979 2984 165
2997 3018 153
3007 3024 264
3035 3081 163
3059 3074 201
3082 3089 64
3100 3105 272
3103 3141 153
3119 3128 13
3124 3135 102
3132 3155 59
3138 3180 34
3165 3185 105
3188 3234 138
3197 3223 39
3210 3251 170
3240 3274 285
3264 3289 107
3278 3327 86
3307 3324 178
3315 3342 195
3325 3334 228
3335 3340 31
3362 3363 111
3388 3428 169
3390 3417 131
3416 3417 255
3435 3437 280
3438 3484 203
3466 3485 53
3482 3532 208
3484 3487 86
3513 3539 276
3543 3564 87
3561 3581 111
3589 3620 77
3616 3655 154
3626 3627 288
3655 3682 104
3673 3712 151
3692 3732 269
3696 3724 153
3724 3733 249
3730 3735 23
3759 3795 270
3787 3792 4
3808 3823 129
3822 3823 233
3834 3859 84
3838 3860 85
3865 3913 208
3866 3896 84
3893 3896 104
3906 3921 280
3934 3945 291
3949 3997 105
3971 3983 48
3998 4035 48
4008 4054 56
4012 4042 28
4027 4074 170
4050 4084 59
4061 4064 284
4090 4121 227
4103 4139 155
4116 4143 22
4143 4175 84
4158 4185 298
4186 4232 8
4192 4200 276
4219 4248 64
4247 4292 42
4273 4295 201
4277 4304 66
4306 4318 282
4314 4316 20
4334 4382 147
4350 4395 159
4376 4423 135
4378 4406 35
4382 4391 94
4392 4412 1
4402 4406 147
4405 4440 79
4421 4467 293
4425 4438 175
4452 4481 102
4480 4516 214
4502 4530 14
4510 4546 72
4526 4547 201
4542 4554 154
4572 4603 74
4596 4619 108
4596 4626 23
4604 4617 264
4609 4641 170
4633 4679 245
4633 4660 56
4646 4694 151
4663 4705 129
4685 4689 99
4703 4709 42
4706 4721 170
4719 4726 298
4720 4745 166
4722 4769 248
4739 4763 283
4761 4808 158
4790 4804 46
4807 4821 263
4830 4834 133
4850 4899 292
4874 4908 203
4874 4911 207
4888 4917 255
4899 4942 84
4923 4952 55
4946 4953 278
4959 4962 267
4975 5023 90
4983 5010 221
5009 5035 88
5032 5047 142
5050 5059 128
5053 5078 224
5053 5071 218
5060 5077 228
5061 5083 51
5073 5088 256
5103 5121 140
5115 5165 282
5126 5148 266
5150 5173 34
5167 5179 163
5193 5230 19
5195 5201 193
5210 5250 77
5239 5289 172
5243 5275 112
5266 5311 137
5294 5344 180
5312 5314 185
5335 5370 74
5356 5379 44
5370 5412 59
5392 5427 130
5411 5441 49
5434 5469 23
5463 5489 11
5471 5482 157
5491 5524 278
5516 5559 102
5519 5535 143
5533 5577 40
5546 5588 121
5553 5561 143
5567 5593 210
5587 5604 29
5610 5651 228
5613 5640 72
5615 5634 12
5631 5677 34
5636 5664 155
5665 5690 153
5694 5738 73
5711 5715 90
5740 5760 236
5748 5749 173
5775 5809 172
5803 5845 166
5831 5864 120
5848 5898 249
5872 5897 193
5884 5928 48
5895 5933 296
5895 5930 287
5900 5947 300
5912 5921 114
5931 5969 291
5956 5991 13
5970 5992 166
5990 6004 52
6015 6054 279
6042 6078 228
6053 6095 21
6083 6088 47
6102 6113 39
6121 6145 191
6139 6189 262
6160 6209 142
6187 6212 47
6199 6219 241
6205 6247 16
6223 6269 216
6232 6244 254
6239 6267 181
6269 6290 221
6292 6295 128
6319 6323 52
6344 6383 58
6364 6382 5
6367 6397 100
6367 6413 190
6386 6424 252
6414 6427 228
