400
23 51 208
42 82 184
45 76 114
67 106 120
87 133 88
117 119 162
126 153 131
129 149 90
155 202 54
168 184 257
193 231 178
201 228 3
222 236 159
251 301 115
262 269 139
273 301 108
295 300 242
325 332 186
342 356 165
363 374 25
378 398 195
378 389 99
406 427 199
421 471 31
428 437 29
454 467 173
483 521 187
484 529 69
495 503 254
522 532 79
537 577 153
544 576 53
571 588 292
575 607 97
600 606 161
630 634 39
653 680 211
674 721 6
686 710 75
689 734 150
694 736 139
694 709 276
717 751 71
717 765 208
726 735 182
735 778 179
744 779 94
746 769 12
766 767 23
772 804 217
799 832 158
826 875 199
826 856 139
841 877 238
868 904 181
870 871 92
872 876 57
893 934 2
898 928 25
910 948 55
912 940 96
937 971 44
966 1010 53
992 1020 221
1009 1010 61
1035 1084 44
1048 1093 231
1056 1076 138
1086 1120 112
1088 1107 202
1111 1134 183
1119 1159 76
1125 1170 296
1130 1157 112
1157 1180 155
1182 1204 81
1198 1235 45
1219 1259 230
1241 1268 36
1261 1296 190
1276 1284 263
1290 1295 279
1318 1350 42
1330 1341 172
1359 1376 46
1383 1395 232
1403 1452 285
1424 1459 257
1443 1461 113
1459 1498 169
1484 1504 17
1511 1541 238
1524 1545 235
1546 1577 213
1546 1554 239
1573 1595 70
1600 1616 172
1607 1608 104
1635 1651 102
1645 1683 187
1666 1696 163
1687 1720 136
1693 1714 54
1696 1701 48
1717 1738 71
1726 1746 162
1753 1781 290
1779 1786 235
1796 1837 129
1826 1873 21
1830 1845 48
1841 1853 176
1854 1856 166
1861 1894 279
1870 1910 21
1895 1918 6
1913 1923 219
1916 1935 229
1925 1931 260
1954 1995 1
1959 1964 192
1971 1976 70
1999 2011 130
2020 2058 231
2040 2050 252
2050 2072 284
2067 2089 284
2077 2098 220
2091 2093 183
2117 2149 11
2143 2174 261
2159 2207 114
2169 2178 265
2174 2209 228
2174 2177 206
2192 2221 284
2194 2203 222
2204 2228 246
2206 2210 290
2219 2234 30
2224 2253 218
2253 2279 55
2263 2279 296
2282 2285 114
2300 2349 82
2316 2362 221
2338 2348 182
2365 2368 1
2374 2403 298
2379 2415 135
2388 2417 241
2411 2454 90
2422 2449 135
2426 2460 238
2442 2462 180
2449 2467 195
2462 2479 20
2471 2479 121
2481 2508 276
2498 2547 272
2517 2523 103
2521 2560 71
2541 2548 20
2541 2581 119
2566 2599 158
2576 2607 64
2586 2595 257
2589 2613 235
2594 2601 199
2624 2645 124
2640 2685 215
2650 2651 242
2671 2717 300
2675 2705 38
2696 2704 166
2719 2741 265
2725 2727 214
2741 2748 81
2747 2777 218
2749 2787 175
2765 2797 204
2780 2788 45
2804 2817 20
2818 2865 89
2825 2868 38
2839 2882 99
2853 2867 34
2863 2904 47
2879 2904 226
2887 2926 214
2889 2931 122
2894 2917 270
2922 2965 28
2936 2980 265
2947 2967 98
2976 2979 120
2976 2995 63
2978 3010 272
2999 3046 154
3011 3013 265
3031 3073 78
3061 3079 269
3076 3104 213
3098 3102 175
3115 3157 146
3118 3152 26
3126 3130 251
3126 3146 43
3138 3169 86
3161 3196 51
3179 3206 234
3200 3224 154
3229 3275 118
3233 3261 264
3242 3282 270
3270 3294 122
3288 3325 291
3289 3309 222
3308 3318 45
3317 3338 230
3342 3355 120
3356 3404 52
3357 3402 74
3383 3390 181
3398 3399 274
3413 3419 267
3437 3446 42
3457 3505 85
3480 3515 20
3506 3555 261
3520 3549 98
3540 3558 249
3568 3612 167
3571 3590 90
3589 3633 82
3612 3617 284
3640 3664 162
3657 3686 42
3666 3703 117
3680 3721 47
3701 3710 291
3731 3755 233
3746 3796 266
3747 3757 35
3766 3803 178
3786 3830 81
3815 3831 113
3815 3836 244
3829 3867 145
3834 3881 56
3847 3848 35
3864 3895 281
3878 3919 79
3892 3930 273
3919 3941 147
3943 3986 229
3951 3961 186
3956 3994 56
3969 4015 173
3973 4021 287
3995 4001 52
4022 4047 50
4045 4065 131
4049 4083 187
4060 4084 9
4088 4104 120
4117 4147 44
4142 4161 64
4167 4185 14
4179 4190 76
4180 4212 259
4207 4219 22
4223 4270 27
4250 4297 34
4279 4290 32
4293 4324 134
4301 4321 197
4316 4350 214
4337 4370 232
4349 4379 188
4364 4405 146
4372 4405 203
4395 4427 175
4421 4430 32
4440 4468 77
4468 4518 88
4478 4486 269
4485 4512 104
4491 4494 232
4512 4515 124
4534 4555 4
4544 4548 58
4574 4588 25
4601 4618 249
4604 4621 182
4614 4632 191
4626 4634 208
4645 4657 149
4661 4698 114
4663 4685 2
4666 4710 18
4694 4719 74
4718 4724 23
4720 4747 15
4735 4764 284
4751 4784 113
4780 4803 168
4807 4819 241
4819 4861 46
4831 4867 158
4839 4851 149
4866 4871 281
4884 4902 269
4894 4927 255
4900 4910 208
4904 4927 252
4911 4931 55
4934 4959 170
4943 4953 126
4973 4989 235
4995 5032 279
5023 5073 65
5052 5093 12
5062 5087 105
5066 5095 211
5069 5116 286
5081 5084 8
5083 5132 286
5099 5112 205
5111 5150 87
5123 5124 27
5145 5183 215
5148 5170 63
5171 5176 66
5190 5228 216
5204 5235 55
5204 5224 281
5219 5254 38
5230 5262 192
5232 5276 20
5251 5279 124
5271 5291 130
5288 5292 43
5291 5313 79
5292 5299 19
5300 5324 50
5324 5327 226
5336 5339 195
5343 5367 84
5351 5387 283
5358 5361 107
5367 5383 47
5379 5425 160
5390 5410 46
5418 5433 96
5445 5447 86
5458 5462 64
5467 5483 178
5467 5495 239
5473 5520 29
5476 5487 194
5486 5531 288
5489 5511 250
5498 5546 255
5519 5536 24
5538 5570 172
5546 5549 33
5567 5582 1
5593 5604 188
5620 5640 191
5644 5654 164
5666 5676 286
5682 5713 200
5694 5696 17
5707 5749 170
5730 5773 148
5758 5776 252
5787 5804 84
5802 5820 216
5828 5866 47
5847 5863 39
5861 5880 70
5863 5882 72
5863 5898 246
5880 5884 194
5904 5938 177
5932 5945 93
5951 5988 192
5957 6005 228
5977 5985 240
6007 6043 203
6020 6066 147
6034 6040 72
6045 6094 284
6047 6063 50
6048 6071 9
6070 6078 109
6084 6094 229
6093 6123 117
6112 6154 50
