400
6 43 33
34 75 233
45 74 129
72 86 85
89 115 103
96 120 189
123 129 29
153 194 30
180 182 103
196 224 177
219 249 237
248 282 68
249 296 26
259 294 24
261 270 259
285 305 244
289 290 206
311 332 193
341 383 218
358 405 145
383 399 254
396 415 286
400 407 82
420 423 47
449 458 96
466 482 111
478 516 299
486 494 259
495 532 155
498 512 273
518 562 133
536 582 32
550 584 217
555 602 196
564 581 112
583 620 257
599 610 136
624 650 88
644 659 72
663 665 154
680 702 21
693 742 169
700 711 75
723 759 31
724 754 267
751 781 48
781 823 239
800 841 15
810 858 18
818 826 16
839 841 110
843 881 183
862 892 159
863 899 283
868 872 102
883 918 17
911 944 256
941 952 81
960 993 69
962 984 171
969 1005 250
996 1020 148
1010 1030 182
1021 1042 21
1030 1033 200
1040 1079 180
1040 1070 9
1063 1090 188
1091 1102 41
1103 1151 198
1108 1156 124
1136 1137 44
1162 1169 242
1163 1188 114
1193 1229 67
1193 1208 24
1207 1252 298
1216 1226 59
1216 1255 107
1245 1251 173
1261 1280 201
1280 1307 94
1308 1319 152
1315 1355 299
1335 1351 158
1341 1372 137
1350 1361 21
1357 1395 227
1375 1421 224
1391 1401 290
1404 1428 201
1410 1413 184
1423 1440 78
1425 1450 153
1433 1456 184
1457 1478 105
1466 1496 215
1474 1510 251
1480 1510 77
1489 1502 107
1514 1519 138
1522 1559 65
1533 1558 266
1549 1550 255
1558 1586 200
1568 1582 53
1568 1593 124
1588 1611 173
1606 1655 65
1621 1633 191
1627 1628 248
1633 1648 95
1635 1650 262
1640 1687 142
1650 1681 17
1677 1691 123
1691 1734 234
1714 1754 207
1725 1747 186
1743 1756 292
1761 1796 138
1786 1790 60
1793 1819 61
1822 1855 196
1840 1866 70
1858 1891 104
1886 1904 106
1889 1930 32
1911 1941 130
1917 1958 56
1942 1961 67
1945 1975 136
1949 1993 59
1964 1992 68
1966 1985 94
1969 1976 122
1982 2025 266
1998 2044 164
2027 2035 9
2053 2067 8
2061 2086 70
2065 2096 201
2076 2100 151
2083 2133 286
2112 2137 287
2138 2184 225
2153 2180 15
2158 2207 193
2179 2205 1
2197 2244 144
2214 2226 258
2221 2252 127
2244 2245 224
2264 2288 198
2272 2273 250
2282 2291 188
2285 2304 227
2313 2324 65
2331 2375 31
2353 2372 143
2374 2388 230
2394 2405 174
2406 2448 111
2406 2424 147
2427 2453 128
2449 2464 265
2460 2501 290
2479 2480 258
2481 2529 6
2508 2524 172
2520 2540 32
2537 2579 291
2565 2580 278
2591 2598 130
2596 2630 12
2604 2623 161
2632 2661 226
2653 2694 5
2663 2698 267
2683 2705 156
2700 2712 245
2705 2735 107
2716 2736 85
2741 2782 197
2744 2759 77
2751 2761 191
2752 2767 266
2782 2827 51
2810 2811 93
2813 2841 189
2821 2854 191
2827 2857 289
2849 2890 198
2855 2864 163
2864 2872 9
2872 2873 298
2891 2899 238
2918 2962 188
2942 2944 145
2966 2999 3
2995 3016 104
3003 3048 130
3008 3031 194
3031 3068 118
3057 3075 286
3067 3094 283
3093 3098 299
3106 3133 109
3107 3136 206
3107 3129 287
3119 3161 244
3142 3148 64
3158 3200 170
3168 3192 225
3178 3190 100
3208 3245 277
3217 3245 238
3243 3280 175
3260 3306 272
3288 3317 88
3298 3324 120
3308 3348 173
3334 3371 3
3351 3373 174
3367 3416 108
3396 3403 212
3402 3432 24
3409 3413 291
3435 3454 282
3462 3492 220
3491 3503 226
3500 3541 160
3526 3548 80
3547 3548 212
3566 3581 274
3582 3617 195
3588 3595 164
3612 3647 4
3612 3641 297
3617 3651 275
3620 3630 245
3628 3633 147
3645 3651 53
3651 3659 5
3658 3689 215
3686 3707 85
3710 3755 286
3719 3767 156
3732 3770 191
3733 3752 22
3754 3793 10
3767 3778 83
3779 3820 13
3805 3840 49
3821 3869 125
3826 3865 105
3834 3866 192
3838 3856 147
3848 3869 21
3878 3895 217
3881 3910 66
3882 3898 149
3884 3913 293
3910 3915 17
3937 3941 113
3938 3964 298
3946 3956 44
3959 4009 78
3983 4000 104
4000 4023 233
4012 4028 204
4020 4029 281
4036 4086 84
4050 4064 268
4052 4061 142
4063 4085 89
4070 4090 223
4081 4093 230
4081 4119 185
4098 4134 158
4110 4119 193
4114 4154 228
4135 4154 61
4144 4163 105
4151 4172 36
4151 4155 108
4181 4206 55
4206 4221 115
4221 4257 275
4231 4272 106
4248 4283 73
4262 4299 53
4279 4322 19
4283 4297 109
4297 4343 171
4303 4325 277
4307 4339 19
4327 4352 80
4328 4346 118
4328 4375 157
4346 4393 286
4353 4385 280
4362 4393 275
4366 4388 104
4385 4413 32
4403 4408 104
4414 4417 41
4438 4442 93
4438 4441 262
4458 4502 290
4478 4501 88
4506 4545 25
4508 4544 64
4519 4533 98
4528 4542 141
4533 4565 281
4563 4570 62
4584 4603 31
4610 4653 279
4622 4666 228
4625 4638 10
4646 4665 17
4658 4662 217
4685 4688 117
4687 4704 259
4711 4753 241
4722 4762 64
4726 4769 76
4747 4790 6
4747 4766 74
4751 4801 201
4770 4791 183
4786 4818 115
4803 4835 27
4831 4859 107
4850 4893 237
4877 4890 113
4878 4914 280
4896 4911 241
4920 4940 268
4932 4969 112
4945 4980 166
4961 4962 87
4962 4976 64
4986 5015 94
5012 5036 108
5042 5059 11
5046 5095 212
5056 5084 44
5068 5092 108
5074 5091 131
5076 5085 209
5095 5122 185
5096 5118 278
5112 5150 4
5141 5185 223
5152 5166 285
5156 5182 284
5185 5188 123
5188 5228 257
5209 5245 254
5223 5265 135
5235 5282 34
5242 5286 166
5243 5264 180
5272 5289 14
5290 5339 190
5306 5343 264
5329 5361 210
5352 5394 112
5369 5415 195
5397 5405 174
5422 5442 82
5428 5459 259
5434 5483 243
5454 5495 121
5467 5504 250
5480 5513 30
5510 5517 77
5529 5547 38
5544 5559 274
5550 5557 85
5576 5625 19
5605 5623 94
5632 5635 287
5648 5668 96
5670 5695 44
5670 5673 63
5700 5740 166
5713 5744 153
5725 5762 193
5726 5728 249
5745 5780 209
5760 5804 55
5761 5769 214
5777 5827 198
5799 5821 139
5817 5847 79
5821 5848 98
5843 5852 246
