400
0 19 65
8 34 133
34 75 169
39 80 20
52 69 204
67 103 15
68 75 114
91 140 258
95 125 112
124 143 184
127 134 288
130 136 64
154 193 109
178 180 213
193 215 232
207 230 126
236 278 11
256 269 137
274 321 192
293 315 205
305 311 111
313 353 5
336 363 193
339 348 236
342 386 213
352 353 299
359 400 64
379 383 67
403 429 231
425 464 91
428 446 208
443 454 181
471 499 28
494 500 299
509 536 168
530 545 41
539 546 166
557 605 160
576 614 101
595 630 298
609 657 182
635 665 21
640 655 69
648 669 176
669 710 176
682 716 227
707 754 190
732 763 5
744 761 162
746 748 250
761 773 228
765 771 8
767 787 32
785 793 7
800 820 79
805 810 179
829 872 140
843 859 121
846 896 177
859 866 126
885 908 286
896 901 222
910 941 21
929 942 232
952 997 243
962 966 243
990 1039 30
1005 1006 197
1027 1045 25
1035 1047 54
1058 1086 107
1065 1090 41
1069 1072 292
1081 1110 96
1108 1142 54
1127 1156 98
1141 1186 48
1144 1147 135
1172 1190 294
1196 1207 289
1219 1221 25
1222 1261 253
1223 1269 28
1246 1248 84
1273 1321 252
1273 1304 24
1297 1307 73
1300 1333 229
1325 1354 103
1350 1351 83
1361 1390 58
1387 1409 234
1415 1457 76
1425 1466 288
1434 1455 60
1444 1464 104
1447 1492 214
1453 1477 29
1464 1495 56
1464 1466 267
1494 1508 225
1510 1521 172
1535 1543 206
1563 1611 72
1570 1603 1
1598 1604 91
1628 1646 93
1630 1640 97
1634 1635 244
1642 1652 166
1658 1672 274
1687 1688 143
1689 1712 57
1693 1711 110
1697 1742 94
1711 1726 166
1733 1743 258
1740 1775 188
1747 1785 95
1760 1786 193
1773 1812 104
1776 1793 88
1801 1843 174
1815 1841 98
1816 1826 151
1830 1850 69
1837 1844 134
1867 1900 145
1879 1921 171
1891 1897 180
1895 1942 286
1918 1967 168
1938 1976 286
1941 1945 215
1963 1999 94
1976 2018 126
1999 2038 71
2015 2019 203
2042 2085 274
2063 2085 207
2064 2084 232
2077 2088 288
2107 2127 8
2128 2174 171
2132 2146 286
2137 2150 272
2148 2154 184
2156 2162 87
2165 2200 218
2188 2212 295
2188 2230 173
2202 2248 78
2220 2241 144
2239 2246 203
2255 2293 227
2266 2291 36
2271 2285 58
2281 2316 269
2311 2325 157
2312 2362 24
2339 2347 131
2343 2390 155
2346 2384 141
2364 2401 164
2365 2415 265
2371 2389 248
2400 2406 129
2416 2453 274
2428 2466 37
2457 2484 152
2479 2485 153
2479 2507 1
2491 2528 3
2498 2537 4
2519 2530 290
2547 2553 268
2567 2603 34
2572 2573 158
2586 2621 238
2588 2629 193
2614 2624 276
2640 2643 251
2661 2699 293
2676 2723 219
2691 2701 206
2719 2738 119
2745 2776 244
2772 2802 111
2802 2847 266
2827 2830 221
2847 2875 9
2852 2902 50
2879 2882 159
2909 2946 150
2929 2961 101
2955 2980 41
2971 3001 41
2990 2999 132
3006 3045 95
3024 3035 15
3025 3043 76
3054 3080 53
3078 3087 154
3099 3139 237
3128 3132 210
3156 3185 288
3161 3171 269
3182 3218 154
3185 3193 27
3204 3209 70
3224 3235 18
3231 3248 89
3246 3295 79
3251 3284 151
3257 3298 31
3267 3292 187
3288 3325 143
3306 3335 250
3324 3364 276
3341 3372 108
3355 3394 155
3378 3381 261
3383 3426 63
3399 3428 293
3404 3444 43
3416 3458 159
3446 3461 157
3453 3460 244
3475 3522 193
3502 3506 70
3509 3558 73
3524 3572 139
3524 3558 75
3531 3555 298
3541 3573 220
3556 3580 183
3570 3612 116
3584 3631 22
3592 3632 217
3602 3649 56
3622 3654 41
3650 3665 90
3658 3674 71
3674 3717 48
3690 3704 163
3693 3707 259
3705 3744 101
3724 3768 41
3726 3769 85
3735 3780 250
3736 3778 13
3738 3754 216
3739 3776 226
3768 3775 113
3771 3821 241
3789 3809 104
3802 3835 263
3831 3833 19
3852 3864 87
3852 3895 187
3859 3892 280
3880 3890 53
3889 3928 273
3894 3911 209
3907 3950 259
3913 3961 274
3943 3979 213
3958 3987 111
3984 3988 94
4004 4039 240
4020 4054 140
4042 4088 36
4068 4088 31
4068 4107 144
4096 4103 288
4103 4148 255
4119 4149 113
4145 4156 169
4161 4211 104
4173 4179 272
4179 4198 247
4200 4245 257
4217 4236 65
4219 4267 69
4220 4236 32
4241 4259 207
4262 4283 42
4280 4299 215
4293 4305 212
4299 4344 224
4325 4349 211
4342 4382 53
4364 4386 136
4370 4388 234
4390 4408 294
4399 4428 55
4399 4428 277
4416 4417 69
4443 4446 66
4449 4451 82
4458 4477 217
4464 4494 275
4492 4520 235
4505 4527 110
4507 4551 102
4519 4545 168
4532 4538 201
4554 4600 267
4557 4586 213
4558 4600 63
4585 4617 111
4608 4656 166
4630 4667 144
4635 4650 272
4656 4704 88
4677 4724 129
4682 4687 28
4696 4707 133
4714 4758 193
4721 4758 248
4750 4752 37
4765 4809 189
4795 4831 252
4807 4839 112
4832 4866 260
4844 4884 231
4856 4889 9
4867 4882 97
4872 4888 266
4884 4921 273
4887 4922 287
4913 4926 247
4915 4956 78
4919 4958 42
4944 4985 208
4950 4965 136
4954 5002 243
4958 4991 97
4973 5012 73
4984 4985 146
4993 5039 5
5001 5024 229
5011 5053 294
5040 5078 98
5047 5083 140
5069 5083 127
5098 5131 46
5105 5135 293
5115 5140 14
5126 5151 256
5129 5155 4
5152 5170 151
5168 5176 9
5168 5188 67
5181 5188 237
5187 5210 58
5199 5205 132
5205 5253 160
5231 5247 140
5232 5263 81
5239 5264 19
5243 5267 214
5266 5301 5
5277 5321 205
5278 5328 34
5290 5306 297
5302 5313 260
5326 5363 128
5335 5384 75
5335 5382 138
5343 5346 37
5369 5412 250
5376 5418 124
5393 5414 263
5420 5440 298
5447 5472 297
5449 5481 194
5462 5507 70
5477 5510 88
5488 5512 275
5500 5540 115
5527 5568 50
5546 5559 225
5572 5613 54
5580 5626 224
5583 5592 185
5602 5635 103
5617 5618 229
5637 5673 116
5659 5662 66
5663 5686 94
5668 5681 152
5690 5725 78
5715 5728 150
5732 5769 121
5752 5787 45
5757 5775 6
5775 5806 199
5793 5810 121
5794 5817 210
