400
28 38 272
45 66 280
62 67 187
62 94 40
67 100 121
74 93 176
85 119 299
104 115 100
118 165 253
133 167 18
154 176 121
168 169 124
170 182 158
170 197 69
187 233 202
187 212 74
217 253 252
230 275 135
238 242 253
251 276 173
256 296 254
272 296 96
301 329 152
302 305 181
317 361 206
347 354 136
359 402 251
366 388 151
367 397 191
377 388 214
398 424 221
398 427 37
424 468 15
441 450 298
468 477 72
484 533 108
489 533 269
504 509 171
532 557 46
539 564 35
567 586 154
575 589 270
589 623 23
608 655 185
622 630 234
632 641 99
643 659 205
660 691 187
660 684 10
689 735 31
690 736 17
713 726 163
717 749 152
744 777 196
773 784 43
802 850 264
825 874 199
844 867 254
846 880 205
865 896 252
891 892 203
918 933 160
926 976 230
944 947 263
958 1006 253
980 1006 27
990 1036 253
1009 1016 99
1009 1043 207
1031 1066 126
1061 1072 275
1062 1084 211
1066 1108 242
1071 1120 159
1079 1102 97
1084 1124 7
1103 1127 263
1123 1154 25
1145 1192 138
1169 1202 102
1172 1184 125
1174 1206 257
1196 1233 241
1209 1234 215
1227 1259 271
1245 1281 12
1271 1275 256
1298 1307 65
1322 1329 55
1347 1351 173
1363 1403 265
1384 1388 52
1384 1390 173
1412 1449 168
1417 1446 89
1438 1478 180
1450 1479 75
1462 1507 83
1484 1491 233
1490 1504 286
1516 1559 201
1527 1546 78
1538 1582 247
1547 1585 149
1549 1568 86
1563 1567 58
1580 1596 232
1587 1612 164
1600 1644 252
1605 1652 259
1618 1645 224
1623 1655 177
1642 1670 19
1647 1649 9
1664 1713 13
1678 1715 63
1703 1750 286
1724 1725 90
1751 1784 160
1756 1771 249
1767 1814 5
1791 1830 66
1817 1857 299
1846 1858 152
1863 1904 120
1865 1914 248
1869 1875 193
1886 1919 12
1910 1958 280
1939 1988 49
1969 2001 265
1983 1994 21
2009 2038 53
2021 2065 174
2043 2070 79
2071 2109 57
2088 2122 177
2104 2152 11
2132 2159 166
2144 2157 92
2165 2210 136
2187 2236 179
2202 2241 24
2204 2241 263
2223 2271 212
2236 2238 175
2248 2273 252
2274 2275 241
2304 2305 139
2328 2363 85
2351 2399 123
2376 2386 138
2379 2413 17
2382 2405 153
2391 2411 237
2392 2422 169
2409 2443 117
2413 2457 139
2428 2461 249
2452 2501 225
2461 2509 214
2490 2516 74
2496 2513 98
2508 2548 89
2527 2541 190
2532 2558 115
2553 2555 145
2571 2581 71
2590 2626 37
2594 2642 152
2619 2646 289
2648 2656 11
2650 2654 23
2669 2691 45
2672 2673 71
2700 2737 176
2708 2754 228
2726 2733 206
2744 2746 85
2770 2809 16
2787 2804 68
2812 2856 122
2815 2863 225
2832 2852 193
2856 2880 217
2868 2890 266
2881 2921 290
2900 2926 269
2904 2941 197
2910 2937 244
2927 2935 243
2954 2969 105
2958 3002 193
2961 2999 164
2968 3011 288
2980 2986 274
3010 3021 219
3019 3040 106
3023 3028 154
3042 3048 262
3045 3086 53
3053 3067 221
3077 3081 150
3099 3116 32
3108 3132 62
3118 3132 72
3148 3171 275
3173 3176 35
3180 3194 287
3184 3213 77
3198 3217 281
3200 3224 246
3214 3229 150
3233 3244 235
3252 3294 172
3253 3282 269
3254 3288 130
3277 3293 251
3299 3330 121
3312 3340 204
3330 3370 46
3344 3353 178
3363 3390 230
3368 3402 295
3395 3402 237
3402 3424 124
3408 3457 118
3427 3437 297
3435 3464 7
3443 3461 253
3464 3474 127
3467 3501 10
3478 3493 68
3488 3490 213
3490 3492 245
3496 3533 170
3507 3545 177
3525 3551 89
3531 3551 62
3553 3600 203
3570 3576 23
3584 3607 97
3598 3637 66
3628 3632 226
3638 3670 9
3659 3681 218
3682 3697 111
3703 3712 198
3728 3750 32
3728 3742 125
3735 3781 50
3744 3745 281
3749 3786 46
3773 3796 63
3782 3795 29
3798 3803 85
3801 3820 272
3806 3845 122
3825 3869 181
3849 3891 35
3858 3905 113
3868 3903 195
3881 3892 191
3911 3947 271
3926 3939 247
3956 3975 237
3985 4007 149
4008 4026 24
4009 4021 207
4036 4059 296
4064 4065 263
4083 4095 128
4088 4126 145
4107 4125 244
4110 4139 79
4115 4165 165
4116 4122 280
4143 4163 28
4172 4176 93
4202 4220 300
4230 4267 129
4232 4254 58
4252 4273 184
4275 4281 59
4297 4344 66
4297 4328 98
4323 4367 289
4339 4370 47
4361 4406 253
4377 4424 73
4377 4411 6
4397 4410 31
4409 4416 292
4425 4470 66
4446 4495 257
4459 4504 251
4480 4515 65
4494 4508 219
4516 4521 99
4531 4567 82
4545 4584 13
4548 4583 151
4553 4593 152
4562 4594 21
4579 4613 100
4601 4621 124
4623 4667 290
4650 4664 42
4669 4715 186
4689 4719 167
4715 4729 208
4745 4758 157
4757 4766 155
4775 4823 152
4789 4800 148
4797 4836 189
4805 4851 128
4825 4837 26
4830 4852 84
4832 4842 113
4862 4891 222
4887 4923 25
4913 4939 88
4913 4937 123
4942 4980 198
4953 4991 264
4979 5014 202
4996 5022 144
5004 5033 244
5005 5039 32
5027 5040 295
5050 5084 98
5066 5095 235
5075 5080 250
5076 5077 124
5091 5139 51
5097 5135 245
5110 5129 36
5126 5141 228
5138 5179 208
5164 5195 258
5165 5179 237
5193 5233 264
5210 5243 26
5217 5262 182
5245 5248 45
5270 5316 237
5278 5324 264
5299 5306 256
5311 5316 260
5322 5356 232
5349 5358 15
5377 5418 232
5405 5416 34
5429 5472 176
5456 5475 56
5467 5516 46
5480 5521 257
5481 5492 106
5506 5552 157
5520 5539 245
5550 5585 107
5568 5584 150
5574 5584 33
5591 5639 273
5613 5663 178
5630 5672 17
5632 5652 290
5637 5661 65
5644 5654 47
5663 5677 273
5676 5699 105
5682 5707 256
5683 5684 12
5686 5710 175
5690 5727 293
5705 5707 166
5709 5723 213
5726 5752 45
5739 5779 106
5765 5780 242
5791 5822 34
5799 5818 257
5823 5855 6
5827 5829 276
5849 5866 31
5867 5903 10
5887 5917 157
5898 5915 203
5908 5910 57
5937 5950 61
5944 5966 208
5952 5964 28
5952 5955 61
5980 6018 258
5985 6027 69
6015 6041 250
6027 6038 200
6034 6043 276
6060 6086 227
