400
19 48 279
34 65 136
48 85 36
59 96 189
64 106 272
80 105 82
92 136 193
108 123 45
122 165 70
135 170 122
155 205 290
179 228 24
179 192 16
192 234 173
220 249 250
230 254 66
251 286 195
254 277 153
279 280 133
285 328 214
311 347 271
334 377 268
361 380 153
366 386 46
379 422 47
396 440 15
402 415 13
432 460 148
443 489 260
453 463 220
476 512 93
496 518 47
507 516 283
529 559 271
551 600 288
577 600 58
594 610 34
597 646 235
621 628 9
624 644 113
632 655 32
654 701 129
672 680 35
673 721 104
680 728 20
710 715 260
734 754 102
739 746 181
750 792 38
750 768 294
771 808 202
771 790 56
801 815 91
829 849 250
844 864 66
860 868 1
865 884 115
878 902 80
885 932 190
915 923 173
919 956 244
931 934 227
951 996 101
968 1017 288
995 1019 13
1001 1038 227
1027 1067 85
1029 1034 214
1031 1032 27
1038 1070 136
1067 1090 159
1074 1111 50
1102 1108 20
1120 1166 162
1134 1153 219
1155 1170 1
1177 1200 230
1183 1218 167
1207 1215 273
1215 1251 253
1241 1273 178
1268 1272 119
1284 1320 231
1303 1333 116
1309 1349 5
1309 1354 227
1336 1338 100
1366 1407 210
1382 1385 19
1399 1429 297
1422 1438 172
1447 1450 258
1466 1514 175
1492 1523 70
1495 1535 281
1521 1531 100
1542 1557 128
1548 1567 46
1566 1605 198
1582 1614 230
1608 1649 4
1609 1627 59
1630 1660 260
1631 1675 236
1658 1696 147
1686 1731 39
1708 1748 7
1730 1761 239
1759 1791 141
1778 1788 3
1796 1824 105
1798 1818 13
1827 1865 85
1833 1865 107
1854 1871 236
1873 1905 34
1903 1950 84
1918 1920 50
1932 1939 164
1944 1976 131
1974 2006 23
1990 2028 208
2014 2027 225
2014 2022 39
2028 2071 266
2050 2079 77
2067 2101 221
2091 2106 200
2094 2118 163
2121 2154 14
2127 2151 184
2152 2153 61
2166 2188 55
2182 2209 229
2206 2228 29
2230 2249 101
2255 2257 296
2262 2264 285
2275 2317 270
2282 2291 49
2306 2325 2
2325 2331 10
2337 2340 164
2347 2357 88
2370 2411 238
2387 2427 71
2405 2440 109
2422 2428 109
2436 2482 53
2441 2476 102
2453 2480 57
2456 2474 8
2471 2496 196
2498 2528 35
2502 2547 74
2531 2568 253
2558 2599 3
2585 2626 256
2601 2602 120
2627 2646 289
2635 2639 274
2663 2698 252
2684 2709 103
2710 2719 116
2735 2781 278
2737 2783 215
2765 2794 281
2780 2827 93
2786 2825 294
2815 2835 208
2827 2846 12
2827 2850 287
2831 2850 92
2857 2875 183
2865 2908 217
2868 2890 149
2879 2899 190
2893 2930 277
2916 2955 209
2945 2989 5
2958 2987 252
2974 3000 104
2993 3030 5
3018 3032 233
3035 3061 163
3054 3084 289
3081 3126 139
3099 3137 202
3108 3147 236
3136 3159 57
3147 3148 271
3148 3175 223
3167 3181 44
3191 3201 96
3202 3219 113
3206 3213 25
3214 3248 198
3227 3230 2
3234 3244 150
3242 3265 264
3250 3272 19
3263 3273 292
3292 3308 296
3305 3314 74
3327 3356 81
3355 3393 300
3368 3400 222
3384 3394 69
3408 3449 113
3410 3439 228
3431 3436 294
3455 3499 277
3469 3507 222
3477 3493 83
3478 3487 161
3486 3512 78
3511 3552 168
3514 3542 239
3527 3572 250
3537 3545 300
3542 3561 51
3558 3593 8
3565 3612 287
3595 3621 160
3622 3643 99
3632 3681 237
3634 3676 276
3642 3691 9
3667 3681 200
3696 3742 235
3709 3744 125
3732 3744 20
3753 3781 255
3768 3778 263
3786 3803 93
3806 3812 156
3808 3848 3
3822 3849 192
3833 3834 187
3854 3900 139
3863 3899 238
3885 3924 159
3885 3892 144
3911 3947 71
3915 3939 118
3926 3966 99
3943 3944 31
3970 4015 159
3998 3999 134
4002 4029 258
4022 4043 56
4041 4067 117
4044 4051 139
4062 4093 73
4073 4082 156
4078 4085 125
4088 4090 258
4095 4135 4
4104 4108 187
4105 4155 236
4121 4154 196
4146 4191 106
4146 4156 268
4173 4213 56
4202 4246 108
4204 4216 96
4206 4223 253
4216 4248 156
4231 4268 240
4238 4268 230
4259 4264 169
4274 4316 123
4288 4313 138
4297 4343 140
4324 4345 271
4344 4357 86
4356 4368 298
4369 4409 261
4395 4413 57
4396 4419 262
4408 4456 288
4409 4421 174
4439 4465 227
4440 4466 214
4457 4502 193
4466 4505 41
4486 4523 121
4486 4528 259
4492 4507 174
4521 4563 254
4527 4575 284
4534 4578 138
4537 4565 270
4558 4590 57
4580 4587 88
4593 4626 296
4596 4639 250
4606 4640 146
4619 4633 18
4621 4624 276
4627 4635 117
4645 4658 13
4663 4684 291
4683 4688 136
4713 4723 36
4725 4730 174
4755 4771 82
4779 4829 14
4807 4831 267
4823 4830 290
4853 4895 139
4858 4871 246
4866 4915 20
4890 4913 102
4915 4923 55
4920 4953 270
4930 4965 107
4958 4999 287
4959 4964 210
4969 5006 87
4985 5025 242
4985 5032 205
5007 5018 289
5009 5029 137
5034 5040 109
5063 5083 20
5067 5086 127
5084 5132 96
5114 5157 197
5135 5164 153
5146 5158 216
5152 5182 52
5173 5176 208
5201 5228 197
5206 5228 187
5215 5231 3
5231 5251 269
5240 5285 43
5270 5289 173
5294 5301 285
5303 5331 122
5313 5342 143
5323 5344 206
5348 5374 81
5368 5382 119
5392 5441 36
5408 5453 232
5429 5437 90
5442 5491 240
5456 5469 244
5459 5486 270
5474 5505 72
5493 5495 183
5518 5559 48
5548 5597 165
5558 5603 287
5585 5593 215
5602 5616 160
5618 5634 30
5632 5640 103
5651 5671 200
5673 5678 278
5676 5693 106
5696 5702 65
5723 5773 144
5748 5760 141
5762 5796 59
5791 5804 183
5808 5854 87
5824 5836 230
5834 5855 242
5864 5869 91
5870 5920 273
5879 5923 56
5880 5930 40
5906 5946 281
5933 5961 153
5945 5994 142
5967 5988 189
5993 6042 52
6001 6005 19
6004 6050 180
6025 6056 279
6041 6081 284
6041 6073 188
6053 6087 75
6061 6102 246
6079 6086 280
6094 6116 201
6121 6149 271
6124 6161 61
6128 6174 81
6143 6150 279
6156 6175 98
6160 6183 194
6180 6224 133
6201 6206 189
6206 6256 229
6206 6238 215
6222 6270 75
