400
19 49 248
28 60 174
48 56 152
64 89 119
87 131 2
90 115 50
116 154 61
122 128 274
145 156 47
174 205 241
187 204 160
189 192 214
208 256 75
216 218 158
216 243 151
218 246 72
238 260 264
254 276 181
257 272 40
259 284 192
262 309 190
271 273 39
284 327 298
287 289 152
294 326 58
307 322 153
327 336 144
350 387 219
359 408 87
363 407 266
375 410 35
395 420 92
415 441 172
437 480 260
462 506 121
464 498 221
464 512 99
468 474 221
477 492 278
484 502 52
488 502 295
506 509 261
535 572 234
547 595 178
573 616 4
575 581 166
583 615 76
584 617 205
595 606 240
597 623 183
611 622 214
611 636 294
636 660 193
658 696 263
661 698 273
682 719 181
694 705 263
700 739 160
716 750 289
725 758 127
744 769 229
752 768 164
769 810 174
786 801 75
810 813 120
824 845 17
838 860 94
844 866 248
862 878 171
864 899 293
893 894 99
913 927 138
919 966 133
927 953 294
956 978 265
986 1035 209
1002 1010 72
1027 1073 235
1049 1079 98
1059 1083 272
1080 1081 286
1105 1152 107
1133 1144 275
1152 1184 205
1176 1196 271
1182 1227 222
1197 1243 254
1208 1253 272
1221 1233 61
1236 1252 52
1261 1279 86
1266 1286 161
1295 1344 263
1302 1340 201
1314 1354 157
1329 1371 291
1359 1361 87
1388 1406 244
1394 1425 47
1401 1417 147
1408 1425 261
1421 1469 151
1443 1450 188
1448 1490 287
1452 1463 289
1475 1496 174
1499 1536 266
1507 1546 68
1516 1534 162
1539 1548 49
1565 1606 142
1593 1642 185
1604 1647 90
1625 1643 182
1633 1675 130
1643 1673 272
1670 1686 294
1683 1726 253
1698 1711 220
1703 1708 156
1711 1752 253
1726 1737 296
1728 1753 147
1754 1788 266
1762 1776 221
1771 1776 255
1801 1844 237
1819 1869 160
1820 1869 45
1821 1851 62
1822 1823 212
1832 1834 168
1839 1848 245
1847 1878 259
1851 1880 295
1878 1899 10
1891 1918 180
1909 1950 200
1921 1933 256
1943 1979 23
1959 2006 217
1974 1982 259
1998 2020 31
1999 2015 85
2007 2048 93
2017 2065 73
2038 2046 106
2040 2063 52
2059 2081 2
2085 2099 61
2115 2160 15
2125 2126 140
2150 2159 91
2158 2176 75
2188 2206 254
2203 2228 257
2219 2227 175
2222 2235 294
2248 2276 147
2266 2282 275
2268 2317 25
2269 2298 30
2289 2298 278
2314 2334 113
2334 2377 207
2339 2355 12
2348 2365 73
2378 2417 238
2386 2400 244
2416 2437 3
2431 2455 114
2451 2490 130
2453 2489 133
2474 2505 114
2483 2489 213
2485 2495 175
2508 2541 176
2525 2535 173
2535 2567 52
2548 2580 191
2562 2576 88
2579 2624 46
2590 2620 279
2591 2592 270
2604 2649 88
2631 2635 29
2658 2701 54
2662 2681 63
2684 2689 198
2684 2724 147
2685 2712 32
2712 2733 169
2724 2766 147
2736 2770 182
2764 2805 34
2780 2802 106
2790 2829 274
2820 2823 33
2833 2873 249
2857 2876 264
2885 2899 78
2888 2934 230
2915 2946 219
2927 2948 58
2936 2938 95
2949 2973 72
2970 2991 221
2994 3043 286
2999 3044 296
3013 3032 94
3038 3080 124
3042 3054 177
3044 3052 117
3046 3076 172
3050 3100 278
3077 3125 20
3104 3117 73
3127 3158 207
3131 3169 220
3133 3163 273
3146 3149 236
3171 3204 8
3187 3234 197
3189 3191 285
3197 3223 117
3223 3234 79
3253 3296 161
3262 3279 275
3267 3297 19
3270 3287 179
3291 3303 155
3295 3303 96
3315 3325 63
3318 3366 176
3348 3383 137
3364 3409 113
3367 3375 237
3367 3375 119
3376 3415 158
3389 3421 18
3390 3403 188
3408 3443 183
3427 3447 195
3441 3472 137
3466 3489 109
3478 3515 144
3478 3504 211
3478 3495 128
3487 3495 187
3509 3523 222
3517 3536 272
3532 3578 194
3539 3570 272
3557 3601 181
3578 3618 220
3592 3627 122
3598 3621 57
3621 3627 69
3646 3694 264
3668 3700 221
3692 3740 6
3693 3708 244
3697 3707 169
3705 3745 65
3708 3755 80
3731 3747 150
3742 3762 258
3744 3757 16
3761 3800 131
3762 3807 97
3791 3820 220
3821 3846 206
3828 3874 80
3852 3877 90
3874 3904 210
3879 3911 254
3905 3922 274
3922 3935 121
3941 3981 79
3957 4004 279
3972 4000 274
3995 3998 159
4009 4039 194
4033 4075 205
4061 4084 229
4064 4107 57
4076 4108 57
4095 4107 143
4107 4153 246
4130 4132 70
4144 4184 87
4168 4169 155
4194 4232 241
4208 4258 70
4237 4280 186
4246 4288 189
4258 4275 123
4275 4320 218
4278 4279 143
4284 4294 147
4298 4333 107
4305 4321 237
4335 4374 297
4352 4361 127
4360 4388 39
4369 4388 144
4389 4434 221
4416 4440 25
4418 4455 246
4423 4428 17
4436 4466 273
4442 4472 106
4444 4480 225
4462 4512 19
4472 4484 134
4493 4514 82
4508 4557 259
4514 4515 192
4519 4567 176
4544 4567 233
4554 4573 72
4572 4599 50
4589 4595 193
4601 4612 49
4618 4627 227
4633 4643 154
4641 4642 264
4656 4696 162
4676 4677 19
4685 4732 55
4691 4692 266
4713 4758 120
4716 4749 165
4739 4763 176
4769 4788 80
4779 4816 196
4809 4842 250
4815 4829 82
4822 4869 181
4851 4891 22
4852 4894 197
4864 4894 102
4880 4889 6
4902 4921 245
4930 4946 130
4956 4984 159
4980 4983 280
4983 4984 89
5005 5008 267
5027 5062 32
5042 5079 129
5044 5055 19
5071 5080 284
5090 5099 49
5114 5131 228
5142 5190 266
5144 5158 124
5166 5207 75
5170 5220 53
5195 5211 255
5214 5231 139
5228 5262 131
5235 5282 198
5252 5289 109
5279 5328 222
5280 5330 165
5299 5324 110
5318 5326 282
5321 5359 44
5330 5334 212
5345 5391 138
5367 5389 107
5375 5390 122
5404 5431 38
5418 5422 146
5444 5470 284
5451 5473 211
5471 5487 147
5472 5475 187
5474 5499 214
5490 5516 248
5516 5539 80
5534 5569 147
5547 5557 264
5555 5580 80
5571 5605 215
5572 5600 255
5591 5636 74
5605 5625 10
5606 5615 4
5608 5644 217
5636 5637 66
5639 5661 148
5665 5709 110
5674 5694 268
5696 5718 140
5721 5729 139
5751 5767 161
5773 5808 112
5784 5821 274
