400
29 36 29
30 42 160
35 41 181
39 51 247
56 97 74
75 105 177
93 99 164
110 145 64
139 180 66
141 149 170
152 163 14
165 172 48
178 221 202
185 208 276
189 215 280
218 263 33
219 229 157
219 260 19
222 266 157
222 229 48
238 255 10
256 286 130
285 289 146
286 295 258
307 353 160
331 379 134
336 353 257
339 376 260
359 360 167
366 401 46
368 402 226
373 396 169
384 409 272
389 391 24
410 427 270
411 443 235
436 477 88
464 487 80
478 502 152
503 543 274
525 569 262
529 569 216
544 564 210
560 586 178
579 589 30
583 588 281
584 597 163
589 590 271
607 639 169
617 641 102
617 659 43
634 643 263
656 659 255
671 677 29
693 740 15
715 754 38
744 770 218
745 747 92
750 755 29
770 817 19
776 813 186
801 842 62
825 854 70
855 859 259
875 920 191
900 940 160
910 951 34
912 922 280
933 960 167
950 976 261
963 986 144
982 1032 63
1003 1050 229
1031 1079 52
1051 1070 167
1064 1103 264
1071 1076 296
1094 1144 194
1094 1099 1
1095 1115 28
1119 1121 17
1127 1162 208
1132 1170 279
1138 1170 69
1141 1158 105
1163 1175 95
1177 1215 208
1196 1221 289
1213 1214 78
1231 1245 169
1255 1282 43
1256 1265 4
1260 1308 122
1266 1314 229
1278 1289 86
1278 1286 255
1299 1317 247
1299 1335 106
1321 1365 64
1339 1374 238
1362 1393 255
1367 1374 244
1367 1395 150
1374 1421 21
1379 1391 258
1408 1436 63
1426 1431 97
1427 1462 239
1447 1452 52
1475 1484 49
1491 1535 6
1515 1520 85
1541 1556 53
1550 1581 125
1576 1616 212
1589 1593 155
1597 1642 119
1606 1629 87
1612 1653 176
1630 1664 237
1630 1667 53
1650 1657 241
1672 1711 169
1680 1686 274
1699 1748 253
1704 1746 219
1731 1735 147
1736 1751 7
1739 1763 7
1741 1779 49
1748 1796 8
1762 1811 273
1766 1807 270
1775 1819 266
1778 1821 145
1790 1814 109
1804 1849 104
1815 1854 85
1835 1846 191
1846 1879 166
1846 1852 233
1873 1906 143
1891 1933 69
1909 1957 65
1930 1961 27
1942 1955 300
1971 2013 137
1974 1999 213
1981 2027 226
1981 2018 95
1986 1997 290
1996 2045 178
2021 2031 84
2044 2070 17
2068 2071 177
2074 2092 216
2077 2114 293
2083 2102 141
2099 2102 24
2114 2163 173
2116 2159 292
2130 2139 22
2151 2184 80
2154 2188 149
2158 2178 156
2179 2224 55
2197 2207 136
2222 2251 204
2237 2277 9
2262 2278 74
2269 2309 224
2287 2304 280
2310 2328 82
2331 2355 257
2353 2385 36
2377 2416 240
2385 2426 30
2404 2408 162
2410 2460 156
2412 2455 26
2413 2438 255
2419 2421 292
2447 2469 227
2475 2499 215
2492 2493 139
2510 2516 146
2524 2536 206
2537 2577 131
2552 2585 205
2571 2573 240
2586 2592 109
2596 2642 284
2614 2618 213
2625 2626 146
2636 2673 23
2642 2681 151
2663 2689 118
2664 2691 277
2685 2717 270
2703 2705 268
2708 2745 167
2710 2731 71
2718 2736 165
2718 2751 113
2730 2780 113
2755 2805 65
2782 2783 102
2784 2812 187
2802 2818 32
2805 2810 234
2832 2869 42
2842 2871 101
2863 2887 179
2887 2924 27
2916 2945 169
2942 2969 30
2970 2988 66
2995 3027 279
3011 3042 222
3039 3068 178
3055 3065 153
3078 3092 174
3099 3103 156
3117 3157 112
3139 3180 159
3148 3165 63
3171 3191 108
3198 3214 122
3205 3211 150
3206 3244 146
3210 3255 216
3211 3238 5
3217 3256 105
3243 3257 229
3247 3282 261
3276 3302 99
3279 3318 235
3283 3291 151
3301 3307 282
3315 3323 45
3319 3367 280
3339 3362 57
3341 3385 110
3343 3364 63
3350 3371 6
3353 3395 233
3371 3383 31
3374 3398 84
3397 3437 138
3410 3444 34
3438 3465 138
3442 3486 212
3457 3488 265
3480 3528 93
3501 3504 63
3530 3579 37
3541 3591 133
3561 3586 260
3570 3596 218
3573 3599 42
3600 3646 160
3605 3644 66
3631 3649 3
3647 3659 237
3658 3665 45
3671 3672 167
3690 3698 300
3697 3719 89
3721 3762 218
3747 3756 268
3752 3794 174
3774 3801 178
3802 3807 283
3807 3856 28
3808 3853 41
3834 3870 61
3841 3864 126
3842 3843 252
3864 3901 37
3890 3912 113
3896 3943 206
3898 3927 54
3903 3944 239
3926 3963 184
3939 3982 92
3964 3979 125
3980 4029 205
3995 3998 287
4012 4054 24
4034 4077 183
4048 4068 171
4061 4073 161
4069 4082 217
4071 4099 74
4079 4112 229
4108 4142 27
4136 4143 264
4144 4151 39
4160 4190 68
4176 4201 197
4187 4190 279
4197 4214 178
4202 4203 27
4219 4233 258
4235 4249 67
4239 4244 213
4240 4262 167
4240 4290 21
4240 4262 92
4249 4280 40
4267 4276 144
4284 4310 88
4286 4313 160
4294 4328 20
4319 4325 295
4348 4353 11
4348 4349 174
4372 4399 258
4399 4401 199
4412 4456 15
4413 4434 127
4419 4431 239
4424 4428 140
4425 4428 100
4432 4452 252
4452 4457 202
4480 4526 284
4482 4516 172
4495 4532 280
4514 4550 262
4528 4571 234
4531 4553 166
4560 4573 212
4568 4574 11
4572 4615 270
4596 4643 65
4596 4601 101
4613 4630 144
4621 4622 76
4651 4694 25
4673 4683 256
4703 4750 46
4713 4731 280
4713 4747 249
4743 4780 131
4768 4803 267
4790 4793 284
4812 4838 74
4836 4842 81
4862 4867 7
4881 4914 147
4893 4902 86
4904 4912 177
4913 4954 94
4927 4947 90
4956 4982 250
4982 4998 142
5010 5017 297
5030 5045 158
5042 5048 229
5066 5068 279
5090 5126 34
5119 5168 151
5121 5130 176
5125 5174 32
5137 5162 114
5164 5187 56
5192 5237 190
5218 5265 264
5232 5259 127
5260 5286 293
5273 5283 180
5298 5312 46
5301 5334 1
5313 5345 229
5318 5324 160
5323 5332 68
5343 5378 276
5354 5364 3
5360 5365 44
5365 5415 6
5365 5378 251
5389 5424 137
5408 5439 3
5416 5456 257
5434 5465 266
5448 5484 43
5458 5500 194
5471 5504 76
5497 5520 258
5509 5519 54
5528 5574 232
5550 5587 3
5553 5580 259
5577 5598 220
5598 5617 191
5608 5611 283
5618 5636 179
5619 5666 180
5626 5642 286
