400
18 45 208
32 71 200
55 94 168
83 88 77
94 131 29
102 128 291
118 161 19
142 187 80
150 171 45
171 179 2
186 235 168
196 241 167
224 230 111
235 256 275
236 242 61
240 290 101
265 314 229
295 330 192
314 357 200
344 393 121
370 419 122
397 436 286
415 432 214
432 446 168
445 465 215
460 486 233
471 480 29
499 521 47
527 532 105
534 540 240
556 590 83
584 633 100
597 639 164
609 639 70
617 661 137
635 676 15
655 673 111
657 672 27
675 702 205
698 746 289
718 758 83
725 749 254
755 762 5
769 793 246
784 804 208
810 850 129
829 876 7
857 888 236
862 871 262
872 919 28
875 920 61
905 954 296
923 950 106
928 965 25
934 969 84
951 956 114
960 1008 276
981 994 260
989 993 27
1018 1040 146
1020 1063 88
1035 1069 149
1055 1096 76
1081 1082 262
1084 1101 39
1113 1119 226
1126 1129 66
1148 1155 42
1162 1164 257
1191 1212 97
1216 1263 48
1240 1249 297
1268 1301 49
1292 1320 153
1318 1336 236
1341 1359 35
1363 1413 184
1389 1427 76
1396 1408 286
1424 1432 2
1431 1447 21
1433 1470 145
1449 1482 261
1449 1461 117
1452 1460 164
1478 1527 93
1505 1519 62
1519 1530 157
1536 1585 163
1553 1587 83
1569 1579 78
1593 1606 253
1614 1664 31
1614 1652 8
1633 1678 142
1645 1680 249
1671 1689 219
1701 1733 95
1723 1772 88
1728 1748 186
1758 1764 238
1767 1799 129
1771 1795 138
1790 1800 195
1803 1833 150
1817 1865 34
1843 1891 150
1850 1866 40
1865 1881 97
1890 1893 209
1899 1936 81
1905 1927 82
1920 1956 205
1943 1971 253
1963 1968 269
1972 1984 21
1983 1990 299
1992 2012 182
2014 2046 222
2041 2053 230
2051 2101 6
2067 2087 4
2077 2087 86
2103 2131 64
2131 2172 107
2131 2150 150
2138 2170 83
2149 2164 213
2153 2157 138
2163 2182 8
2165 2189 139
2194 2234 53
2207 2234 15
2225 2242 211
2233 2271 88
2245 2287 211
2259 2272 50
2282 2293 90
2305 2314 164
2331 2337 16
2337 2377 135
2365 2384 69
2370 2393 245
2383 2401 268
2388 2420 104
2417 2424 221
2418 2452 1
2437 2451 230
2462 2512 150
2477 2480 104
2500 2513 143
2519 2546 4
2525 2553 144
2554 2592 192
2554 2595 158
2557 2562 248
2573 2619 161
2583 2597 213
2594 2642 194
2597 2625 76
2620 2642 258
2644 2668 140
2650 2681 75
2659 2704 223
2674 2718 230
2695 2730 253
2711 2759 153
2739 2763 30
2766 2798 257
2782 2830 35
2804 2814 158
2816 2851 182
2842 2871 278
2855 2887 115
2883 2925 27
2912 2953 172
2937 2945 92
2945 2950 31
2950 2962 119
2980 2987 293
2981 2983 117
3007 3017 137
3025 3046 39
3045 3072 259
3047 3076 289
3056 3101 104
3069 3114 300
3098 3131 56
3127 3131 208
3154 3203 229
3178 3219 24
3184 3186 142
3198 3226 77
3218 3253 207
3247 3254 238
3256 3275 197
3273 3300 83
3285 3327 291
3302 3332 68
3328 3336 110
3329 3354 107
3349 3360 267
3369 3406 48
3394 3411 27
3422 3426 271
3435 3479 96
3453 3502 173
3453 3467 250
3463 3473 228
3476 3500 76
3497 3527 187
3506 3549 76
3515 3559 202
3518 3559 85
3548 3596 74
3551 3557 243
3569 3579 298
3584 3591 193
3586 3608 52
3609 3611 288
3612 3652 48
3615 3619 14
3637 3640 27
3658 3663 142
3661 3678 277
3663 3680 72
3677 3697 16
3683 3704 214
3691 3726 75
3693 3733 70
3714 3734 7
3719 3728 154
3744 3752 178
3770 3796 1
3786 3801 71
3786 3808 92
3804 3834 244
3823 3863 259
3849 3890 42
3874 3891 36
3878 3893 35
3900 3913 49
3914 3954 12
3941 3957 242
3969 4001 143
3969 3992 58
3995 4008 255
4023 4050 41
4038 4060 193
4039 4071 61
4068 4109 196
4093 4099 294
4109 4111 36
4134 4177 204
4164 4197 273
4174 4217 13
4179 4192 84
4195 4237 47
4224 4226 36
4236 4255 121
4260 4282 248
4283 4295 174
4287 4294 176
4307 4316 52
4330 4340 201
4336 4337 134
4343 4359 141
4363 4390 33
4379 4401 34
4381 4402 51
4397 4429 273
4406 4409 212
4414 4428 294
4434 4450 219
4452 4480 21
4461 4499 57
4462 4473 57
4485 4509 280
4495 4521 42
4508 4538 72
4531 4546 62
4535 4542 16
4541 4556 152
4556 4579 258
4571 4605 259
4580 4583 64
4601 4604 207
4618 4635 290
4639 4643 185
4654 4662 261
4655 4678 142
4658 4676 47
4670 4710 221
4689 4727 4
4717 4735 27
4742 4780 2
4772 4774 259
4781 4806 298
4798 4834 5
4798 4846 296
4810 4826 17
4824 4848 201
4830 4852 187
4830 4847 31
4847 4871 91
4864 4914 249
4868 4894 34
4881 4914 271
4888 4894 124
4892 4927 226
4896 4923 26
4904 4931 25
4905 4919 54
4933 4974 13
4947 4987 181
4952 4997 161
4979 5014 269
5004 5035 58
5032 5075 220
5050 5062 216
5065 5071 81
5094 5135 31
5110 5158 92
5127 5145 154
5149 5196 286
5166 5192 143
5174 5183 154
5190 5202 157
5203 5211 1
5204 5251 235
5217 5260 24
5242 5274 152
5270 5302 180
5298 5304 294
5301 5325 259
5321 5354 121
5351 5375 105
5366 5375 201
5385 5400 190
5396 5414 157
5410 5416 16
5421 5469 83
5448 5475 174
5457 5458 66
5468 5500 20
5493 5521 107
5513 5521 181
5533 5557 283
5543 5570 229
5549 5583 215
5551 5572 83
5561 5582 193
5569 5606 177
5591 5598 195
5610 5624 116
5618 5624 294
5629 5630 134
5630 5678 81
5658 5694 171
5669 5672 103
5695 5710 67
5721 5764 259
5722 5757 132
5737 5738 285
5761 5777 184
5791 5805 261
5808 5841 184
5834 5835 67
5860 5861 129
5864 5894 187
5872 5878 216
5883 5907 184
5894 5930 24
5918 5947 78
5920 5955 132
5933 5941 118
5937 5939 228
5966 5980 81
5970 5984 48
5984 6004 264
6005 6012 29
6013 6027 295
6024 6028 65
6034 6077 35
6049 6068 127
6070 6090 30
6090 6129 174
6101 6119 86
6120 6136 276
6148 6178 299
6178 6208 84
6188 6222 59
6199 6222 101
6218 6249 209
6229 6279 107
6258 6264 251
6263 6293 8
6293 6330 161
6318 6332 209
6346 6347 44
