400
4 23 298
32 48 19
47 97 131
63 78 151
93 101 193
101 123 288
105 145 223
111 158 45
130 144 54
154 176 93
163 188 63
191 217 183
210 240 282
231 237 123
235 264 287
257 284 27
285 313 108
300 322 38
317 340 230
334 382 82
355 379 137
359 398 60
360 361 161
384 405 271
408 440 128
424 474 293
454 466 156
469 512 175
494 517 67
494 533 241
502 550 163
515 538 56
538 573 80
563 579 64
574 615 122
592 601 264
622 637 92
625 643 88
637 683 249
637 664 138
665 692 27
692 722 165
700 707 87
704 727 94
716 732 291
719 748 287
747 764 118
759 774 195
776 794 261
786 825 197
809 820 220
826 843 140
826 865 212
840 847 150
861 909 272
873 892 61
890 915 287
896 928 153
903 947 138
917 967 21
931 933 47
933 954 208
946 973 162
971 987 1
985 1006 195
1015 1042 264
1025 1036 6
1033 1040 202
1054 1079 105
1074 1110 214
1074 1121 36
1086 1101 300
1090 1124 258
1109 1127 13
1126 1134 170
1128 1155 222
1158 1192 106
1169 1206 160
1170 1218 241
1181 1216 130
1202 1229 172
1223 1224 140
1226 1243 174
1228 1278 269
1253 1286 88
1261 1269 171
1272 1307 200
1272 1293 178
1275 1278 118
1305 1347 191
1329 1352 276
1353 1371 176
1367 1387 5
1395 1444 289
1415 1422 3
1432 1463 102
1440 1481 232
1443 1467 207
1457 1496 212
1473 1504 202
1503 1509 230
1529 1567 62
1532 1574 131
1555 1563 45
1578 1611 259
1591 1616 59
1609 1625 37
1615 1632 297
1625 1667 18
1645 1654 147
1672 1687 192
1675 1681 60
1679 1681 10
1706 1756 223
1731 1778 7
1759 1775 59
1782 1800 16
1796 1808 85
1825 1865 286
1828 1872 191
1834 1844 11
1852 1878 76
1868 1898 150
1874 1894 4
1893 1910 152
1912 1941 199
1931 1953 195
1931 1963 118
1950 1959 168
1965 2008 205
1982 1986 280
1990 2032 19
2008 2054 251
2037 2076 185
2055 2081 164
2056 2086 216
2073 2108 190
2075 2105 237
2076 2100 92
2106 2114 217
2114 2118 214
2139 2153 159
2158 2166 152
2169 2208 205
2197 2244 68
2227 2251 271
2241 2291 270
2242 2280 265
2245 2268 248
2259 2288 240
2283 2298 287
2309 2321 138
2315 2359 65
2320 2348 287
2341 2381 269
2366 2392 53
2395 2415 216
2395 2403 101
2412 2420 25
2417 2435 215
2442 2467 65
2454 2477 242
2483 2524 204
2485 2491 8
2515 2551 61
2515 2538 135
2529 2557 128
2552 2564 285
2571 2612 206
2593 2601 159
2620 2644 236
2644 2677 129
2665 2709 270
2692 2723 191
2697 2723 164
2722 2763 24
2744 2763 147
2770 2775 164
2770 2806 124
2773 2818 285
2792 2796 125
2800 2839 274
2828 2833 256
2833 2881 18
2849 2873 228
2851 2866 56
2874 2913 150
2904 2925 115
2905 2935 8
2935 2941 259
2944 2979 210
2955 2957 185
2971 2994 94
2973 2983 30
2999 3023 208
2999 3000 121
3022 3066 196
3031 3034 250
3038 3086 211
3061 3096 34
3061 3086 175
3074 3077 186
3086 3132 167
3109 3115 5
3124 3173 142
3128 3151 182
3149 3165 30
3164 3186 49
3173 3201 240
3193 3203 92
3211 3245 149
3215 3246 35
3220 3247 224
3223 3229 196
3243 3247 153
3269 3282 116
3281 3324 259
3297 3298 6
3317 3331 138
3333 3335 105
3356 3373 247
3374 3423 181
3386 3405 286
3405 3426 97
3415 3422 103
3422 3426 270
3438 3471 90
3467 3474 223
3488 3526 126
3493 3506 151
3521 3523 170
3533 3537 60
3536 3559 39
3538 3547 114
3566 3597 293
3576 3601 276
3581 3607 246
3604 3642 51
3622 3626 238
3629 3657 159
3658 3666 5
3687 3733 16
3698 3703 131
3718 3751 167
3726 3773 278
3755 3775 44
3764 3797 97
3772 3803 282
3786 3815 162
3792 3794 244
3799 3839 230
3829 3870 294
3859 3908 24
3877 3882 76
3900 3919 156
3909 3945 16
3916 3957 104
3919 3931 111
3929 3977 244
3935 3962 45
3965 4006 258
3995 4007 10
4021 4062 118
4039 4059 193
4051 4074 42
4076 4111 126
4095 4098 113
4115 4134 240
4130 4133 229
4139 4173 124
4150 4164 255
4166 4212 129
4171 4176 142
4171 4193 154
4180 4202 229
4196 4204 149
4197 4232 100
4207 4214 192
4214 4233 159
4224 4256 150
4254 4285 166
4258 4302 40
4259 4302 75
4259 4279 122
4280 4308 75
4309 4314 145
4334 4360 85
4356 4378 264
4372 4397 298
4391 4424 132
4396 4420 55
4414 4460 186
4423 4463 220
4432 4443 43
4451 4495 45
4468 4488 48
4482 4521 1
4484 4504 18
4498 4542 163
4498 4499 282
4502 4521 178
4510 4546 244
4539 4587 109
4564 4590 283
4567 4608 102
4577 4607 34
4587 4627 154
4595 4600 75
4617 4651 76
4622 4670 207
4638 4672 126
4650 4662 203
4658 4667 122
4678 4684 139
4680 4688 7
4688 4706 8
4696 4724 247
4717 4745 282
4741 4785 184
4742 4787 299
4764 4773 102
4787 4812 71
4792 4796 69
4821 4825 131
4843 4885 300
4858 4876 203
4862 4895 244
4873 4895 34
4898 4908 127
4924 4954 179
4928 4938 41
4951 4977 66
4964 5004 58
4980 4988 122
4990 5030 250
5009 5033 99
5017 5024 242
5024 5030 184
5039 5046 95
5052 5078 177
5052 5099 151
5061 5066 229
5061 5065 7
5076 5107 49
5079 5091 145
5098 5099 215
5117 5125 88
5142 5146 117
5154 5203 102
5166 5214 284
5166 5184 169
5172 5211 295
5174 5218 188
5200 5238 152
5203 5207 121
5229 5274 106
5256 5277 10
5261 5278 21
5291 5324 294
5309 5323 217
5326 5356 95
5328 5348 11
5348 5368 114
5376 5401 76
5399 5421 281
5423 5426 143
5453 5500 115
5456 5468 23
5459 5472 247
5476 5520 42
5501 5532 129
5512 5551 20
5529 5540 69
5542 5589 79
5563 5607 188
5576 5600 43
5590 5615 175
5595 5616 100
5596 5635 170
5622 5643 217
5645 5679 56
5653 5679 199
5666 5689 12
5666 5697 6
5695 5728 295
5705 5716 277
5717 5734 2
5732 5774 284
5738 5744 244
5738 5753 14
5765 5769 88
5777 5799 160
5791 5807 77
5820 5859 174
5841 5848 159
5841 5883 199
5861 5868 270
5875 5904 70
5892 5942 18
5905 5947 298
