400
23 39 38
45 65 148
45 65 197
46 67 137
62 106 234
64 78 235
73 117 72
90 125 259
114 144 84
126 170 16
148 168 187
148 154 15
172 200 73
178 189 94
195 208 242
221 254 61
236 258 93
257 301 25
268 312 218
286 318 108
301 328 139
325 335 241
336 349 244
355 399 19
376 423 157
394 442 238
414 429 292
416 423 171
424 426 14
435 450 84
459 500 63
489 499 14
493 515 48
512 527 81
519 541 189
528 555 137
542 550 282
552 557 107
573 601 173
573 574 43
584 618 226
589 632 201
590 594 152
599 644 207
619 658 277
629 674 186
630 641 176
636 656 86
657 661 190
662 679 79
688 693 142
696 698 196
719 759 78
744 754 268
773 821 282
778 822 207
799 815 46
820 845 259
826 830 201
839 854 54
868 907 298
872 902 203
883 903 17
913 919 64
913 957 116
934 969 245
943 957 209
967 994 33
988 1016 89
1009 1054 38
1013 1059 247
1032 1060 117
1038 1072 270
1057 1083 162
1079 1115 49
1080 1124 78
1092 1122 10
1120 1153 59
1136 1158 137
1146 1180 125
1175 1182 244
1192 1217 166
1216 1259 103
1244 1262 55
1266 1282 152
1292 1310 245
1322 1345 45
1342 1359 240
1351 1381 101
1370 1419 210
1387 1412 181
1417 1424 136
1444 1471 83
1447 1479 2
1470 1477 141
1500 1528 246
1513 1539 33
1543 1565 287
1559 1570 15
1572 1621 107
1584 1587 262
1603 1614 217
1603 1652 243
1604 1606 27
1613 1636 165
1638 1667 253
1650 1696 185
1651 1662 300
1656 1658 139
1682 1693 51
1710 1717 216
1721 1755 4
1725 1737 175
1746 1761 17
1767 1804 18
1770 1809 21
1788 1818 222
1798 1842 273
1819 1825 26
1848 1898 98
1869 1881 89
1870 1910 98
1899 1926 121
1911 1959 137
1917 1950 126
1945 1983 123
1967 1997 203
1984 2008 65
2014 2017 194
2041 2051 177
2046 2062 148
2048 2081 88
2057 2098 127
2062 2102 179
2083 2090 189
2101 2112 58
2125 2171 226
2136 2157 297
2142 2185 299
2147 2163 297
2170 2209 221
2190 2210 58
2207 2212 121
2225 2254 96
2240 2286 203
2250 2294 18
2278 2307 226
2300 2346 214
2307 2320 288
2309 2348 182
2333 2360 15
2353 2379 39
2373 2403 66
2387 2427 289
2406 2423 89
2411 2434 162
2434 2452 165
2451 2455 38
2460 2478 24
2460 2479 210
2486 2505 136
2498 2504 155
2520 2550 125
2541 2585 106
2543 2555 246
2569 2573 95
2571 2591 60
2578 2616 120
2592 2624 23
2619 2669 146
2634 2641 260
2658 2700 278
2685 2691 138
2693 2717 15
2723 2771 140
2726 2753 288
2737 2775 52
2762 2812 27
2775 2783 273
2802 2828 84
2825 2873 64
2841 2860 119
2861 2865 261
2862 2903 85
2863 2890 128
2878 2926 181
2907 2928 237
2907 2941 209
2911 2931 275
2924 2966 209
2928 2969 127
2942 2991 170
2949 2959 177
2951 2952 170
2967 2998 56
2971 3015 190
2983 3000 186
2994 3031 114
2996 3014 110
3011 3028 151
3036 3081 248
3062 3083 116
3071 3119 46
3079 3097 204
3099 3110 144
3103 3126 244
3104 3110 254
3109 3133 263
3127 3177 253
3129 3147 148
3149 3191 72
3178 3214 168
3191 3224 295
3221 3257 60
3229 3266 220
3249 3279 44
3251 3288 59
3256 3279 170
3269 3308 299
3285 3320 133
3297 3310 106
3311 3353 77
3317 3332 230
3331 3342 82
3351 3385 225
3359 3369 217
3375 3384 220
3386 3406 63
3391 3402 186
3402 3452 46
3407 3454 147
3421 3423 58
3432 3435 98
3462 3507 156
3481 3485 257
3494 3504 160
3506 3517 245
3526 3540 128
3534 3540 19
3559 3594 213
3573 3593 52
3587 3631 63
3615 3649 228
3617 3662 171
3622 3625 263
3629 3660 165
3655 3687 248
3673 3700 165
3698 3713 203
3708 3744 137
3717 3721 136
3738 3758 188
3760 3791 258
3770 3811 1
3800 3812 249
3820 3829 203
3838 3850 264
3852 3902 156
3878 3887 182
3897 3946 80
3898 3943 205
3919 3968 277
3920 3940 284
3929 3961 232
3958 3967 164
3973 3999 185
3992 3998 118
4007 4014 252
4033 4067 246
4060 4107 94
4066 4072 154
4093 4116 188
4118 4167 231
4144 4160 176
4156 4200 92
4178 4193 289
4188 4225 70
4190 4196 215
4210 4226 275
4215 4220 274
4222 4263 44
4230 4270 4
4241 4283 122
4261 4275 292
4278 4315 273
4301 4325 104
4301 4321 161
4307 4322 21
4327 4366 183
4354 4377 127
4355 4363 15
4362 4376 81
4392 4403 112
4402 4413 180
4422 4464 20
4450 4487 142
4460 4473 248
4477 4481 87
4485 4486 232
4503 4531 10
4532 4533 180
4556 4565 60
4568 4596 132
4569 4571 51
4591 4593 182
4609 4627 68
4614 4626 184
4617 4648 167
4620 4648 60
4644 4646 257
4650 4678 240
4673 4708 133
4674 4718 147
4679 4697 66
4705 4725 176
4715 4751 67
4726 4766 50
4739 4772 21
4768 4779 137
4772 4820 113
4789 4833 12
4815 4827 129
4830 4836 141
4832 4879 22
4848 4870 96
4868 4869 86
4892 4935 210
4898 4912 171
4901 4939 197
4912 4931 296
4937 4942 35
4954 4984 96
4980 5027 52
4984 5015 4
5000 5028 83
5026 5038 239
5044 5091 227
5071 5108 101
5094 5130 204
5117 5124 3
5146 5152 227
5166 5216 31
5186 5233 216
5201 5236 97
5231 5238 283
5248 5277 222
5272 5279 248
5301 5346 75
5303 5338 61
5309 5330 95
5316 5339 194
5325 5344 25
5351 5372 181
5378 5407 111
5406 5419 51
5408 5445 27
5423 5467 6
5450 5468 267
5450 5454 80
5456 5503 237
5486 5523 7
5497 5527 194
5524 5569 103
5550 5552 277
5555 5585 249
5556 5606 174
5559 5594 149
5575 5620 296
5595 5617 111
5604 5609 137
5609 5626 206
5612 5648 83
5638 5645 45
5647 5683 12
5656 5691 104
5686 5718 152
5699 5706 36
5722 5751 285
5725 5767 299
5740 5744 242
5762 5805 111
5779 5792 253
5796 5813 99
5800 5834 177
5825 5850 174
5855 5894 35
5868 5883 168
5889 5900 251
5893 5908 193
5902 5934 18
5911 5960 55
5941 5970 102
5944 5991 32
5964 5970 154
5971 6005 182
5997 6009 150
6017 6062 144
6028 6068 187
6056 6066 93
6074 6102 222
