400
1 4 223
13 49 54
43 85 184
57 80 102
73 86 144
89 136 154
96 102 178
104 152 284
118 132 8
139 180 224
160 178 126
164 175 67
180 184 232
196 229 50
217 259 283
219 250 127
227 241 84
249 257 163
258 278 266
268 304 107
268 312 187
290 291 247
307 309 110
324 361 112
338 379 211
345 353 131
371 389 15
386 430 185
386 402 297
401 431 160
414 429 6
425 449 104
450 480 181
473 495 275
498 545 206
509 537 76
518 528 212
526 557 278
532 553 206
536 560 42
559 609 57
583 596 92
601 633 75
626 646 71
644 671 141
671 706 226
692 727 82
693 732 95
703 725 244
722 755 171
724 752 233
751 798 287
767 779 57
796 835 60
820 856 33
837 867 67
854 876 53
858 892 231
868 890 85
870 886 182
900 932 230
900 917 214
910 932 237
914 945 73
922 933 290
943 986 21
967 1002 85
975 1007 181
1004 1022 74
1014 1056 123
1020 1050 124
1030 1045 1
1034 1069 262
1056 1087 87
1067 1096 17
1072 1093 154
1102 1142 283
1108 1145 5
1117 1142 172
1138 1146 17
1167 1215 151
1197 1205 110
1198 1206 147
1219 1231 10
1231 1247 142
1251 1272 297
1279 1325 165
1307 1322 294
1316 1350 107
1330 1380 42
1357 1405 230
1386 1432 119
1397 1405 9
1407 1443 207
1429 1462 107
1444 1478 111
1451 1491 206
1464 1508 233
1467 1502 120
1471 1495 98
1500 1543 143
1514 1544 233
1541 1545 235
1553 1600 194
1571 1590 31
1585 1631 144
1590 1621 37
1616 1653 209
1646 1684 79
1664 1696 206
1680 1721 33
1700 1726 33
1706 1726 188
1710 1750 177
1732 1747 231
1760 1808 176
1769 1819 267
1795 1830 252
1825 1856 295
1840 1867 5
1859 1891 125
1863 1872 213
1875 1925 11
1903 1950 71
1927 1937 23
1939 1967 186
1939 1969 85
1942 1947 57
1963 1977 212
1970 1977 106
1990 2020 60
2003 2048 242
2015 2027 18
2027 2040 229
2032 2059 50
2042 2046 77
2068 2118 17
2071 2097 247
2085 2113 218
2093 2110 35
2103 2144 40
2133 2144 272
2151 2159 274
2168 2170 115
2178 2188 189
2190 2207 206
2211 2249 226
2225 2237 176
2249 2267 278
2270 2304 285
2274 2279 158
2302 2345 243
2315 2338 166
2338 2374 295
2361 2367 297
2383 2408 132
2408 2409 65
2411 2424 242
2431 2456 102
2432 2446 134
2442 2452 253
2446 2453 47
2446 2483 203
2453 2471 100
2472 2479 118
2488 2517 108
2513 2548 174
2519 2539 147
2531 2552 93
2547 2566 221
2562 2580 72
2586 2627 285
2609 2638 58
2639 2664 273
2649 2653 199
2660 2665 128
2669 2689 277
2676 2690 76
2705 2750 78
2728 2752 102
2756 2764 211
2769 2789 23
2775 2796 293
2799 2813 19
2804 2831 113
2831 2846 274
2856 2866 257
2859 2884 213
2881 2896 42
2896 2938 100
2920 2968 67
2945 2954 80
2957 3003 21
2986 3001 123
2990 3014 125
3011 3022 162
3020 3054 146
3044 3092 282
3072 3102 157
3077 3109 202
3085 3126 273
3099 3105 193
3099 3149 280
3123 3142 300
3152 3164 54
3157 3161 209
3177 3218 296
3179 3228 27
3187 3233 18
3206 3217 94
3224 3250 5
3226 3233 159
3241 3251 130
3244 3282 205
3244 3265 196
3260 3288 32
3283 3284 291
3306 3317 133
3335 3341 4
3338 3373 271
3350 3353 81
3378 3408 98
3382 3399 229
3393 3439 113
3420 3456 17
3445 3455 143
3475 3510 116
3484 3498 76
3488 3525 4
3490 3516 45
3494 3525 239
3511 3513 298
3523 3566 167
3533 3573 86
3541 3589 269
3550 3595 164
3554 3601 168
3565 3577 6
3573 3602 63
3602 3640 104
3613 3625 256
3625 3637 79
3651 3685 86
3679 3725 296
3681 3729 185
3685 3711 25
3696 3742 96
3707 3737 25
3729 3774 233
3746 3796 236
3768 3780 237
3793 3816 85
3799 3832 256
3818 3829 50
3847 3858 32
3858 3868 164
3875 3877 56
3890 3895 55
3920 3947 139
3938 3943 267
3966 4005 164
3975 3987 206
3978 3987 29
3984 4000 142
4000 4032 194
4028 4029 156
4037 4041 13
4066 4096 243
4066 4099 144
4083 4116 256
4108 4142 14
4109 4145 242
4110 4111 146
4120 4124 66
4135 4157 268
4145 4154 17
4175 4215 107
4191 4200 269
4209 4223 146
4239 4262 94
4261 4265 101
4287 4311 162
4291 4313 275
4320 4358 227
4339 4352 125
4369 4402 62
4395 4414 35
4403 4450 157
4417 4451 173
4417 4457 286
4437 4450 77
4465 4513 133
4478 4516 80
4499 4513 261
4524 4535 96
4540 4567 104
4552 4556 151
4560 4602 28
4565 4615 47
4575 4601 162
4583 4600 240
4598 4625 295
4616 4617 173
4634 4656 114
4650 4673 299
4667 4705 138
4688 4723 115
4716 4761 253
4720 4738 295
4742 4758 6
4756 4761 255
4762 4801 71
4791 4812 17
4819 4864 76
4819 4867 174
4831 4865 193
4858 4897 60
4882 4890 156
4910 4942 222
4931 4956 217
4940 4947 47
4949 4992 77
4976 5016 255
5000 5004 1
5003 5009 11
5009 5017 11
5013 5040 3
5039 5042 145
5066 5093 187
5093 5141 155
5112 5116 84
5120 5123 213
5144 5150 138
5163 5187 264
5189 5219 49
5203 5232 148
5203 5210 226
5210 5221 72
5215 5230 88
5240 5242 255
5259 5291 295
5275 5310 113
5300 5342 190
5311 5326 132
5313 5329 94
5329 5368 284
5350 5356 293
5367 5404 17
5380 5399 180
5407 5436 32
5418 5464 220
5446 5479 220
5446 5462 280
5476 5490 54
5502 5503 69
5527 5554 148
5542 5576 234
5558 5590 154
5562 5582 55
5585 5605 2
5608 5629 220
5624 5669 40
5643 5673 255
5647 5656 262
5650 5669 93
5678 5712 125
5696 5741 270
5722 5762 197
5738 5778 90
5739 5773 7
5742 5750 4
5748 5787 1
5767 5770 233
5767 5793 257
5778 5790 28
5795 5814 21
5813 5829 151
5838 5867 42
5866 5888 272
5880 5896 26
5894 5898 57
5917 5938 142
5924 5936 219
5925 5971 205
5953 5977 156
5976 6021 43
6006 6024 245
6011 6058 88
6040 6079 200
6043 6077 241
6052 6067 5
6075 6082 37
6081 6095 31
6084 6120 217
6084 6115 53
6104 6138 92
6121 6169 168
6143 6180 222
6166 6209 226
6183 6197 17
