400
10 41 9
39 68 31
68 107 221
78 121 297
88 133 9
106 115 114
130 158 163
141 191 276
156 200 145
162 199 121
191 204 212
194 222 37
209 210 59
215 225 230
217 231 81
245 283 194
263 272 42
275 306 223
283 312 134
303 305 39
322 355 146
347 381 80
352 367 121
357 372 149
364 375 66
368 397 216
397 399 224
411 446 215
430 463 147
431 463 285
456 478 255
481 485 56
493 535 48
511 515 16
537 567 190
544 576 214
548 568 252
553 601 203
553 554 164
560 581 16
582 605 291
597 621 50
627 648 213
644 663 294
672 695 66
693 732 18
720 741 4
736 740 129
749 766 297
753 790 298
764 771 228
765 808 11
766 807 72
769 812 31
793 811 75
820 836 96
831 849 16
855 881 13
876 907 92
900 909 205
921 963 223
940 944 280
954 966 201
966 1016 205
984 985 110
1010 1036 247
1028 1047 115
1058 1080 151
1070 1102 292
1095 1118 135
1110 1137 122
1114 1135 87
1143 1166 131
1146 1167 166
1161 1190 59
1175 1215 31
1185 1209 196
1192 1203 280
1204 1219 62
1215 1229 175
1230 1235 206
1245 1265 171
1251 1258 128
1270 1291 55
1292 1327 274
1293 1318 147
1314 1345 145
1334 1362 96
1345 1362 94
1355 1399 209
1385 1402 243
1387 1423 280
1401 1418 165
1431 1461 50
1433 1457 27
1453 1484 229
1481 1496 63
1491 1506 288
1512 1540 34
1517 1541 193
1546 1552 137
1575 1624 188
1588 1618 101
1616 1660 246
1619 1657 239
1619 1665 182
1639 1640 127
1643 1645 168
1659 1662 196
1668 1671 174
1694 1721 169
1711 1742 205
1722 1728 252
1736 1769 181
1759 1799 172
1787 1834 19
1793 1830 28
1807 1837 71
1823 1873 245
1837 1863 66
1848 1853 11
1849 1887 275
1866 1891 208
1887 1889 133
1915 1938 258
1918 1945 35
1925 1975 280
1929 1956 43
1949 1998 248
1974 2022 188
1992 2036 25
2004 2041 56
2017 2060 280
2026 2034 151
2035 2050 222
2051 2058 154
2053 2056 273
2077 2079 257
2104 2109 211
2115 2129 186
2117 2123 186
2122 2164 107
2133 2171 13
2138 2170 296
2167 2188 40
2186 2232 135
2206 2211 233
2208 2219 232
2228 2270 97
2254 2302 4
2267 2297 47
2274 2286 185
2304 2322 280
2328 2335 159
2336 2353 51
2346 2362 149
2346 2359 248
2354 2361 286
2373 2379 13
2402 2421 278
2424 2467 200
2426 2445 5
2433 2459 55
2439 2441 228
2459 2479 240
2483 2521 233
2495 2541 256
2504 2527 10
2511 2554 265
2524 2535 188
2553 2557 299
2561 2595 167
2584 2590 46
2609 2654 107
2610 2659 213
2629 2664 24
2644 2657 150
2649 2672 140
2664 2689 87
2680 2684 145
2703 2727 245
2732 2735 73
2762 2787 9
2789 2829 87
2789 2816 67
2818 2862 208
2838 2882 78
2863 2877 285
2893 2941 187
2915 2962 287
2944 2958 108
2973 2999 166
2992 3010 56
2992 3036 265
3013 3035 137
3027 3060 10
3038 3066 100
3051 3062 187
3062 3069 24
3081 3116 128
3105 3127 145
3107 3155 104
3125 3157 51
3133 3143 281
3153 3176 229
3171 3209 199
3191 3230 280
3197 3238 75
3203 3208 289
3219 3240 216
3249 3262 24
3267 3277 197
3291 3327 241
3291 3319 97
3309 3352 53
3321 3361 270
3348 3389 71
3349 3379 199
3355 3398 130
3375 3385 234
3394 3438 257
3412 3431 163
3436 3484 76
3460 3475 99
3481 3510 71
3510 3545 145
3533 3571 245
3551 3553 189
3579 3614 121
3603 3604 239
3626 3657 238
3639 3673 141
3658 3672 183
3677 3683 146
3690 3703 251
3697 3711 126
3726 3755 115
3733 3775 261
3759 3799 225
3768 3807 136
3769 3795 212
3782 3814 207
3786 3832 193
3791 3810 133
3814 3820 258
3838 3878 102
3854 3871 77
3865 3904 178
3891 3938 105
3919 3941 250
3924 3974 236
3942 3964 116
3971 4015 209
3987 3993 114
4012 4026 94
4016 4044 5
4017 4040 49
4036 4066 2
4050 4063 145
4065 4068 214
4091 4131 247
4091 4114 25
4091 4133 124
4110 4121 176
4113 4125 149
4120 4164 130
4146 4165 136
4168 4203 129
4179 4203 91
4186 4189 245
4187 4188 225
4187 4188 101
4191 4231 241
4195 4196 173
4214 4220 100
4223 4230 268
4238 4276 190
4256 4293 94
4260 4272 4
4264 4286 48
4273 4308 290
4281 4293 43
4302 4340 12
4309 4329 285
4310 4314 185
4313 4324 104
4342 4382 116
4367 4379 296
4389 4396 296
4414 4462 146
4437 4441 185
4448 4487 277
4477 4484 46
4486 4498 90
4506 4529 25
4506 4517 60
4506 4528 22
4514 4524 156
4518 4565 167
4528 4538 198
4548 4591 287
4550 4577 27
4559 4587 87
4559 4580 242
4572 4604 159
4578 4579 148
4593 4594 69
4618 4635 122
4619 4661 243
4642 4682 265
4672 4692 17
4684 4704 1
4707 4748 135
4713 4762 36
4735 4766 175
4761 4775 122
4790 4800 169
4806 4826 73
4809 4837 50
4809 4858 210
4828 4875 294
4855 4858 191
4865 4874 18
4874 4917 97
4881 4925 37
4895 4917 244
4925 4968 155
4951 4977 7
4957 4999 32
4970 4993 16
4988 4998 145
5003 5011 126
5008 5038 287
5017 5027 55
5019 5054 140
5035 5053 176
5065 5073 276
5068 5092 164
5069 5093 144
5097 5146 268
5097 5136 7
5105 5154 126
5127 5139 60
5144 5179 223
5169 5172 212
5170 5217 69
5181 5221 139
5206 5210 16
5227 5262 43
5238 5270 275
5261 5292 35
5274 5280 134
5304 5311 258
5306 5316 101
5332 5342 110
5351 5370 264
5365 5372 42
5395 5434 167
5396 5425 184
5419 5432 178
5438 5441 287
5464 5472 63
5481 5494 179
5507 5508 271
5527 5564 219
5556 5587 137
5563 5564 264
5578 5619 144
5584 5623 278
5597 5610 95
5603 5627 21
5626 5675 3
5627 5635 79
5641 5653 275
5668 5697 110
5681 5708 88
5705 5717 295
5723 5731 283
5741 5742 223
5769 5770 208
5769 5798 248
5794 5834 166
5803 5849 157
5830 5874 67
5848 5873 117
5872 5898 286
5882 5909 107
5886 5911 251
5889 5902 289
5902 5926 233
5931 5970 243
5958 5968 149
5980 6015 41
5981 5982 125
5987 6009 273
5998 6028 100
6017 6038 247
6046 6059 248
6065 6068 158
6072 6073 250
