400
6 48 168
24 51 271
44 60 71
70 89 99
83 94 216
100 116 103
121 171 6
135 180 51
139 155 276
146 176 149
163 187 105
189 233 232
192 206 115
215 227 292
233 262 268
238 255 218
261 285 171
280 283 290
292 332 97
311 343 159
339 362 215
354 402 245
376 377 22
403 429 15
430 477 31
432 444 47
444 469 158
453 455 261
455 502 99
456 482 299
486 496 203
513 531 183
518 565 53
547 577 185
562 573 158
581 602 212
584 629 116
585 630 248
603 616 174
605 622 148
611 635 78
620 655 249
640 668 203
653 687 281
670 674 1
695 742 64
720 732 42
729 761 289
744 768 151
764 808 226
783 784 35
791 838 10
799 811 66
824 831 112
830 835 23
830 849 260
836 880 298
846 894 187
846 893 67
852 858 81
864 871 170
872 882 33
896 938 30
924 937 163
942 970 104
957 984 274
978 984 123
994 1043 188
998 1014 231
1026 1062 105
1056 1063 70
1082 1115 33
1097 1108 104
1116 1160 285
1139 1165 87
1157 1175 20
1175 1219 87
1181 1230 288
1195 1212 283
1223 1253 34
1224 1236 268
1243 1270 240
1247 1280 139
1269 1273 244
1273 1284 273
1279 1310 72
1284 1286 184
1299 1328 123
1313 1322 254
1338 1364 206
1346 1384 133
1359 1369 255
1385 1407 241
1385 1387 93
1388 1401 23
1404 1433 77
1407 1432 5
1427 1442 129
1428 1456 223
1429 1468 198
1441 1448 55
1454 1476 41
1463 1475 41
1469 1481 229
1491 1529 152
1509 1512 62
1520 1542 168
1540 1563 102
1551 1587 266
1558 1582 166
1558 1567 224
1580 1622 37
1598 1634 299
1617 1631 103
1632 1667 84
1647 1660 68
1664 1675 2
1685 1687 133
1710 1720 152
1724 1745 38
1728 1748 14
1749 1761 34
1772 1777 94
1790 1794 275
1814 1828 150
1838 1868 120
1841 1853 132
1865 1874 75
1885 1911 91
1901 1937 121
1923 1960 34
1944 1948 86
1963 2012 136
1972 2001 54
1994 2014 225
1997 2001 53
2009 2048 170
2024 2046 185
2028 2040 33
2030 2048 151
2046 2087 282
2059 2064 44
2071 2118 298
2079 2114 124
2107 2111 114
2110 2140 137
2117 2167 215
2133 2174 252
2143 2180 149
2170 2176 139
2176 2198 169
2178 2226 42
2190 2201 93
2211 2253 188
2227 2275 257
2255 2298 294
2285 2331 103
2302 2307 68
2328 2364 71
2330 2374 59
2358 2406 82
2361 2373 128
2391 2423 171
2391 2415 114
2395 2397 61
2399 2421 41
2412 2436 131
2423 2435 200
2433 2463 85
2434 2459 255
2462 2506 121
2468 2495 68
2483 2526 276
2513 2537 151
2530 2551 190
2554 2601 214
2562 2568 16
2588 2593 103
2592 2622 48
2610 2632 288
2624 2669 45
2648 2670 289
2676 2696 71
2688 2731 44
2712 2713 272
2722 2757 134
2732 2772 66
2759 2781 42
2772 2789 142
2783 2806 104
2809 2820 276
2826 2837 72
2828 2839 292
2852 2888 244
2861 2866 35
2879 2918 124
2906 2915 299
2918 2966 231
2940 2982 147
2969 3016 137
2985 3015 92
3008 3015 256
3027 3066 72
3040 3059 141
3062 3081 122
3063 3097 291
3091 3139 110
3116 3130 114
3141 3182 250
3171 3174 224
3191 3198 121
3191 3200 187
3220 3266 171
3248 3262 77
3268 3275 46
3278 3300 52
3301 3326 241
3313 3332 148
3334 3376 146
3339 3362 207
3356 3371 224
3369 3408 50
3375 3395 176
3385 3412 115
3396 3399 138
3425 3449 43
3454 3499 47
3484 3531 193
3487 3501 17
3489 3529 113
3493 3505 55
3501 3542 300
3519 3521 169
3527 3572 57
3552 3581 206
3571 3600 66
3581 3590 47
3605 3615 243
3610 3648 49
3624 3659 194
3625 3647 184
3640 3659 21
3647 3676 188
3674 3703 210
3676 3710 62
3684 3701 239
3701 3738 12
3722 3754 83
3739 3770 267
3752 3801 63
3754 3799 129
3779 3815 38
3809 3851 18
3822 3847 260
3850 3875 24
3857 3873 118
3863 3884 255
3879 3926 59
3891 3896 105
3913 3915 166
3914 3945 194
3926 3953 221
3945 3990 192
3973 3984 106
3973 4002 235
3977 4004 47
3996 4034 283
3997 4040 24
4022 4047 21
4047 4090 191
4061 4085 177
4073 4076 264
4098 4109 13
4116 4160 31
4128 4137 201
4155 4158 154
4166 4194 286
4191 4229 145
4206 4254 272
4228 4256 278
4240 4255 124
4267 4317 274
4268 4288 187
4270 4314 143
4287 4317 33
4312 4341 248
4326 4336 175
4351 4364 46
4379 4424 121
4395 4435 118
4417 4423 132
4430 4446 184
4438 4461 219
4446 4494 187
4464 4475 226
4465 4475 114
4465 4490 9
4486 4497 210
4499 4533 172
4528 4567 57
4540 4571 273
4565 4577 71
4581 4604 8
4602 4628 211
4632 4643 90
4661 4703 205
4668 4710 285
4697 4698 270
4700 4721 234
4728 4769 240
4748 4776 216
4750 4751 243
4766 4806 96
4796 4809 135
4810 4811 43
4824 4858 70
4829 4859 87
4849 4873 150
4878 4906 274
4883 4899 300
4893 4915 65
4912 4935 261
4928 4940 239
4934 4970 298
4940 4948 138
4960 4961 157
4980 4983 112
4985 5012 105
5015 5049 283
5036 5048 119
5042 5086 117
5054 5100 247
5060 5081 235
5078 5124 235
5097 5120 222
5127 5152 12
5139 5149 36
5140 5156 40
5168 5180 94
5181 5201 91
5191 5214 31
5193 5198 194
5218 5221 134
5220 5258 146
5231 5256 134
5247 5263 207
5252 5278 94
5253 5299 186
5265 5276 116
5278 5294 266
5286 5300 31
5289 5300 207
5306 5346 198
5334 5361 215
5357 5377 131
5377 5404 58
5382 5429 233
5390 5421 45
5420 5451 30
5444 5460 264
5448 5454 100
5454 5467 28
5456 5463 255
5485 5517 290
5508 5553 284
5520 5534 21
5536 5549 98
5558 5590 188
5582 5614 17
5606 5628 189
5633 5653 168
5652 5692 77
5663 5670 281
5679 5680 213
5696 5699 18
5725 5739 171
5750 5758 146
5751 5762 65
5774 5803 29
5793 5832 151
5818 5835 75
5839 5862 220
5849 5880 37
5878 5922 92
5899 5934 294
5929 5935 129
5956 5977 169
5963 5974 212
5979 5997 151
5998 6047 167
6018 6033 66
6022 6027 182
6037 6038 17
6045 6060 274
6061 6065 241
6070 6071 256
6098 6126 222
6099 6113 78
6116 6123 100
6127 6146 298
