400
2 42 29
31 34 228
47 87 143
59 87 254
79 87 16
94 96 93
116 155 180
137 172 31
159 206 281
175 220 142
204 213 246
205 209 43
233 245 292
237 245 217
261 305 273
281 295 282
311 343 193
317 336 290
342 368 75
352 386 220
374 381 143
388 400 53
394 400 51
407 434 19
417 464 216
439 449 210
455 474 280
456 497 171
478 481 277
491 497 157
494 495 267
510 517 167
536 539 228
547 593 181
550 552 6
553 588 237
574 586 72
598 648 165
616 661 90
632 636 49
639 667 221
642 666 284
651 676 174
657 663 215
672 720 139
686 692 124
693 714 181
710 743 259
713 725 89
714 749 94
733 747 120
744 753 56
755 804 135
783 794 293
802 843 163
829 866 95
829 850 146
832 875 154
855 892 289
863 869 227
889 895 257
902 914 220
910 933 247
910 954 288
940 973 177
954 999 254
963 1000 193
978 1019 58
995 1008 298
998 1029 168
1022 1063 242
1024 1052 117
1037 1069 247
1064 1082 292
1087 1132 207
1087 1107 57
1092 1140 33
1092 1118 111
1121 1133 58
1131 1165 274
1132 1136 263
1149 1172 61
1176 1195 79
1189 1208 73
1213 1225 258
1216 1218 291
1244 1286 267
1247 1266 216
1276 1298 54
1278 1293 83
1299 1335 165
1309 1315 116
1325 1336 200
1339 1377 128
1351 1379 283
1380 1416 65
1403 1422 1
1419 1423 271
1421 1426 37
1437 1444 125
1461 1487 70
1481 1528 272
1494 1513 186
1507 1532 14
1515 1535 126
1527 1539 83
1544 1577 150
1563 1602 280
1584 1632 162
1600 1604 57
1618 1661 80
1628 1678 187
1632 1665 167
1648 1696 259
1669 1694 184
1690 1734 254
1701 1718 198
1724 1736 54
1743 1774 40
1758 1777 58
1762 1808 202
1762 1793 64
1792 1821 107
1807 1809 141
1814 1829 79
1836 1846 107
1839 1845 107
1851 1877 101
1860 1894 169
1863 1883 224
1863 1907 60
1876 1898 179
1894 1928 240
1924 1971 132
1924 1953 2
1949 1959 31
1954 1963 78
1965 1990 57
1967 1983 111
1993 1999 284
2001 2027 151
2009 2016 243
2038 2068 121
2047 2092 79
2076 2105 142
2080 2102 18
2084 2116 253
2088 2138 33
2101 2149 295
2124 2125 136
2139 2184 14
2163 2209 4
2180 2198 54
2180 2216 281
2193 2204 90
2196 2212 76
2215 2228 120
2238 2239 187
2262 2308 27
2292 2300 201
2322 2343 199
2343 2344 22
2366 2371 89
2391 2412 87
2417 2418 73
2421 2465 42
2436 2449 262
2447 2451 102
2465 2478 228
2482 2528 185
2484 2500 75
2486 2488 43
2495 2526 150
2515 2556 154
2542 2573 147
2571 2590 57
2572 2594 29
2579 2601 199
2603 2653 101
2603 2627 114
2607 2639 284
2611 2618 293
2619 2663 88
2622 2664 42
2651 2696 192
2681 2684 65
2686 2711 98
2705 2722 27
2731 2742 219
2748 2775 85
2753 2799 123
2762 2778 278
2782 2790 23
2785 2833 290
2794 2824 208
2811 2857 167
2818 2867 249
2847 2860 54
2863 2880 262
2877 2887 260
2885 2932 181
2907 2952 268
2924 2957 203
2939 2965 281
2953 2994 219
2971 2995 60
2994 3034 157
3015 3035 127
3045 3053 102
3072 3084 127
3078 3093 48
3096 3126 125
3098 3137 300
3126 3165 270
3155 3174 109
3181 3205 24
3198 3202 202
3198 3226 288
3206 3229 55
3209 3239 210
3235 3261 291
3247 3258 268
3258 3260 183
3283 3312 198
3299 3318 40
3322 3331 238
3339 3360 5
3348 3356 243
3356 3389 56
3375 3400 51
3388 3437 53
3388 3420 177
3408 3438 14
3434 3439 267
3451 3462 133
3454 3495 157
3480 3508 128
3492 3516 69
3519 3535 113
3542 3564 152
3568 3573 272
3577 3623 236
3591 3599 59
3621 3628 295
3643 3657 57
3648 3695 286
3649 3662 20
3673 3693 275
3697 3707 73
3701 3729 277
3711 3753 226
3737 3748 269
3737 3776 5
3742 3778 121
3761 3790 49
3777 3826 256
3785 3816 29
3804 3837 289
3826 3842 57
3852 3863 176
3864 3907 10
3870 3909 77
3892 3928 80
3921 3939 165
3942 3954 228
3957 3966 245
3984 4029 291
3994 4010 187
4016 4041 138
4030 4034 166
4041 4046 289
4042 4085 140
4056 4065 190
4071 4093 166
4079 4112 154
4082 4083 44
4111 4152 159
4113 4160 24
4120 4124 23
4150 4191 122
4180 4181 261
4185 4225 193
4208 4244 9
4219 4222 126
4244 4264 134
4249 4269 2
4252 4263 227
4278 4300 203
4301 4350 76
4324 4365 93
4350 4393 239
4367 4384 182
4390 4396 214
4409 4430 227
4431 4478 90
4452 4481 26
4481 4519 249
4497 4521 101
4510 4518 260
4530 4568 257
4558 4562 240
4579 4612 152
4608 4615 227
4610 4645 106
4613 4625 92
4620 4634 234
4642 4658 262
4655 4657 134
4679 4694 159
4707 4752 118
4714 4757 106
4729 4747 159
4737 4745 159
4755 4777 211
4777 4826 11
4787 4826 225
4809 4855 15
4811 4818 4
4837 4857 86
4843 4874 67
4853 4879 154
4882 4907 203
4892 4920 30
4895 4909 282
4895 4902 160
4924 4967 22
4949 4979 161
4967 4970 161
4992 5040 298
5019 5051 93
5030 5053 180
5036 5086 60
5043 5045 254
5071 5117 18
5080 5082 185
5086 5097 208
5097 5139 161
5104 5150 54
5115 5135 18
5126 5133 295
5133 5154 26
5148 5170 26
5153 5158 144
5158 5179 143
5168 5191 173
5192 5235 4
5200 5229 94
5222 5234 185
5249 5259 149
5263 5280 184
5275 5311 37
5291 5302 237
5318 5344 6
5319 5328 22
5328 5362 152
5355 5404 260
5360 5397 6
5387 5393 296
5397 5404 294
5416 5421 260
5432 5464 125
5458 5497 56
5468 5511 77
5468 5513 167
5493 5524 254
5506 5550 45
5523 5526 148
5543 5568 41
5569 5577 214
5575 5621 187
5583 5620 46
5606 5652 81
5618 5662 19
5634 5643 7
5640 5650 54
5670 5703 69
5670 5690 112
5672 5686 100
5678 5688 98
5688 5733 62
5718 5730 236
5723 5753 163
5747 5783 240
5773 5795 7
5800 5837 33
5810 5821 212
5816 5834 146
5835 5855 221
5863 5887 29
5889 5923 140
5913 5927 65
5933 5959 191
5954 6000 120
5954 5970 56
5968 5989 58
5995 6010 212
6002 6051 122
6027 6034 76
6028 6048 76
6034 6074 49
