400
1 30 157
25 68 166
47 79 77
77 105 256
84 102 246
87 95 70
99 103 215
103 105 292
118 138 155
145 170 201
158 189 104
179 214 219
204 233 59
225 255 63
228 255 219
257 301 275
271 317 292
285 303 168
298 347 277
309 319 281
339 363 291
366 378 110
372 410 22
378 428 285
407 449 178
407 438 41
418 440 64
430 444 275
433 448 57
457 507 87
476 497 75
489 525 20
511 547 261
513 557 88
530 536 238
531 541 299
552 555 227
565 611 30
571 580 245
582 592 168
600 644 224
627 629 97
631 643 205
647 656 132
667 680 273
687 702 165
700 706 124
726 757 176
755 756 90
765 794 34
783 825 64
810 813 68
813 856 228
841 874 86
844 867 58
849 870 201
857 865 36
886 926 245
914 935 283
926 962 244
951 954 181
975 1018 72
990 1034 96
1020 1041 51
1033 1043 169
1058 1080 268
1088 1098 18
1112 1140 53
1124 1127 35
1151 1200 198
1156 1197 187
1177 1183 177
1207 1216 90
1210 1254 248
1223 1241 30
1229 1266 81
1246 1247 50
1253 1289 238
1270 1296 72
1272 1292 143
1281 1285 72
1308 1328 74
1335 1377 62
1335 1377 107
1341 1388 266
1346 1386 53
1347 1362 71
1365 1374 159
1380 1423 28
1382 1416 37
1405 1434 157
1425 1448 267
1445 1451 229
1468 1517 49
1490 1503 110
1517 1533 255
1538 1547 70
1553 1574 78
1567 1598 34
1584 1605 228
1613 1646 138
1635 1638 78
1639 1650 252
1669 1698 26
1669 1717 215
1692 1708 213
1721 1752 273
1741 1754 288
1771 1808 234
1774 1797 119
1797 1816 294
1825 1858 88
1855 1904 75
1862 1908 107
1887 1920 237
1899 1911 284
1903 1904 250
1907 1923 171
1923 1968 277
1934 1942 49
1943 1962 117
1961 1973 84
1970 2012 119
1983 2002 83
1985 2032 300
1986 1987 137
1995 2031 184
2019 2042 29
2029 2058 21
2032 2071 9
2051 2075 226
2061 2065 294
2085 2135 121
2086 2103 148
2092 2126 11
2101 2136 236
2101 2144 126
2122 2138 110
2149 2173 263
2154 2200 189
2162 2193 193
2173 2204 89
2173 2206 215
2201 2247 65
2214 2247 290
2234 2246 39
2262 2303 124
2270 2311 16
2300 2311 120
2309 2315 129
2326 2369 35
2327 2360 157
2347 2384 102
2352 2391 105
2365 2366 157
2393 2441 36
2395 2444 196
2407 2427 102
2409 2449 74
2416 2465 13
2430 2434 213
2439 2483 225
2459 2473 260
2478 2525 142
2489 2508 1
2515 2553 275
2532 2568 44
2552 2570 149
2559 2603 101
2573 2587 258
2593 2620 102
2611 2614 119
2626 2670 30
2632 2644 80
2654 2701 148
2676 2715 195
2680 2695 189
2690 2696 246
2703 2744 298
2718 2752 241
2722 2769 198
2748 2779 244
2753 2756 185
2761 2800 99
2764 2778 274
2774 2812 28
2798 2842 276
2826 2852 108
2848 2897 223
2862 2876 268
2884 2928 140
2911 2960 149
2917 2955 289
2942 2946 155
2957 2973 145
2983 2995 283
2984 3002 250
3007 3025 178
3033 3062 35
3045 3083 251
3045 3077 98
3071 3100 278
3087 3096 96
3106 3142 17
3115 3138 25
3134 3180 90
3150 3183 261
3163 3178 140
3180 3188 118
3209 3243 91
3216 3230 130
3232 3255 175
3253 3297 206
3282 3326 269
3283 3289 46
3313 3340 67
3323 3330 277
3341 3384 154
3369 3396 132
3389 3423 3
3396 3425 235
3401 3433 39
3426 3433 112
3451 3452 55
3476 3486 199
3489 3496 170
3510 3511 208
3535 3566 172
3539 3571 128
3566 3600 233
3586 3620 167
3614 3661 19
3622 3657 140
3631 3659 106
3655 3686 43
3659 3663 275
3661 3674 210
3668 3701 23
3674 3679 279
3690 3709 236
3698 3701 224
3708 3736 200
3725 3746 268
3731 3747 218
3732 3782 272
3758 3785 190
3771 3798 56
3778 3817 23
3795 3842 93
3814 3817 234
3840 3882 111
3865 3915 1
3881 3905 161
3892 3922 7
3895 3937 207
3902 3908 215
3905 3923 92
3917 3926 63
3924 3956 59
3925 3939 68
3955 3962 109
3968 4018 143
3995 4013 122
4021 4064 184
4024 4042 300
4053 4091 105
4077 4078 132
4080 4106 215
4095 4109 148
4111 4115 6
4133 4154 188
4138 4151 219
4168 4171 113
4169 4170 178
4173 4202 91
4192 4199 247
4199 4217 63
4218 4255 144
4223 4249 54
4234 4250 78
4248 4249 265
4278 4283 210
4280 4295 105
4281 4283 15
4295 4309 95
4308 4334 127
4321 4349 236
4330 4334 293
4344 4366 101
4344 4376 245
4363 4394 291
4365 4393 25
4379 4419 52
4390 4399 82
4394 4443 164
4394 4401 246
4398 4441 277
4410 4428 239
4416 4418 141
4444 4487 271
4464 4475 237
4465 4469 143
4473 4515 134
4477 4519 289
4502 4531 279
4509 4532 267
4519 4548 10
4549 4559 138
4561 4608 25
4570 4604 155
4573 4577 22
4578 4627 220
4599 4629 128
4625 4661 249
4653 4695 23
4672 4719 237
4684 4725 28
4711 4728 194
4730 4775 253
4736 4758 98
4738 4782 208
4763 4809 238
4787 4824 116
4817 4857 294
4846 4866 241
4862 4909 113
4887 4926 15
4897 4942 77
4901 4915 106
4922 4935 237
4938 4961 95
4938 4976 167
4965 4998 72
4994 4999 145
5018 5041 131
5036 5051 83
5051 5060 18
5064 5085 216
5068 5077 162
5087 5123 190
5109 5120 112
5128 5153 120
5133 5177 66
5159 5204 117
5177 5193 64
5187 5202 136
5196 5230 17
5224 5240 119
5232 5260 132
5249 5260 165
5256 5301 271
5284 5309 20
5286 5328 232
5304 5337 240
5322 5328 298
5336 5379 115
5350 5387 70
5351 5397 299
5372 5417 267
5388 5435 145
5417 5433 143
5417 5454 6
5438 5455 174
5438 5449 283
5456 5487 46
5482 5508 274
5497 5533 225
5519 5537 247
5536 5557 136
5545 5583 163
5547 5595 239
5549 5565 144
5550 5563 49
5570 5603 282
5587 5634 205
5611 5658 100
5621 5622 255
5649 5656 100
5665 5673 119
5669 5697 295
5689 5699 109
5709 5714 294
5716 5753 203
5737 5751 117
5746 5754 298
5775 5797 83
5786 5825 130
5801 5848 232
5823 5856 222
5835 5871 133
5854 5876 276
5884 5928 118
5911 5957 297
5926 5948 203
5953 5975 243
5978 6025 130
6000 6004 99
6022 6056 234
6045 6074 181
6071 6095 37
