400
23 57 11
37 71 293
59 75 29
67 68 219
82 105 243
107 125 68
120 153 243
132 151 95
135 162 171
154 168 193
156 198 67
182 197 103
207 255 275
214 231 159
231 269 253
252 295 73
264 301 187
276 320 20
291 327 133
311 329 231
316 347 122
332 375 4
341 376 74
362 367 186
390 414 290
393 436 145
414 455 54
433 479 202
457 459 245
461 495 186
483 487 60
513 563 25
527 551 49
529 535 43
529 539 51
553 598 39
574 610 211
589 590 291
607 634 281
625 661 263
631 646 205
636 643 168
656 692 292
680 716 118
681 685 142
682 707 197
685 698 220
702 708 285
712 749 43
722 749 101
736 751 144
765 814 168
792 823 121
811 819 76
831 856 289
850 870 254
857 858 254
860 877 191
885 922 298
890 905 133
916 928 134
941 955 5
965 997 49
978 1014 158
996 1002 286
1026 1041 259
1051 1074 6
1076 1094 80
1106 1145 288
1128 1175 122
1156 1161 249
1159 1179 157
1189 1199 194
1211 1238 120
1231 1265 259
1241 1272 256
1242 1250 85
1242 1273 71
1271 1277 208
1276 1278 131
1296 1304 246
1296 1333 236
1296 1330 215
1320 1363 261
1338 1374 120
1349 1395 10
1351 1386 64
1358 1377 143
1384 1429 245
1402 1419 174
1407 1417 157
1412 1454 280
1432 1436 68
1451 1460 7
1470 1510 209
1475 1505 258
1478 1497 152
1494 1537 287
1498 1507 81
1514 1547 190
1533 1571 46
1546 1578 3
1568 1580 60
1579 1619 187
1597 1623 21
1597 1633 20
1603 1615 71
1618 1620 167
1645 1671 128
1653 1694 128
1655 1701 112
1684 1695 73
1687 1721 125
1704 1719 125
1733 1767 258
1745 1754 143
1748 1751 114
1749 1783 18
1772 1793 198
1789 1837 78
1804 1805 11
1825 1845 285
1837 1871 252
1867 1910 12
1869 1913 97
1884 1913 169
1885 1903 68
1898 1939 208
1909 1953 4
1922 1971 43
1936 1949 93
1949 1967 103
1979 2006 83
1997 2031 287
1999 2003 131
2024 2025 42
2050 2063 37
2067 2075 82
2078 2116 18
2096 2121 278
2107 2114 236
2130 2142 13
2149 2194 244
2166 2206 177
2191 2226 234
2215 2252 92
2225 2259 274
2246 2255 90
2258 2291 248
2276 2320 1
2288 2299 14
2297 2298 254
2297 2324 172
2307 2350 208
2322 2329 286
2331 2343 269
2361 2389 36
2377 2382 205
2381 2415 259
2411 2451 249
2421 2430 255
2423 2462 168
2442 2485 286
2459 2500 65
2469 2485 186
2479 2522 17
2490 2514 31
2495 2512 112
2509 2552 237
2527 2534 160
2555 2570 188
2570 2590 197
2570 2617 130
2570 2582 225
2589 2609 162
2616 2648 289
2643 2687 78
2646 2688 288
2655 2705 224
2665 2670 80
2689 2709 141
2711 2733 215
2741 2785 156
2762 2781 26
2762 2789 254
2784 2791 267
2790 2831 89
2798 2822 181
2826 2828 28
2843 2887 111
2846 2848 288
2848 2869 69
2874 2902 126
2896 2898 60
2921 2971 83
2924 2943 69
2934 2964 136
2949 2998 43
2969 2982 126
2991 2994 113
2992 2999 153
3022 3052 177
3052 3057 139
3075 3105 29
3105 3127 86
3110 3156 97
3127 3147 247
3128 3142 207
3139 3151 69
3168 3171 108
3196 3204 16
3217 3250 8
3224 3261 261
3247 3259 195
3247 3290 257
3263 3278 107
3287 3325 272
3298 3326 127
3300 3327 46
3315 3361 164
3321 3368 25
3343 3377 188
3366 3412 119
3392 3416 22
3413 3437 173
3424 3428 138
3444 3468 248
3458 3479 130
3479 3495 81
3497 3543 16
3515 3537 34
3528 3553 238
3532 3575 225
3558 3576 264
3575 3602 270
3602 3636 30
3605 3648 168
3620 3631 114
3639 3655 235
3659 3671 69
3669 3694 21
3675 3681 278
3701 3708 116
3731 3772 299
3759 3806 187
3764 3772 127
3778 3792 173
3788 3836 297
3815 3857 191
3840 3882 189
3869 3917 162
3894 3918 121
3903 3952 156
3932 3935 99
3934 3966 32
3937 3980 190
3948 3982 157
3967 3969 151
3981 3999 22
3999 4016 147
4025 4049 184
4029 4044 65
4034 4071 276
4049 4050 70
4056 4081 217
4064 4073 173
4064 4084 24
4071 4072 39
4081 4110 173
4100 4132 23
4111 4141 139
4118 4119 158
4128 4154 234
4134 4177 233
4138 4179 14
4164 4203 112
4189 4210 29
4206 4214 24
4227 4243 46
4243 4268 241
4271 4312 264
4287 4330 230
4287 4334 2
4296 4304 283
4307 4326 282
4316 4364 182
4335 4372 76
4352 4384 37
4377 4404 123
4402 4446 261
4423 4435 214
4446 4447 20
4465 4479 135
4490 4503 119
4493 4505 112
4497 4515 228
4523 4572 280
4543 4550 271
4567 4587 64
4569 4577 102
4596 4614 184
4605 4628 167
4605 4638 260
4616 4630 115
4626 4675 122
4641 4687 108
4649 4651 1
4663 4690 208
4681 4685 1
4704 4723 187
4730 4746 212
4752 4783 260
4782 4803 125
4793 4808 185
4801 4825 169
4806 4833 38
4817 4849 115
4825 4854 197
4846 4877 91
4869 4918 8
4883 4923 278
4897 4930 83
4901 4929 65
4926 4969 9
4952 4959 241
4966 4971 155
4971 4998 300
4995 5026 133
5007 5051 80
5016 5034 18
5019 5045 196
5038 5055 165
5049 5062 297
5050 5081 25
5062 5079 283
5077 5125 134
5091 5112 184
5118 5143 172
5140 5178 80
5141 5177 23
5166 5192 9
5186 5187 26
5206 5207 157
5218 5238 232
5220 5249 92
5231 5238 100
5251 5300 124
5259 5288 139
5287 5306 233
5317 5343 185
5322 5356 125
5342 5385 264
5360 5399 117
5380 5406 116
5405 5446 196
5428 5437 193
5451 5480 76
5451 5452 284
5463 5513 97
5480 5528 249
5487 5500 48
5516 5559 100
5520 5566 4
5526 5538 198
5540 5564 97
5549 5556 215
5579 5598 245
5581 5630 194
5593 5612 273
5600 5645 201
5612 5613 242
5620 5658 178
5627 5670 249
5637 5654 196
5649 5691 80
5673 5699 109
5687 5705 272
5714 5738 263
5720 5743 222
5725 5755 52
5755 5766 205
5767 5784 48
5772 5795 129
5794 5798 208
5810 5860 289
5834 5865 136
5848 5876 28
5855 5883 296
5875 5920 230
5897 5903 135
5909 5929 14
5937 5943 241
5950 5958 298
5970 5991 58
5973 6009 245
5983 6026 183
5987 5988 106
5998 6023 112
6020 6066 66
6031 6069 190
