400
27 75 221
33 70 140
52 99 286
56 67 137
76 78 26
97 147 99
117 138 133
127 170 178
149 163 283
170 186 28
179 196 50
187 231 274
204 212 60
213 218 2
218 220 282
240 271 282
256 262 97
285 286 213
289 301 122
290 329 106
296 333 240
299 316 121
299 345 30
328 364 24
333 355 273
349 388 133
358 378 151
371 405 188
380 395 264
401 412 167
415 423 72
440 461 278
457 472 52
467 469 108
471 492 128
477 517 195
494 498 105
518 527 244
539 544 162
559 579 170
569 611 208
574 578 221
590 629 113
595 637 234
608 656 229
610 616 197
625 651 191
625 673 137
630 678 237
652 659 132
678 700 131
680 729 191
689 708 181
690 704 162
694 706 277
703 729 110
703 752 157
712 717 298
715 721 66
733 744 179
752 794 87
772 783 243
789 807 57
789 835 203
800 801 210
826 874 99
853 891 61
880 899 51
885 932 94
890 891 299
911 951 158
932 967 193
951 976 222
971 982 45
972 1001 4
973 1018 222
988 1033 184
1014 1063 212
1035 1037 125
1048 1082 5
1064 1101 196
1076 1112 294
1085 1109 23
1089 1119 147
1106 1122 144
1122 1162 69
1137 1160 181
1164 1212 200
1171 1188 147
1186 1199 12
1207 1242 285
1233 1244 182
1261 1296 36
1283 1328 133
1309 1327 71
1330 1370 190
1340 1388 289
1356 1406 72
1380 1385 97
1398 1414 264
1402 1438 295
1420 1425 274
1448 1452 95
1457 1478 211
1486 1517 84
1503 1543 136
1525 1575 156
1529 1530 2
1540 1569 51
1558 1607 188
1566 1597 248
1568 1593 158
1576 1577 197
1598 1612 106
1621 1622 119
1635 1655 208
1642 1657 244
1643 1645 227
1651 1661 279
1676 1684 21
1678 1713 218
1692 1720 281
1717 1755 215
1735 1758 104
1752 1769 277
1779 1810 215
1807 1819 143
1815 1837 89
1842 1871 292
1869 1907 173
1872 1916 271
1875 1910 136
1876 1897 126
1903 1916 40
1925 1927 7
1946 1962 128
1970 1985 209
1971 1980 118
1986 2011 111
1995 2001 197
2024 2027 19
2037 2083 236
2067 2116 147
2080 2087 40
2092 2105 54
2117 2120 134
2141 2186 72
2168 2180 30
2194 2195 96
2203 2212 70
2210 2225 145
2215 2231 11
2241 2269 39
2242 2277 212
2262 2300 42
2279 2327 47
2281 2311 160
2286 2316 213
2304 2310 283
2329 2361 206
2341 2351 6
2347 2356 9
2375 2393 286
2396 2439 134
2398 2411 258
2427 2441 15
2446 2459 270
2476 2518 204
2488 2493 169
2499 2548 11
2515 2535 181
2543 2561 196
2566 2594 224
2596 2630 177
2597 2604 38
2624 2646 175
2628 2667 85
2640 2645 82
2646 2679 115
2651 2676 233
2654 2667 209
2665 2674 168
2670 2677 216
2695 2696 216
2720 2725 38
2740 2746 209
2746 2753 37
2751 2798 258
2759 2777 16
2776 2778 253
2786 2823 27
2791 2802 180
2793 2840 190
2815 2853 8
2820 2850 52
2825 2853 29
2826 2869 288
2853 2888 44
2882 2920 171
2905 2926 4
2908 2917 145
2924 2951 14
2950 2971 299
2951 2980 11
2975 3020 142
2996 3037 74
3000 3032 79
3007 3047 131
3022 3028 63
3039 3060 173
3054 3101 299
3062 3067 11
3062 3073 268
3079 3098 267
3107 3156 197
3137 3184 64
3164 3194 258
3194 3216 201
3224 3262 32
3245 3267 8
3265 3315 300
3289 3305 291
3296 3304 170
3320 3365 190
3320 3322 229
3342 3356 101
3359 3386 57
3380 3384 233
3390 3396 242
3404 3445 124
3434 3473 55
3442 3454 162
3470 3471 197
3486 3492 30
3499 3535 243
3525 3570 179
3533 3576 89
3554 3582 1
3580 3587 230
3599 3620 47
3600 3623 250
3620 3655 17
3635 3674 64
3653 3681 37
3663 3687 56
3689 3736 230
3719 3760 136
3730 3780 130
3735 3765 143
3757 3766 264
3779 3795 49
3784 3818 221
3797 3847 127
3808 3812 89
3825 3847 253
3841 3862 74
3869 3897 207
3872 3898 264
3882 3888 17
3910 3914 241
3937 3979 203
3961 4005 104
3972 4018 266
3979 3988 118
4003 4010 109
4032 4046 215
4039 4072 219
4062 4071 179
4074 4083 34
4099 4104 125
4117 4124 230
4128 4169 169
4157 4167 295
4185 4234 107
4213 4241 205
4230 4272 293
4253 4298 191
4253 4271 10
4260 4287 110
4282 4313 72
4312 4362 260
4314 4319 261
4314 4328 283
4321 4370 138
4330 4343 207
4331 4335 161
4352 4401 186
4361 4410 132
4378 4388 56
4380 4391 219
4401 4430 273
4425 4449 39
4446 4447 27
4452 4471 139
4455 4476 117
4464 4496 248
4478 4521 201
4496 4513 98
4519 4565 103
4534 4557 108
4557 4590 208
4566 4592 58
4582 4615 31
4608 4631 51
4608 4617 104
4631 4648 223
4632 4643 164
4640 4675 211
4641 4647 239
4660 4690 191
4665 4704 9
4683 4707 264
4712 4758 198
4740 4773 122
4750 4768 258
4769 4791 104
4775 4811 47
4792 4804 49
4822 4839 237
4848 4866 292
4859 4896 260
4862 4864 238
4862 4874 177
4890 4933 284
4894 4931 56
4924 4967 56
4951 4975 36
4955 4988 276
4970 4972 205
4986 5012 155
4990 4999 119
5018 5062 246
5037 5068 157
5050 5095 104
5053 5061 44
5059 5107 139
5064 5077 38
5078 5118 61
5097 5106 267
5102 5136 12
5117 5121 298
5126 5159 173
5145 5194 74
5152 5202 176
5153 5169 209
5157 5207 144
5168 5180 153
5184 5218 189
5203 5228 174
5231 5233 5
5247 5278 285
5257 5298 74
5262 5284 186
5278 5319 251
5289 5302 219
5317 5365 23
5340 5345 262
5345 5362 268
5359 5366 43
5377 5405 262
5386 5417 13
5415 5433 210
5427 5440 10
5436 5468 140
5445 5464 147
5471 5475 49
5487 5508 283
5493 5523 285
5495 5514 30
5503 5531 245
5509 5535 58
5532 5576 59
5532 5571 112
5542 5592 296
5552 5601 271
5568 5612 227
5582 5611 127
5606 5636 210
5616 5619 235
5634 5646 198
5655 5686 96
5658 5680 88
5663 5668 54
5671 5714 8
5685 5734 190
5703 5749 133
5730 5743 136
5739 5775 25
5767 5805 111
5774 5810 129
5795 5804 230
5819 5836 285
5847 5859 60
5863 5888 275
5874 5897 204
5886 5902 242
5915 5960 297
5934 5952 244
5939 5978 95
5953 5987 5
