400
21 46 247
48 73 19
53 68 110
59 81 274
77 111 36
83 112 64
108 139 248
122 127 142
128 148 37
156 202 167
157 162 195
168 207 252
170 200 253
198 202 242
227 235 150
239 284 180
253 278 114
272 321 237
294 302 189
295 333 146
321 357 145
336 373 72
339 351 47
340 375 79
364 406 127
394 395 101
400 440 264
413 428 68
425 436 235
425 457 282
438 457 187
466 502 122
470 484 80
496 513 118
514 553 226
527 533 140
544 553 289
571 613 80
580 582 75
600 619 22
624 648 5
626 640 133
643 668 127
654 681 114
683 716 256
693 736 218
706 714 284
713 743 236
720 768 204
748 753 165
775 801 137
803 812 266
803 807 183
815 853 111
841 876 91
862 875 52
874 908 97
900 931 104
925 971 5
926 969 173
928 970 164
946 947 140
967 990 251
996 1004 192
1021 1024 283
1025 1043 89
1044 1070 43
1060 1103 27
1069 1105 120
1074 1077 249
1104 1152 74
1112 1116 143
1129 1163 87
1144 1168 220
1145 1158 156
1152 1201 97
1179 1215 192
1183 1216 16
1208 1247 166
1208 1213 228
1223 1261 50
1237 1256 187
1260 1273 265
1278 1306 106
1298 1312 226
1300 1339 220
1309 1324 92
1339 1357 182
1346 1355 148
1347 1357 45
1364 1387 99
1379 1384 271
1399 1405 24
1404 1434 48
1418 1448 275
1441 1450 111
1448 1478 114
1468 1503 26
1488 1532 137
1515 1521 4
1531 1553 93
1541 1565 275
1568 1588 296
1591 1640 73
1597 1644 294
1607 1612 199
1618 1621 102
1623 1633 235
1625 1653 44
1636 1663 178
1646 1664 70
1659 1686 271
1669 1713 251
1672 1711 124
1683 1699 209
1683 1711 140
1709 1712 178
1718 1751 129
1726 1743 279
1727 1770 192
1735 1738 168
1738 1756 231
1765 1806 29
1792 1825 70
1810 1822 145
1831 1880 60
1847 1856 44
1862 1876 290
1879 1891 255
1882 1907 63
1907 1935 67
1926 1955 6
1945 1980 128
1965 1994 34
1988 2003 231
2003 2043 129
2020 2062 113
2032 2064 192
2054 2091 70
2077 2120 299
2079 2113 35
2108 2119 274
2126 2129 233
2139 2177 12
2152 2191 266
2161 2179 164
2182 2207 156
2206 2247 103
2235 2239 119
2262 2270 173
2283 2329 183
2302 2338 45
2325 2334 118
2353 2401 201
2373 2407 284
2401 2420 12
2410 2412 132
2423 2434 37
2425 2430 185
2438 2486 14
2464 2487 289
2480 2525 297
2484 2527 141
2502 2511 53
2522 2572 129
2528 2575 1
2556 2565 122
2575 2622 52
2598 2630 223
2625 2658 196
2635 2672 36
2660 2692 175
2676 2722 240
2681 2719 228
2701 2723 102
2705 2754 233
2735 2781 298
2747 2777 167
2760 2806 76
2785 2827 177
2801 2815 83
2824 2865 134
2854 2863 279
2862 2882 283
2878 2894 159
2908 2925 12
2922 2930 177
2936 2942 286
2963 3002 137
2968 2970 153
2989 2993 157
2997 3018 203
3015 3039 207
3037 3058 290
3066 3091 248
3066 3099 136
3089 3137 33
3093 3129 270
3095 3133 182
3124 3159 155
3141 3171 20
3150 3187 258
3179 3199 261
3195 3223 262
3209 3231 89
3215 3219 179
3228 3232 265
3249 3271 141
3276 3303 71
3304 3320 172
3305 3332 14
3330 3336 196
3352 3380 94
3375 3398 81
3399 3429 75
3400 3432 269
3415 3437 146
3422 3428 256
3431 3460 69
3457 3496 249
3463 3485 239
3474 3522 279
3481 3505 190
3497 3533 12
3503 3520 230
3516 3523 104
3528 3555 137
3554 3604 70
3576 3613 23
3584 3597 134
3587 3634 203
3616 3638 56
3637 3652 145
3653 3676 13
3659 3670 203
3689 3715 100
3715 3753 204
3730 3737 296
3758 3785 156
3760 3802 199
3785 3796 244
3806 3849 285
3824 3836 10
3840 3869 10
3845 3886 190
3846 3893 114
3862 3892 185
3881 3890 162
3902 3934 254
3912 3913 223
3928 3949 151
3936 3953 157
3940 3980 82
3969 4004 22
3979 4019 137
3990 3997 202
3990 4002 66
3995 4036 139
3997 4047 54
4009 4037 73
4017 4063 139
4030 4045 19
4048 4091 109
4058 4102 143
4074 4107 122
4099 4119 50
4103 4145 164
4132 4137 56
4138 4154 94
4140 4169 53
4170 4197 195
4194 4201 30
4211 4240 153
4230 4280 53
4239 4253 278
4262 4274 75
4270 4297 91
4279 4281 238
4305 4335 296
4326 4374 86
4338 4357 153
4342 4346 204
4364 4378 20
4394 4408 58
4408 4409 198
4422 4438 20
4450 4474 132
4450 4465 167
4477 4491 52
4500 4522 18
4525 4572 247
4542 4581 129
4561 4575 198
4563 4582 37
4570 4619 281
4588 4606 195
4608 4658 53
4614 4622 59
4633 4674 123
4654 4697 170
4681 4712 120
4695 4707 79
4704 4722 186
4733 4765 169
4741 4757 119
4744 4748 157
4766 4803 261
4777 4820 189
4790 4817 141
4813 4860 204
4829 4857 236
4841 4863 271
4846 4860 182
4853 4870 73
4855 4904 170
4877 4910 136
4878 4886 13
4907 4929 131
4917 4947 67
4923 4930 272
4929 4946 131
4944 4946 81
4950 4990 275
4968 5012 279
4985 4988 110
5015 5033 297
5022 5028 201
5033 5064 89
5038 5040 234
5043 5089 199
5045 5085 248
5049 5076 93
5070 5102 19
5089 5095 268
5095 5135 188
5117 5122 168
5140 5177 148
5142 5169 265
5170 5214 2
5182 5224 183
5199 5249 87
5229 5279 111
5254 5287 118
5262 5288 104
5279 5295 100
5291 5311 197
5320 5362 286
5325 5361 130
5337 5349 95
5351 5369 87
5370 5390 117
5400 5441 159
5411 5440 57
5435 5441 133
5460 5473 46
5468 5478 234
5498 5526 13
5518 5521 40
5522 5536 277
5547 5560 43
5565 5589 211
5570 5620 240
5580 5596 218
5584 5589 81
5596 5636 235
5616 5645 8
5628 5658 74
5656 5695 145
5664 5669 284
5692 5718 27
5701 5740 273
5722 5727 61
5745 5760 183
5759 5808 212
5763 5764 248
5773 5822 216
5777 5784 103
5804 5828 189
5830 5848 134
5837 5868 39
5845 5848 226
5850 5884 77
5878 5914 69
5900 5948 45
5902 5910 247
5929 5931 245
5939 5941 162
5944 5975 144
5959 5991 76
5970 5996 181
5980 6028 74
5990 6005 35
6020 6061 5
6029 6072 228
6056 6099 151
6061 6086 190
6074 6080 36
6088 6130 223
6099 6135 33
6126 6153 101
