400
12 26 108
30 40 262
53 67 91
81 125 131
92 134 215
106 110 228
129 136 98
152 189 199
153 179 234
174 213 90
179 182 9
179 206 80
205 206 84
227 275 186
227 266 273
231 240 199
244 291 215
257 299 207
258 291 65
283 296 50
291 298 233
302 313 191
317 328 23
334 370 255
358 377 45
359 363 246
364 393 270
373 418 239
382 387 93
388 409 175
414 431 218
416 459 128
444 452 127
447 469 210
458 467 94
482 532 57
511 519 126
522 570 218
536 557 245
557 587 186
568 598 90
593 609 165
619 668 70
634 670 83
642 649 22
642 683 161
658 682 105
667 716 231
697 736 122
721 743 47
738 764 16
738 785 252
755 804 257
780 801 201
802 809 246
825 872 53
841 885 209
863 893 163
890 900 283
910 917 203
933 954 19
962 984 240
981 1024 272
1004 1028 195
1004 1043 30
1033 1045 23
1046 1093 119
1056 1099 158
1058 1091 161
1081 1103 154
1091 1135 98
1100 1112 90
1109 1148 77
1128 1146 242
1154 1156 9
1154 1159 148
1178 1228 141
1195 1242 77
1222 1237 161
1247 1256 112
1259 1275 191
1272 1305 126
1290 1307 280
1293 1300 136
1323 1334 21
1334 1367 250
1345 1366 54
1349 1354 139
1370 1375 3
1384 1385 252
1408 1426 243
1423 1431 40
1441 1466 298
1446 1470 107
1467 1507 198
1497 1546 199
1517 1549 59
1530 1577 131
1549 1557 14
1567 1589 14
1596 1618 214
1600 1620 18
1603 1650 226
1631 1647 85
1642 1690 54
1668 1696 234
1690 1730 145
1714 1751 151
1729 1737 271
1735 1760 150
1739 1749 249
1761 1793 44
1789 1835 204
1816 1831 15
1822 1853 249
1844 1893 171
1859 1881 259
1872 1882 286
1880 1923 259
1892 1915 273
1897 1947 182
1910 1952 158
1923 1928 31
1925 1971 152
1944 1979 135
1955 1993 234
1973 1976 143
2000 2022 64
2007 2042 201
2014 2036 140
2016 2033 188
2042 2085 124
2055 2085 11
2078 2103 47
2105 2124 291
2116 2132 119
2123 2124 290
2125 2128 282
2134 2182 178
2157 2207 144
2170 2177 133
2194 2220 20
2217 2263 119
2241 2260 240
2257 2301 281
2284 2314 277
2306 2349 161
2319 2325 286
2345 2381 225
2358 2392 116
2381 2428 292
2396 2431 160
2417 2465 137
2425 2443 218
2428 2452 77
2449 2491 204
2449 2463 112
2458 2481 264
2482 2493 60
2482 2506 171
2505 2535 114
2511 2513 31
2511 2516 119
2535 2550 159
2536 2568 2
2543 2551 155
2562 2604 30
2570 2585 23
2574 2614 190
2584 2590 116
2600 2642 273
2619 2669 128
2636 2659 297
2664 2677 34
2665 2695 217
2693 2714 39
2703 2720 159
2733 2777 24
2741 2773 188
2744 2777 125
2771 2796 151
2783 2810 142
2784 2799 128
2785 2818 190
2801 2835 202
2811 2841 234
2841 2890 116
2865 2888 266
2885 2891 131
2906 2925 265
2913 2945 31
2936 2945 103
2954 2995 89
2980 3015 263
3005 3040 73
3033 3063 283
3039 3045 240
3039 3043 145
3041 3063 66
3060 3084 152
3080 3095 242
3087 3097 137
3114 3126 209
3116 3140 237
3116 3128 249
3145 3183 62
3146 3157 119
3173 3203 294
3188 3224 105
3214 3238 30
3240 3288 91
3240 3276 76
3259 3267 174
3287 3302 274
3306 3348 176
3326 3366 111
3327 3374 143
3336 3377 241
3338 3372 95
3367 3385 58
3369 3409 14
3395 3425 273
3415 3458 235
3424 3467 137
3428 3444 178
3441 3467 216
3450 3459 216
3453 3470 264
3467 3515 276
3482 3494 109
3509 3527 288
3533 3561 146
3558 3591 148
3558 3566 281
3563 3595 111
3576 3612 146
3577 3614 153
3594 3618 62
3614 3643 219
3642 3692 93
3670 3704 297
3674 3711 81
3699 3741 192
3713 3729 300
3736 3774 201
3749 3761 161
3753 3783 245
3771 3820 96
3787 3825 92
3812 3859 104
3820 3830 10
3843 3868 41
3871 3907 277
3898 3939 92
3920 3935 263
3937 3968 293
3944 3974 295
3970 4002 215
4000 4037 278
4015 4019 141
4020 4067 192
4048 4089 167
4064 4073 82
4072 4121 183
4082 4128 261
4084 4109 245
4101 4145 48
4129 4153 237
4134 4148 11
4143 4181 46
4165 4195 56
4171 4204 73
4180 4222 10
4195 4239 266
4214 4226 294
4228 4256 46
4249 4256 53
4276 4281 3
4289 4312 37
4317 4349 295
4340 4363 85
4354 4388 179
4384 4391 259
4403 4426 121
4427 4429 161
4456 4502 275
4458 4488 189
4464 4498 218
4468 4508 273
4470 4502 115
4479 4522 95
4483 4521 189
4486 4522 213
4501 4527 226
4527 4544 126
4548 4598 144
4548 4556 142
4569 4600 255
4578 4623 53
4581 4595 178
4594 4622 259
4620 4649 88
4635 4675 22
4652 4665 257
4679 4716 157
4703 4737 129
4711 4741 103
4734 4736 109
4741 4751 294
4752 4774 164
4779 4788 125
4779 4780 73
4802 4843 238
4807 4821 292
4814 4822 15
4839 4885 214
4840 4865 118
4861 4875 294
4891 4895 127
4916 4946 45
4931 4981 128
4933 4964 241
4959 4991 187
4976 5011 270
4987 5011 53
5008 5027 222
5030 5043 198
5040 5086 119
5043 5073 219
5057 5072 261
5083 5091 221
5084 5123 197
5097 5118 242
5099 5123 76
5116 5134 284
5128 5169 221
5154 5178 60
5170 5204 216
5191 5193 75
5199 5238 218
5220 5234 263
5234 5246 17
5262 5288 243
5277 5313 141
5307 5319 94
5313 5324 173
5338 5374 208
5355 5358 29
5367 5380 230
5377 5416 15
5384 5417 228
5395 5427 206
5421 5428 185
5432 5475 127
5453 5457 131
5480 5488 197
5495 5518 125
5516 5559 252
5524 5557 54
5528 5539 274
5533 5582 74
5536 5579 269
5565 5575 48
5578 5611 7
5581 5615 260
5604 5616 158
5622 5655 95
5640 5667 106
5660 5698 165
5688 5703 286
5691 5692 93
5715 5724 265
5741 5783 29
5762 5793 35
5767 5777 23
5776 5791 152
5787 5831 104
5802 5829 184
5815 5822 255
5821 5864 237
5822 5855 17
5843 5868 101
5851 5901 186
5871 5893 65
5897 5914 6
5920 5969 122
5921 5941 151
5921 5956 270
5927 5977 157
5943 5982 253
5947 5979 185
5952 5992 138
5964 5965 37
5964 5977 60
5994 5999 78
6007 6015 212
6014 6025 273
6024 6049 124
6053 6103 202
6060 6077 230
