400
22 63 58
28 75 256
28 29 79
49 62 286
59 78 246
80 83 62
97 108 237
97 119 144
111 129 32
111 150 247
126 171 130
134 163 179
137 148 22
144 179 177
171 210 281
177 203 72
205 244 173
213 216 233
242 291 148
268 291 283
288 326 51
316 353 287
316 342 178
324 338 179
329 342 262
338 351 246
367 388 27
370 404 59
393 421 228
419 421 180
444 469 65
469 519 228
491 524 290
521 545 27
523 527 40
526 548 260
537 574 174
545 558 300
547 582 15
564 596 243
572 597 238
580 601 73
601 610 61
604 654 288
619 645 162
631 648 116
634 665 203
648 688 130
675 694 127
687 698 78
702 722 162
730 772 97
750 790 235
772 775 168
801 850 282
811 842 193
818 828 12
818 822 178
845 886 300
868 899 122
868 889 299
886 905 26
914 935 184
939 952 283
956 976 151
966 967 225
995 1018 20
1003 1019 197
1016 1057 145
1026 1041 140
1053 1100 117
1057 1082 71
1080 1121 217
1105 1145 226
1128 1143 198
1151 1180 94
1174 1216 92
1174 1192 45
1176 1202 285
1192 1233 170
1197 1228 296
1207 1223 243
1226 1241 35
1239 1247 36
1264 1265 30
1283 1300 149
1283 1288 76
1305 1314 81
1322 1351 52
1326 1370 92
1352 1380 186
1360 1376 40
1373 1413 67
1374 1382 181
1395 1429 279
1399 1434 261
1399 1401 115
1405 1425 9
1429 1448 248
1452 1465 207
1479 1493 1
1508 1546 26
1511 1532 106
1528 1543 193
1535 1573 127
1548 1580 137
1551 1562 128
1561 1571 242
1579 1612 269
1599 1605 39
1612 1624 119
1625 1639 133
1654 1668 290
1673 1682 110
1693 1695 178
1707 1750 111
1735 1774 149
1762 1809 207
1790 1816 292
1807 1850 294
1821 1854 131
1843 1871 232
1873 1891 99
1888 1913 217
1907 1955 66
1908 1911 93
1915 1953 294
1917 1944 183
1934 1983 96
1936 1965 138
1966 2009 256
1968 1981 136
1988 2019 44
2013 2016 228
2013 2063 78
2026 2064 79
2044 2063 253
2044 2058 74
2052 2096 58
2073 2074 143
2092 2127 4
2099 2131 134
2109 2131 238
2121 2171 47
2129 2146 101
2131 2177 146
2159 2208 229
2186 2203 5
2187 2230 43
2207 2243 149
2229 2279 197
2242 2260 181
2243 2279 7
2246 2293 43
2257 2299 272
2269 2303 97
2288 2320 236
2318 2342 132
2328 2338 168
2340 2362 8
2361 2378 278
2384 2390 186
2391 2432 85
2416 2441 156
2424 2442 271
2453 2472 295
2480 2511 143
2488 2529 269
2503 2532 131
2528 2556 269
2548 2591 121
2561 2573 245
2572 2595 60
2585 2632 280
2588 2591 212
2590 2631 102
2593 2610 145
2622 2648 152
2626 2672 73
2651 2675 105
2672 2686 87
2687 2701 190
2689 2735 14
2691 2724 187
2697 2727 150
2716 2757 269
2731 2751 272
2758 2762 274
2760 2779 70
2788 2813 246
2801 2846 240
2813 2825 45
2843 2872 141
2858 2879 43
2864 2892 15
2885 2929 206
2897 2929 244
2924 2965 213
2926 2947 103
2930 2940 222
2936 2977 135
2942 2963 294
2960 3009 91
2986 2990 188
2987 2998 192
3017 3041 224
3043 3074 124
3053 3103 25
3076 3106 278
3102 3112 53
3114 3140 28
3139 3185 196
3141 3173 153
3162 3202 65
3171 3212 269
3195 3230 6
3205 3219 6
3206 3229 1
3221 3224 142
3251 3254 214
3251 3269 27
3269 3313 189
3276 3286 170
3285 3317 6
3294 3339 203
3301 3322 73
3303 3311 204
3325 3347 184
3346 3380 123
3367 3371 135
3396 3438 268
3415 3446 46
3427 3440 146
3436 3480 127
3464 3505 8
3478 3528 271
3495 3503 217
3521 3538 298
3539 3560 189
3567 3593 57
3573 3583 163
3575 3585 144
3587 3624 217
3592 3622 159
3622 3652 193
3638 3641 59
3658 3697 67
3675 3697 127
3684 3687 154
3711 3734 218
3722 3772 196
3736 3756 152
3745 3751 258
3756 3798 74
3773 3813 255
3775 3793 134
3783 3806 258
3795 3805 140
3801 3846 175
3831 3870 290
3853 3872 74
3859 3900 258
3861 3869 47
3867 3906 63
3892 3939 6
3912 3920 169
3921 3926 268
3928 3961 275
3936 3946 69
3954 4004 82
3954 3963 196
3960 3964 156
3984 4024 10
3998 4039 254
4008 4053 35
4026 4053 240
4028 4046 111
4030 4076 13
4051 4068 38
4069 4098 99
4091 4121 30
4096 4109 44
4115 4135 268
4136 4173 85
4147 4184 199
4164 4208 84
4180 4229 21
4191 4218 182
4195 4229 144
4199 4227 214
4228 4265 126
4251 4278 260
4252 4294 83
4275 4281 151
4295 4326 290
4321 4332 86
4342 4382 166
4348 4380 19
4357 4390 143
4370 4384 164
4384 4395 220
4411 4419 252
4439 4473 275
4450 4464 232
4472 4478 267
4489 4514 288
4502 4520 298
4509 4537 128
4519 4542 73
4545 4561 125
4569 4618 152
4569 4616 166
4587 4624 138
4596 4601 43
4608 4622 156
4628 4635 115
4649 4653 23
4657 4670 114
4663 4701 69
4679 4713 25
4706 4726 141
4710 4737 135
4736 4771 73
4747 4759 215
4756 4787 122
4782 4811 238
4809 4823 94
4819 4820 37
4831 4850 296
4843 4861 18
4860 4875 140
4866 4895 17
4889 4924 6
4918 4957 59
4945 4994 34
4974 4994 83
5003 5025 47
5003 5008 241
5015 5020 76
5027 5039 30
5035 5062 166
5039 5049 95
5058 5064 151
5088 5135 5
5089 5095 211
5103 5110 234
5105 5134 138
5135 5184 75
5139 5159 154
5146 5163 33
5159 5202 207
5164 5169 227
5186 5230 216
5204 5254 92
5213 5251 181
5230 5263 34
5242 5266 293
5242 5279 29
5259 5264 75
5285 5307 18
5288 5316 84
5295 5310 69
5311 5350 54
5322 5341 145
5351 5389 18
5372 5407 122
5388 5429 214
5410 5436 34
5411 5414 250
5436 5486 242
5460 5473 178
5468 5509 288
5491 5497 160
5492 5498 284
5497 5507 294
5514 5546 100
5541 5560 67
5565 5611 260
5582 5590 11
5588 5634 37
5614 5626 295
5640 5668 264
5641 5679 23
5650 5678 282
5674 5717 68
5704 5732 263
5718 5762 43
5746 5747 233
5772 5810 64
5798 5848 91
5803 5813 169
5827 5869 180
5852 5879 44
5862 5889 77
5878 5913 198
5893 5940 28
5921 5932 296
5921 5933 270
5937 5964 46
5959 6004 28
