400
21 63 151
48 59 168
52 71 264
70 79 136
71 72 124
77 111 291
92 119 271
109 116 214
117 162 171
142 155 268
142 155 112
143 174 36
147 188 224
176 180 144
184 224 237
211 237 17
212 215 35
238 243 48
251 254 119
270 288 131
277 300 99
287 316 115
304 341 84
322 363 47
323 353 121
340 390 70
343 384 18
362 405 77
392 429 292
416 423 161
435 437 89
453 467 137
455 486 58
456 479 1
467 512 243
468 470 61
469 519 285
481 525 197
511 536 146
537 555 241
541 556 135
548 578 280
557 604 9
558 578 169
560 602 199
563 611 227
579 601 134
599 609 68
602 617 2
604 637 133
623 644 65
638 668 5
658 703 109
682 695 118
692 704 34
708 719 72
712 748 40
726 750 258
726 770 137
744 758 163
746 773 81
768 817 134
790 820 182
819 849 24
838 877 37
852 855 13
879 917 69
905 929 292
923 964 37
953 962 87
953 995 236
963 1004 226
979 989 151
985 1020 212
1002 1026 131
1011 1017 230
1011 1057 115
1041 1055 181
1065 1112 284
1095 1109 46
1110 1125 214
1136 1181 200
1138 1150 226
1140 1163 245
1149 1187 225
1169 1178 270
1198 1226 263
1207 1213 139
1214 1257 28
1229 1275 262
1247 1272 97
1266 1281 134
1291 1337 117
1296 1302 288
1303 1326 62
1331 1338 219
1353 1373 43
1364 1408 23
1370 1413 284
1395 1400 39
1413 1447 13
1436 1486 81
1451 1499 251
1462 1471 246
1473 1498 123
1480 1507 283
1495 1536 143
1512 1543 64
1512 1530 241
1529 1551 282
1543 1551 164
1569 1584 50
1575 1601 182
1576 1583 76
1596 1608 233
1597 1609 130
1609 1637 233
1620 1628 160
1647 1667 64
1652 1672 14
1663 1685 4
1678 1698 58
1697 1716 236
1705 1725 210
1719 1753 275
1741 1765 213
1768 1772 148
1790 1830 206
1812 1828 35
1825 1833 14
1837 1854 13
1865 1901 283
1870 1884 114
1884 1913 168
1913 1921 131
1935 1948 58
1965 1984 68
1987 1994 159
2012 2038 100
2041 2050 233
2068 2104 143
2086 2131 296
2106 2111 135
2131 2132 14
2144 2164 144
2168 2178 77
2179 2183 211
2191 2203 186
2214 2225 16
2225 2264 23
2253 2265 299
2267 2298 31
2273 2275 292
2285 2319 191
2293 2314 26
2293 2303 39
2317 2334 97
2335 2368 105
2338 2355 230
2368 2401 44
2371 2388 208
2383 2416 38
2410 2458 51
2428 2461 229
2428 2465 5
2457 2496 94
2480 2492 240
2490 2493 42
2512 2528 164
2537 2573 196
2548 2583 153
2555 2592 195
2557 2593 215
2578 2596 25
2595 2610 18
2609 2652 62
2621 2640 205
2642 2691 245
2667 2672 180
2679 2683 156
2709 2730 17
2732 2741 188
2762 2778 115
2765 2797 281
2785 2799 165
2811 2824 272
2838 2854 27
2850 2876 167
2855 2869 251
2872 2917 123
2901 2948 177
2902 2932 256
2916 2921 111
2924 2960 2
2946 2964 197
2962 3004 222
2978 3000 111
2995 3034 244
3014 3044 213
3026 3029 276
3047 3089 191
3069 3093 257
3082 3127 180
3084 3130 92
3095 3120 52
3097 3129 102
3119 3155 23
3131 3153 53
3150 3173 121
3170 3200 86
3181 3224 148
3207 3219 262
3222 3262 75
3248 3284 271
3278 3304 93
3283 3286 63
3312 3338 114
3332 3357 6
3335 3357 65
3344 3377 223
3370 3391 83
3387 3404 193
3413 3419 223
3425 3471 289
3431 3479 127
3437 3440 2
3457 3477 103
3480 3486 167
3496 3506 193
3510 3516 296
3531 3541 12
3560 3594 268
3563 3588 288
3593 3609 46
3606 3616 130
3628 3653 254
3653 3685 21
3670 3698 276
3678 3695 223
3707 3709 160
3728 3761 170
3737 3756 149
3767 3807 296
3783 3829 37
3786 3815 209
3793 3806 234
3822 3847 46
3840 3876 276
3867 3871 176
3871 3909 213
3886 3931 24
3891 3915 41
3895 3930 19
3914 3935 95
3926 3936 166
3948 3978 295
3959 3978 27
3962 4010 141
3992 4016 106
4015 4055 14
4036 4080 192
4037 4067 45
4049 4083 243
4051 4084 295
4074 4094 185
4087 4095 269
4095 4112 113
4103 4116 272
4133 4158 52
4134 4157 139
4136 4137 199
4147 4178 58
4158 4197 83
4161 4176 195
4161 4175 299
4167 4173 166
4194 4228 153
4212 4219 72
4222 4257 277
4250 4289 185
4267 4297 13
4284 4312 208
4284 4312 109
4298 4320 154
4318 4346 7
4337 4357 118
4353 4394 294
4374 4398 98
4378 4425 230
4384 4388 151
4409 4416 153
4410 4455 171
4436 4452 230
4464 4513 41
4493 4496 133
4505 4518 265
4513 4557 122
4529 4573 169
4536 4576 16
4562 4582 178
4582 4594 83
4583 4629 86
4588 4603 287
4616 4632 130
4626 4650 85
4627 4660 158
4654 4657 103
4670 4706 87
4684 4712 18
4691 4738 30
4712 4739 81
4727 4748 206
4747 4769 16
4766 4791 155
4790 4814 121
4811 4826 80
4839 4882 240
4851 4859 164
4854 4896 190
4864 4890 4
4869 4882 87
4872 4922 241
4885 4897 258
4895 4929 1
4921 4925 106
4932 4959 235
4961 4993 99
4975 5005 202
4975 5001 185
4975 4996 140
4991 5024 211
5011 5051 270
5029 5059 298
5047 5094 160
5077 5101 296
5095 5102 48
5117 5147 227
5138 5152 296
5143 5145 232
5169 5208 182
5187 5221 53
5217 5255 250
5224 5264 167
5240 5244 48
5261 5292 79
5284 5319 94
5302 5323 81
5331 5360 164
5345 5369 88
5351 5384 150
5370 5374 225
5385 5413 85
5413 5438 263
5417 5432 42
5441 5461 166
5457 5462 57
5459 5501 285
5463 5488 232
5482 5502 265
5493 5517 224
5496 5514 192
5507 5509 55
5528 5553 199
5542 5550 89
5563 5607 214
5568 5614 155
5586 5622 127
5608 5655 203
5619 5636 130
5633 5649 163
5650 5689 52
5655 5672 100
5680 5683 111
5685 5721 2
5697 5737 94
5721 5751 89
5733 5766 214
5751 5758 181
5754 5798 43
5754 5785 163
5779 5784 64
5797 5828 195
5827 5872 300
5834 5883 12
5844 5853 100
5845 5885 105
5851 5869 48
5860 5892 6
5881 5911 35
5900 5925 56
5907 5915 242
5932 5966 184
5960 5995 264
5961 5977 75
5980 6030 249
5987 6006 293
6006 6048 216
6030 6055 151
6059 6074 74
6079 6121 176
