400
15 54 294
23 71 298
45 63 155
70 77 150
96 117 186
125 164 222
127 141 11
139 159 199
163 204 39
191 229 162
213 226 260
213 256 98
216 262 25
240 247 58
265 307 185
276 289 247
284 286 87
284 314 21
312 325 291
319 328 4
343 376 171
356 382 230
357 375 90
383 433 203
413 430 279
441 464 82
453 476 259
476 484 180
489 490 239
513 518 274
523 549 266
540 572 280
561 576 215
568 572 44
578 626 201
608 611 147
624 644 191
651 663 8
671 672 262
683 704 119
708 752 205
728 756 103
743 756 248
760 806 101
768 804 7
768 803 3
785 801 37
815 835 110
839 889 132
839 886 74
860 894 79
869 908 176
891 934 257
891 893 40
894 915 243
916 928 261
943 975 104
956 963 211
957 972 23
985 1000 234
987 1027 64
1005 1031 16
1011 1014 164
1030 1033 212
1058 1084 256
1060 1102 22
1073 1077 14
1080 1105 87
1081 1084 174
1106 1127 231
1130 1148 171
1134 1162 158
1149 1152 132
1149 1175 108
1150 1196 260
1170 1195 293
1181 1230 74
1201 1210 21
1222 1249 228
1235 1262 10
1264 1286 30
1281 1324 26
1301 1351 54
1324 1336 115
1330 1371 273
1331 1372 70
1335 1384 84
1344 1380 239
1360 1371 228
1379 1391 27
1380 1412 58
1391 1428 177
1413 1414 70
1416 1458 68
1440 1490 102
1468 1481 207
1497 1522 74
1504 1533 44
1527 1569 97
1536 1561 192
1543 1572 162
1549 1573 49
1576 1613 130
1584 1613 234
1604 1627 213
1630 1652 205
1654 1681 32
1655 1667 126
1659 1696 14
1688 1737 80
1717 1758 256
1731 1766 296
1753 1779 275
1781 1823 54
1785 1828 93
1801 1807 176
1827 1852 124
1829 1868 105
1845 1876 231
1855 1871 173
1857 1882 127
1860 1897 27
1870 1911 85
1891 1901 64
1901 1924 87
1927 1936 213
1933 1964 127
1959 1985 91
1980 1981 274
2002 2006 248
2011 2040 16
2012 2025 276
2020 2036 226
2025 2043 293
2051 2078 172
2066 2067 263
2093 2129 143
2122 2158 69
2135 2151 120
2155 2188 245
2177 2217 147
2198 2240 112
2206 2209 155
2216 2259 273
2242 2282 288
2270 2294 173
2279 2283 107
2295 2340 62
2297 2299 201
2311 2324 42
2332 2365 1
2342 2349 254
2342 2343 64
2361 2362 290
2371 2417 151
2398 2437 99
2415 2416 262
2428 2463 188
2429 2459 70
2459 2464 43
2466 2515 129
2479 2516 133
2481 2488 164
2489 2519 36
2490 2531 102
2492 2516 72
2498 2531 226
2508 2542 114
2528 2572 218
2555 2596 129
2557 2571 297
2558 2608 182
2583 2598 178
2613 2650 250
2622 2654 234
2626 2663 48
2651 2662 14
2654 2682 198
2663 2667 218
2664 2683 157
2665 2670 180
2669 2704 208
2698 2718 51
2700 2723 109
2705 2711 33
2730 2745 55
2758 2779 44
2762 2784 251
2769 2809 287
2775 2804 40
2798 2835 39
2806 2837 139
2826 2851 251
2846 2875 252
2859 2907 136
2873 2879 213
2889 2893 187
2901 2940 265
2903 2939 222
2931 2959 205
2944 2988 60
2954 2976 118
2974 3015 7
2979 3017 153
2991 3006 81
3017 3036 255
3033 3054 280
3051 3070 92
3055 3087 122
3058 3107 70
3086 3102 127
3103 3125 108
3113 3141 92
3139 3184 187
3158 3204 163
3188 3213 192
3215 3239 218
3228 3229 146
3252 3279 262
3260 3279 300
3290 3307 3
3306 3355 139
3310 3349 12
3332 3382 178
3336 3359 92
3342 3375 108
3353 3400 191
3378 3407 177
3383 3394 292
3386 3430 198
3396 3441 136
3425 3461 154
3452 3462 276
3465 3507 70
3481 3520 136
3503 3528 211
3511 3535 245
3536 3545 128
3560 3581 222
3587 3597 45
3616 3648 136
3641 3673 251
3653 3693 133
3657 3681 70
3686 3688 144
3716 3736 152
3728 3747 66
3743 3746 12
3751 3794 97
3770 3793 47
3796 3832 123
3806 3837 216
3814 3818 159
3826 3861 32
3847 3872 222
3875 3901 102
3875 3925 79
3897 3932 46
3913 3919 56
3922 3945 9
3937 3973 144
3938 3970 209
3949 3975 30
3949 3978 179
3965 4000 259
3989 4003 134
4013 4042 227
4036 4060 256
4065 4113 190
4082 4110 124
4109 4120 136
4139 4155 69
4153 4196 300
4162 4194 274
4187 4191 157
4210 4251 74
4237 4245 57
4254 4302 38
4265 4279 268
4276 4288 150
4291 4302 5
4299 4310 18
4315 4349 277
4324 4341 288
4334 4367 223
4351 4355 16
4371 4417 177
4386 4398 152
4396 4443 54
4402 4434 205
4407 4416 234
4420 4436 249
4445 4478 229
4452 4459 251
4475 4490 272
4475 4486 231
4482 4502 298
4501 4520 74
4506 4556 133
4506 4529 276
4521 4569 289
4530 4536 126
4530 4556 13
4549 4556 180
4558 4587 120
4578 4619 164
4578 4591 29
4594 4638 92
4606 4626 58
4618 4632 72
4620 4637 152
4644 4681 203
4670 4699 155
4698 4736 217
4715 4763 168
4728 4729 281
4735 4739 69
4758 4774 48
4758 4764 25
4782 4822 174
4798 4827 216
4815 4860 210
4823 4827 242
4847 4897 195
4877 4895 149
4891 4916 126
4920 4932 196
4925 4964 5
4943 4970 99
4959 4971 138
4962 4981 189
4976 4982 230
4980 5021 44
4989 4994 138
4999 5036 258
5015 5019 270
5024 5049 280
5037 5065 147
5059 5086 22
5084 5097 32
5103 5152 225
5119 5120 223
5120 5165 203
5135 5151 288
5153 5175 211
5157 5158 114
5183 5214 136
5189 5228 137
5213 5263 139
5233 5240 90
5233 5243 94
5248 5294 253
5271 5277 198
5300 5329 252
5306 5346 18
5336 5373 152
5356 5381 220
5374 5408 146
5385 5431 137
5394 5397 214
5416 5461 223
5438 5479 3
5463 5485 173
5492 5540 41
5512 5516 11
5533 5562 166
5546 5547 64
5555 5560 65
5576 5613 216
5599 5632 173
5599 5649 252
5603 5651 220
5622 5654 11
5643 5658 31
5668 5697 169
5697 5723 265
5719 5737 167
5742 5788 206
5765 5778 176
5785 5814 130
5785 5790 195
5804 5829 179
5817 5834 167
5832 5844 191
5859 5886 190
5879 5918 187
5907 5929 4
5933 5940 90
5936 5953 57
5948 5964 110
5954 5965 166
5981 6008 288
6011 6043 100
6025 6030 190
6041 6082 290
6070 6120 28
6099 6143 121
6123 6129 225
6134 6140 11
6139 6173 71
