400
15 59 40
29 33 186
32 37 183
39 58 39
69 111 122
88 131 108
88 116 23
97 131 298
102 135 37
113 132 91
134 170 164
149 151 113
164 200 262
164 171 56
176 186 86
183 213 250
184 233 135
198 225 64
224 241 67
241 245 89
256 278 39
273 293 20
284 289 129
309 320 203
337 374 292
353 376 16
372 410 170
401 415 265
430 454 268
437 442 198
464 506 20
483 485 241
492 523 24
509 529 243
511 536 191
538 548 231
563 584 259
585 630 44
597 612 33
605 644 28
623 641 282
651 657 63
668 697 178
674 690 137
676 689 22
679 721 30
681 729 275
711 726 157
730 737 194
757 794 237
767 809 38
772 802 227
801 807 283
826 869 292
847 873 39
851 875 84
875 916 79
878 905 18
906 911 130
918 942 2
946 957 267
972 1020 153
996 1041 182
1011 1012 230
1011 1033 173
1012 1016 29
1035 1057 33
1052 1066 81
1068 1075 235
1088 1101 78
1098 1101 131
1104 1118 208
1106 1137 105
1111 1159 215
1140 1174 295
1149 1186 293
1159 1200 279
1186 1229 141
1186 1222 157
1216 1257 129
1230 1272 183
1240 1286 43
1250 1253 268
1270 1273 130
1289 1315 100
1314 1351 98
1331 1351 27
1355 1380 195
1358 1388 68
1384 1418 241
1406 1410 266
1427 1470 200
1445 1459 202
1463 1509 170
1465 1504 68
1478 1503 58
1497 1518 116
1510 1518 12
1526 1573 226
1527 1544 37
1540 1588 63
1545 1570 109
1556 1598 79
1577 1627 116
1583 1604 99
1600 1601 91
1621 1629 197
1641 1653 199
1667 1682 241
1677 1696 54
1681 1699 89
1705 1743 18
1717 1733 183
1721 1770 141
1730 1764 96
1735 1750 58
1758 1795 273
1765 1809 291
1787 1826 118
1799 1802 119
1829 1835 95
1858 1872 140
1869 1904 6
1880 1915 143
1884 1930 178
1906 1932 81
1924 1974 257
1930 1967 69
1958 1986 146
1963 1988 273
1968 2007 146
1993 2003 69
2023 2060 226
2052 2102 51
2076 2113 239
2106 2107 228
2131 2132 211
2145 2162 179
2145 2172 227
2174 2198 177
2187 2211 267
2204 2233 229
2211 2236 146
2211 2254 154
2237 2261 159
2251 2293 41
2262 2282 174
2289 2307 32
2312 2356 151
2329 2365 31
2359 2365 88
2373 2412 188
2401 2404 1
2426 2461 143
2445 2483 280
2447 2496 134
2470 2507 13
2486 2520 80
2499 2513 134
2513 2559 111
2516 2560 31
2534 2549 226
2540 2568 59
2564 2595 161
2574 2584 134
2575 2577 52
2601 2627 239
2619 2658 157
2648 2656 43
2676 2700 199
2699 2742 68
2727 2746 153
2744 2775 174
2759 2789 102
2769 2774 252
2772 2820 234
2772 2786 69
2796 2836 56
2796 2819 12
2817 2844 74
2826 2857 53
2846 2847 217
2848 2895 90
2878 2896 244
2878 2909 69
2883 2933 231
2891 2915 200
2896 2897 232
2898 2922 233
2915 2916 35
2945 2971 30
2966 2999 273
2996 3040 242
3024 3058 216
3038 3048 213
3044 3076 151
3071 3092 16
3087 3116 230
3100 3126 187
3103 3129 258
3109 3135 14
3113 3122 229
3137 3146 292
3167 3168 2
3180 3214 26
3198 3232 224
3210 3234 14
3238 3274 182
3244 3260 247
3248 3266 245
3265 3299 10
3274 3283 157
3301 3351 53
3314 3346 228
3333 3353 101
3359 3372 165
3378 3397 97
3398 3435 155
3407 3442 27
3437 3445 166
3437 3481 137
3440 3445 164
3449 3493 119
3449 3499 272
3466 3515 100
3490 3505 54
3490 3527 194
3499 3546 124
3512 3521 31
3528 3530 157
3533 3569 231
3542 3544 276
3566 3585 96
3579 3588 247
3593 3639 74
3607 3627 285
3617 3621 102
3619 3668 109
3638 3670 245
3659 3683 13
3683 3686 63
3698 3705 228
3728 3744 44
3745 3769 194
3768 3769 74
3796 3833 109
3820 3859 210
3845 3847 154
3866 3900 157
3869 3895 26
3892 3914 86
3892 3921 132
3899 3904 58
3916 3954 122
3946 3952 218
3959 3988 190
3981 4015 46
3984 3990 184
3986 4008 173
4006 4039 226
4032 4047 258
4052 4084 187
4064 4069 138
4087 4119 50
4104 4154 76
4130 4162 73
4140 4189 279
4164 4168 251
4191 4202 167
4219 4250 103
4247 4265 246
4263 4292 15
4264 4282 7
4275 4312 159
4275 4298 146
4275 4299 48
4304 4347 122
4327 4337 50
4356 4365 212
4362 4410 299
4385 4423 276
4407 4413 17
4410 4453 248
4422 4444 84
4442 4453 193
4467 4508 209
4480 4504 151
4506 4535 146
4516 4547 73
4539 4541 132
4558 4604 191
4575 4584 248
4581 4623 262
4592 4628 189
4594 4616 270
4604 4645 234
4617 4637 69
4641 4648 259
4646 4685 206
4662 4669 49
4674 4709 292
4701 4739 176
4718 4724 72
4727 4737 121
4733 4744 207
4754 4800 254
4771 4787 95
4778 4795 183
4800 4846 186
4823 4864 21
4830 4865 154
4850 4864 151
4858 4881 35
4874 4921 290
4897 4912 206
4907 4949 50
4917 4942 296
4921 4948 245
4949 4975 157
4955 4989 167
4980 5009 181
4980 4983 178
5001 5025 285
5005 5023 230
5007 5029 77
5037 5081 26
5041 5084 144
5053 5057 174
5081 5114 125
5096 5141 292
5097 5128 1
5099 5115 296
5121 5130 51
5151 5191 119
5176 5206 99
5180 5193 12
5206 5212 206
5225 5275 113
5231 5236 20
5245 5259 137
5251 5255 255
5281 5304 19
5284 5296 230
5289 5299 66
5303 5335 156
5324 5373 271
5348 5380 294
5363 5382 222
5381 5382 202
5408 5442 7
5420 5445 132
5439 5458 159
5450 5496 165
5451 5485 77
5470 5501 220
5481 5518 286
5505 5547 184
5535 5547 170
5542 5580 131
5557 5564 43
5580 5589 247
5582 5624 44
5593 5606 33
5607 5614 124
5607 5621 167
5633 5656 140
5636 5659 138
5646 5667 61
5671 5693 110
5697 5714 182
5709 5742 93
5718 5732 291
5742 5777 41
5759 5794 7
5787 5805 39
5795 5821 116
5797 5827 22
5809 5825 206
5822 5824 282
5828 5854 50
5852 5885 109
5853 5883 1
5869 5896 139
5875 5895 287
5903 5916 244
5909 5920 267
5910 5930 238
5913 5953 98
5930 5977 67
5949 5991 47
5962 6005 287
5991 5998 251
6017 6060 94
6027 6058 241
6048 6058 114
6066 6095 10
6078 6080 234
6103 6148 136
6119 6125 216
6138 6150 60
