400
21 64 265
44 77 58
70 84 78
99 126 219
120 129 186
136 144 67
144 183 114
151 163 101
165 195 106
195 232 122
204 214 300
209 241 149
224 257 158
251 265 252
280 316 43
299 302 246
313 359 8
342 381 118
353 394 182
359 379 228
385 390 184
409 414 223
422 423 249
444 485 176
458 505 94
470 517 78
472 506 201
472 500 193
483 484 12
495 538 273
515 523 188
545 547 170
564 614 222
565 590 155
565 602 137
576 614 50
584 588 156
604 609 231
613 655 104
618 648 86
639 656 66
655 661 114
668 685 252
696 719 230
701 714 290
731 759 214
745 780 37
755 767 128
776 792 226
788 804 226
813 862 38
828 831 296
844 871 96
846 866 198
876 883 119
883 917 132
894 897 85
924 955 8
951 989 14
952 960 54
956 1001 16
979 1018 123
1007 1016 169
1017 1037 217
1041 1049 182
1049 1092 233
1067 1084 268
1086 1104 103
1104 1123 182
1106 1155 300
1111 1155 102
1119 1159 232
1148 1164 293
1170 1181 80
1191 1241 251
1202 1216 273
1202 1244 28
1222 1257 194
1225 1275 289
1252 1285 6
1258 1259 234
1266 1280 166
1267 1309 157
1291 1304 287
1299 1340 54
1328 1366 189
1337 1383 248
1355 1391 41
1368 1402 193
1380 1402 90
1409 1412 203
1416 1438 142
1420 1422 44
1421 1451 231
1423 1465 61
1453 1458 278
1465 1494 264
1485 1531 41
1503 1509 180
1517 1518 4
1533 1560 116
1533 1583 238
1545 1554 212
1548 1586 267
1558 1596 272
1574 1613 131
1591 1634 195
1598 1602 266
1619 1650 1
1646 1664 266
1674 1680 143
1677 1698 125
1699 1725 233
1723 1771 159
1743 1762 74
1760 1762 112
1784 1827 60
1800 1819 244
1802 1810 105
1807 1856 207
1834 1867 240
1843 1859 288
1861 1869 239
1872 1891 9
1893 1903 251
1896 1942 51
1902 1923 196
1907 1933 138
1914 1931 78
1925 1944 264
1938 1957 194
1958 1970 8
1973 2004 12
1997 2043 12
2000 2020 87
2001 2044 217
2026 2065 225
2037 2084 162
2066 2086 226
2096 2108 183
2102 2130 58
2109 2145 213
2126 2165 4
2146 2179 166
2173 2174 5
2193 2195 171
2219 2258 296
2238 2253 151
2244 2256 24
2271 2285 133
2276 2288 150
2283 2317 12
2305 2340 78
2308 2353 89
2332 2375 203
2351 2375 118
2351 2374 65
2356 2394 47
2380 2412 183
2387 2427 104
2389 2439 187
2415 2443 182
2440 2446 149
2447 2476 76
2477 2512 42
2486 2516 68
2500 2528 94
2517 2531 50
2522 2536 18
2541 2546 107
2569 2584 198
2582 2593 194
2607 2640 182
2615 2634 47
2637 2646 5
2642 2650 130
2670 2708 60
2676 2687 37
2696 2699 196
2720 2754 104
2729 2734 249
2733 2744 29
2756 2776 10
2759 2771 130
2771 2782 287
2775 2778 187
2796 2797 157
2816 2817 86
2836 2852 58
2848 2853 123
2878 2892 31
2885 2906 21
2901 2951 22
2925 2927 232
2944 2971 141
2954 3000 118
2973 2979 234
2979 3017 272
2996 3041 54
2999 3026 268
3029 3066 158
3036 3039 66
3064 3087 165
3070 3083 171
3093 3110 163
3107 3138 132
3113 3119 6
3142 3144 51
3149 3177 288
3174 3181 30
3191 3239 248
3214 3258 246
3230 3247 94
3248 3296 185
3276 3287 162
3291 3335 194
3317 3340 122
3327 3332 158
3335 3385 150
3351 3385 117
3379 3427 291
3406 3441 143
3430 3478 75
3440 3450 197
3446 3456 176
3449 3466 27
3476 3494 293
3483 3530 165
3505 3530 251
3527 3535 91
3543 3587 234
3571 3588 209
3594 3624 53
3619 3646 39
3625 3631 218
3633 3638 5
3656 3693 66
3679 3720 113
3697 3728 177
3723 3760 157
3742 3764 24
3756 3770 38
3758 3781 26
3771 3804 97
3783 3801 222
3791 3818 129
3816 3832 206
3837 3873 296
3849 3882 60
3877 3920 184
3888 3937 98
3900 3924 31
3925 3974 290
3925 3941 162
3927 3961 215
3930 3945 1
3948 3990 73
3957 3995 100
3975 4005 182
3989 4038 162
4013 4044 252
4039 4058 243
4050 4086 274
4073 4116 96
4099 4138 157
4113 4145 204
4141 4171 57
4150 4193 247
4172 4176 119
4177 4198 169
4190 4240 174
4220 4227 147
4247 4272 142
4263 4283 99
4287 4329 83
4309 4326 79
4318 4359 179
4344 4354 280
4374 4401 180
4381 4410 186
4384 4414 48
4389 4438 232
4406 4407 194
4429 4475 291
4444 4467 170
4449 4463 74
4457 4481 262
4487 4510 159
4506 4531 172
4531 4576 113
4556 4579 58
4573 4623 296
4589 4605 249
4596 4605 281
4606 4649 262
4621 4640 244
4624 4673 210
4649 4695 229
4667 4715 10
4695 4711 20
4700 4740 258
4713 4725 8
4731 4763 110
4759 4768 168
4763 4806 52
4778 4797 18
4788 4824 179
4789 4823 173
4799 4830 57
4806 4810 63
4810 4820 79
4833 4847 1
4836 4869 160
4857 4878 234
4879 4898 155
4897 4903 127
4913 4955 58
4915 4939 70
4919 4968 80
4920 4962 293
4946 4955 94
4960 5004 226
4986 4993 258
4992 5019 39
4999 5026 189
5014 5051 41
5020 5037 36
5046 5075 203
5061 5070 176
5062 5086 6
5067 5093 176
5082 5108 134
5085 5114 216
5114 5162 267
5142 5189 257
5169 5202 254
5171 5188 228
5183 5202 277
5201 5223 287
5207 5226 153
5237 5268 15
5259 5288 28
5262 5275 68
5283 5293 31
5307 5317 240
5321 5331 36
5348 5377 130
5369 5417 257
5392 5400 265
5399 5407 206
5418 5425 293
5446 5477 89
5450 5496 251
5463 5470 15
5485 5522 118
5495 5519 297
5511 5516 149
5535 5548 67
5552 5570 228
5582 5624 174
5593 5627 104
5610 5632 136
5623 5643 194
5642 5685 294
5647 5648 271
5661 5666 164
5679 5718 13
5679 5706 184
5696 5738 267
5726 5763 298
5755 5766 285
5760 5794 181
5781 5800 276
5792 5833 218
5820 5870 156
5843 5862 191
5844 5858 210
5862 5885 69
5884 5899 230
5889 5918 143
5890 5936 75
5902 5949 60
5920 5948 89
5940 5968 167
5951 5998 121
5958 5998 109
5968 6013 125
5978 6017 166
5982 6004 210
6005 6025 4
6022 6069 167
6034 6051 54
6057 6063 23
6069 6100 20
6082 6131 110
6090 6091 30
6114 6154 123
6116 6165 47
6143 6165 103
6149 6192 270
