400
4 26 26
27 72 85
35 46 100
64 99 54
75 81 104
88 132 208
90 109 81
96 99 84
115 150 150
131 170 64
133 163 234
147 189 240
162 188 241
164 214 139
184 218 36
203 221 151
213 255 61
219 229 100
221 261 270
238 272 190
244 259 98
252 277 205
271 283 4
290 299 47
315 347 57
344 381 91
366 408 23
369 382 75
389 405 188
391 436 136
405 422 146
429 431 155
438 486 184
449 471 50
459 472 128
464 498 238
484 514 288
500 519 275
524 559 114
528 537 166
540 545 9
568 605 206
594 629 25
595 629 211
617 659 205
639 664 116
649 676 108
679 726 23
701 748 123
715 734 45
733 746 64
735 742 43
740 758 142
751 752 261
762 763 273
776 790 49
793 826 111
804 845 210
834 850 12
858 907 47
874 920 183
900 934 273
903 906 290
911 932 282
935 954 297
939 984 258
967 985 183
970 977 57
990 1005 7
996 1039 181
1011 1021 292
1016 1062 1
1038 1077 17
1043 1070 223
1069 1109 111
1095 1102 58
1098 1113 278
1126 1135 172
1137 1176 85
1149 1198 205
1162 1192 140
1170 1201 108
1196 1203 87
1199 1201 190
1223 1266 90
1250 1280 243
1260 1263 25
1265 1296 189
1280 1288 197
1300 1306 10
1319 1358 276
1338 1356 225
1339 1379 97
1340 1361 159
1343 1369 36
1349 1393 277
1355 1405 187
1374 1407 271
1396 1435 90
1401 1412 16
1425 1435 201
1437 1448 198
1451 1472 298
1469 1510 263
1497 1531 253
1523 1563 88
1537 1540 10
1564 1613 217
1585 1610 134
1590 1611 41
1592 1631 282
1601 1619 200
1622 1639 257
1647 1693 137
1653 1660 134
1658 1662 249
1667 1682 60
1674 1694 51
1703 1707 87
1723 1734 289
1751 1792 150
1764 1806 167
1780 1793 206
1793 1840 68
1794 1824 204
1816 1853 72
1833 1862 175
1847 1878 48
1847 1892 82
1857 1862 236
1857 1882 253
1858 1904 105
1868 1871 140
1893 1895 79
1909 1950 253
1916 1948 151
1919 1968 193
1938 1983 77
1960 1983 277
1987 2029 267
2017 2026 51
2024 2057 167
2038 2064 102
2051 2056 82
2051 2065 76
2067 2114 188
2097 2141 294
2116 2131 135
2128 2150 206
2140 2180 184
2158 2191 257
2185 2206 144
2195 2201 209
2213 2239 294
2218 2221 219
2223 2226 186
2235 2283 233
2246 2287 66
2272 2305 55
2280 2317 107
2299 2319 32
2305 2341 285
2319 2335 259
2343 2365 244
2370 2419 203
2392 2417 8
2399 2403 210
2429 2431 155
2455 2469 61
2460 2496 206
2469 2505 174
2483 2508 233
2501 2537 261
2530 2548 280
2543 2571 142
2549 2571 296
2557 2578 41
2569 2580 188
2588 2621 146
2603 2621 47
2623 2656 101
2650 2684 162
2677 2719 8
2683 2703 162
2685 2705 185
2700 2734 158
2721 2746 68
2722 2756 228
2739 2750 21
2749 2757 46
2774 2816 279
2786 2824 292
2810 2841 38
2824 2853 33
2831 2870 221
2857 2888 261
2882 2929 62
2886 2909 65
2913 2940 85
2937 2968 58
2939 2972 265
2967 3004 44
2993 3002 226
3005 3006 182
3019 3032 14
3028 3041 229
3050 3068 94
3073 3093 124
3091 3124 38
3104 3147 186
3108 3121 166
3123 3127 252
3131 3172 172
3154 3200 68
3165 3183 115
3193 3228 220
3200 3236 236
3215 3220 196
3241 3282 11
3243 3270 105
3250 3298 220
3266 3282 117
3267 3290 176
3275 3299 221
3284 3321 221
3314 3352 294
3323 3365 74
3329 3363 276
3353 3400 102
3379 3424 164
3402 3430 257
3402 3404 91
3407 3415 249
3418 3465 7
3430 3476 229
3450 3459 204
3452 3468 110
3465 3471 6
3477 3486 137
3482 3506 253
3501 3549 269
3528 3531 136
3552 3600 164
3575 3614 33
3580 3617 248
3598 3600 79
3623 3660 257
3645 3655 293
3653 3661 231
3682 3702 134
3683 3697 167
3693 3743 127
3716 3751 282
3730 3745 61
3749 3782 74
3763 3805 193
3772 3818 163
3795 3837 68
3821 3823 267
3827 3832 179
3835 3860 116
3852 3885 123
3858 3901 201
3882 3926 107
3895 3916 168
3897 3928 100
3897 3908 189
3899 3900 11
3908 3932 288
3910 3929 208
3917 3949 190
3938 3955 299
3950 3982 222
3957 3983 203
3987 4019 248
4007 4028 268
4014 4028 56
4030 4037 55
4037 4049 278
4043 4063 3
4073 4097 57
4096 4100 223
4122 4147 214
4145 4174 159
4167 4189 90
4189 4207 60
4217 4221 189
4243 4247 273
4246 4282 54
4248 4272 54
4276 4307 208
4291 4333 24
4320 4358 63
4334 4354 89
4336 4361 55
4349 4389 296
4357 4383 225
4379 4416 288
4381 4403 29
4394 4436 38
4422 4458 201
4431 4473 162
4458 4470 167
4484 4503 160
4496 4529 266
4510 4536 270
4513 4563 63
4537 4560 68
4549 4581 189
4563 4580 125
4587 4615 113
4611 4617 248
4619 4668 138
4639 4673 81
4641 4672 164
4650 4698 258
4670 4681 270
4670 4676 15
4681 4721 237
4702 4710 223
4728 4734 150
4745 4748 256
4760 4797 12
4784 4824 245
4797 4836 109
4823 4863 133
4838 4839 30
4868 4902 100
4880 4892 162
4903 4927 268
4906 4952 19
4912 4925 291
4930 4939 6
4941 4946 78
4966 4991 230
4985 4993 123
4994 5019 211
5002 5036 287
5005 5042 51
5018 5030 124
5046 5055 74
5065 5109 259
5078 5125 70
5079 5084 198
5086 5111 85
5090 5100 185
5112 5146 151
5113 5127 282
5124 5129 268
5141 5187 194
5160 5174 247
5187 5221 13
5187 5226 119
5206 5240 10
5209 5234 164
5223 5261 259
5246 5272 121
5273 5323 217
5277 5321 130
5284 5330 28
5285 5303 170
5290 5293 37
5312 5316 66
5328 5368 169
5339 5373 220
5356 5373 93
5359 5376 208
5369 5376 135
5378 5410 234
5380 5426 233
5408 5439 95
5414 5425 215
5421 5442 66
5437 5471 82
5439 5479 146
5439 5478 74
5468 5502 225
5475 5523 16
5497 5511 82
5501 5518 203
5514 5563 87
5528 5532 145
5544 5549 38
5546 5585 275
5553 5571 50
5571 5613 300
5589 5591 37
5616 5618 9
5627 5650 155
5634 5666 79
5644 5682 101
5647 5684 196
5659 5692 137
5673 5706 222
5686 5695 268
5709 5744 248
5721 5754 39
5731 5751 41
5758 5770 159
5763 5774 204
