400
25 48 178
39 45 34
62 94 189
66 79 45
69 115 283
82 116 47
111 124 221
118 138 52
130 138 201
150 163 128
161 189 244
174 221 85
177 189 19
204 232 103
232 265 31
256 259 255
273 303 243
301 349 109
303 342 63
307 316 267
313 344 146
315 342 280
329 364 218
343 372 108
346 362 112
371 406 134
382 413 273
396 439 138
398 447 259
421 462 17
435 445 45
445 477 155
457 494 133
480 506 249
508 533 190
518 536 63
521 559 193
531 561 253
560 607 238
585 616 21
610 633 31
615 634 252
636 642 9
647 677 259
668 690 50
677 691 136
701 732 144
701 706 223
726 740 194
727 753 166
731 770 195
744 787 300
750 795 212
754 781 7
760 799 4
771 813 174
786 830 238
796 838 296
797 812 66
808 815 33
818 849 230
827 837 64
838 859 223
842 851 202
851 853 62
875 891 186
896 938 254
916 935 28
920 970 112
931 933 57
952 990 225
970 1001 6
989 1038 195
995 1028 264
1016 1029 197
1043 1062 18
1060 1061 162
1079 1116 85
1099 1101 23
1122 1159 85
1136 1171 6
1136 1174 180
1152 1180 286
1164 1193 101
1184 1216 6
1208 1231 16
1217 1238 255
1224 1255 138
1247 1291 217
1262 1295 166
1273 1281 192
1273 1301 12
1280 1320 168
1297 1347 218
1309 1353 97
1313 1344 188
1313 1351 248
1332 1362 170
1351 1368 176
1362 1387 157
1376 1394 35
1402 1448 157
1427 1440 293
1432 1460 62
1432 1434 79
1450 1478 270
1473 1503 269
1503 1549 110
1505 1552 138
1521 1525 15
1536 1563 197
1557 1558 72
1573 1574 199
1586 1610 108
1605 1631 8
1609 1610 279
1620 1670 90
1643 1673 126
1658 1680 232
1677 1722 244
1706 1717 169
1728 1760 203
1758 1779 275
1767 1770 243
1784 1806 243
1808 1810 149
1810 1851 60
1823 1831 58
1828 1837 146
1833 1847 277
1846 1888 39
1868 1899 249
1890 1916 57
1890 1894 101
1908 1947 214
1920 1944 139
1920 1958 297
1946 1989 191
1975 2003 259
1992 2027 67
1999 2033 226
2000 2042 270
2003 2016 15
2029 2038 82
2031 2040 270
2057 2092 285
2069 2089 230
2096 2140 263
2120 2134 7
2131 2177 22
2161 2185 253
2174 2213 104
2188 2218 214
2209 2220 294
2238 2284 106
2245 2272 98
2258 2266 25
2279 2291 176
2296 2335 133
2313 2345 264
2342 2370 173
2349 2378 259
2349 2371 117
2356 2406 170
2385 2388 150
2388 2398 13
2398 2422 280
2423 2450 35
2448 2468 127
2451 2454 214
2469 2504 274
2469 2488 294
2478 2483 205
2487 2518 142
2498 2541 45
2522 2536 13
2525 2562 137
2543 2585 35
2559 2604 30
2579 2604 260
2594 2596 193
2620 2622 160
2624 2667 276
2639 2674 64
2652 2678 92
2654 2667 44
2654 2668 230
2658 2692 110
2675 2691 128
2691 2699 131
2692 2724 63
2718 2752 47
2746 2748 289
2776 2813 103
2803 2841 172
2831 2873 135
2853 2880 20
2863 2876 214
2882 2924 27
2887 2921 55
2889 2923 62
2901 2935 240
2915 2950 43
2926 2961 97
2949 2992 51
2963 2972 97
2993 3022 221
3021 3054 253
3045 3070 100
3060 3100 62
3086 3097 232
3096 3103 193
3107 3144 132
3122 3132 55
3125 3129 113
3131 3136 13
3156 3174 86
3184 3217 199
3192 3217 230
3203 3222 45
3233 3263 220
3236 3281 14
3241 3261 131
3252 3295 179
3282 3305 300
3295 3331 263
3322 3335 95
3323 3363 175
3334 3346 274
3353 3372 79
3364 3403 263
3394 3403 131
3423 3473 243
3453 3459 52
3478 3518 119
3508 3554 157
3510 3558 279
3524 3555 92
3538 3576 255
3541 3546 161
3548 3577 6
3571 3590 248
3592 3602 121
3609 3638 176
3631 3676 103
3648 3678 146
3654 3670 178
3656 3676 30
3660 3661 99
3665 3701 251
3684 3734 70
3689 3722 76
3703 3723 55
3732 3739 83
3757 3797 46
3787 3821 275
3792 3828 195
3799 3824 155
3817 3823 72
3828 3833 145
3845 3850 89
3846 3864 171
3861 3903 23
3863 3912 87
3868 3876 102
3871 3888 265
3873 3874 106
3880 3923 138
3900 3929 285
3921 3954 244
3940 3975 163
3960 3981 258
3979 3984 61
3999 4026 99
4022 4043 103
4042 4077 156
4059 4109 143
4080 4112 37
4108 4124 212
4114 4153 104
4131 4144 34
4136 4178 40
4159 4208 287
4183 4224 4
4200 4213 190
4213 4231 298
4220 4258 100
4230 4247 126
4235 4273 68
4236 4252 51
4241 4256 34
4264 4295 298
4278 4320 123
4288 4300 206
4292 4315 177
4303 4314 19
4329 4364 24
4340 4362 102
4340 4378 181
4364 4396 167
4382 4400 205
4390 4428 129
4397 4445 279
4417 4465 78
4427 4469 2
4443 4490 63
4455 4465 154
4481 4499 295
4508 4531 49
4527 4571 69
4531 4572 61
4539 4566 167
4551 4574 46
4578 4591 211
4586 4607 14
4616 4655 91
4622 4654 243
4644 4678 273
4648 4660 101
4669 4693 229
4695 4731 129
4718 4725 76
4726 4753 83
4739 4767 2
4752 4791 41
4757 4802 66
4779 4808 192
4799 4829 82
4821 4823 82
4823 4866 256
4830 4875 232
4842 4865 13
4863 4882 245
4871 4916 9
4891 4920 230
4892 4913 265
4901 4915 17
4928 4977 145
4944 4968 269
4953 4978 95
4969 4982 26
4976 5007 77
5000 5040 289
5002 5013 33
5019 5065 255
5022 5056 183
5042 5069 170
5067 5096 124
5080 5081 150
5110 5119 233
5137 5171 184
5142 5149 109
5162 5170 252
5169 5195 34
5169 5203 173
5183 5231 9
5205 5235 201
5211 5230 235
5219 5230 143
5222 5235 112
5236 5278 237
5242 5255 219
5244 5289 274
5261 5293 221
5266 5294 253
5292 5310 235
5316 5324 160
5317 5321 13
5347 5349 142
5358 5361 149
5385 5428 6
5410 5425 15
5411 5456 114
5421 5440 229
5422 5435 46
5439 5466 185
5457 5477 202
5484 5517 105
5506 5525 36
5532 5549 196
5558 5591 12
5579 5594 143
5604 5626 3
5630 5635 252
5659 5699 236
5678 5692 232
5681 5728 30
5683 5720 184
5695 5707 257
5714 5733 172
5731 5773 220
5748 5791 31
5761 5801 66
5791 5820 255
5813 5814 48
5828 5846 223
5852 5881 187
5874 5921 80
5876 5903 173
5882 5923 256
