400
17 23 169
20 64 12
28 55 189
50 63 206
65 94 76
73 90 196
90 120 162
112 149 195
114 159 89
144 166 225
152 169 253
167 199 262
174 200 282
201 240 171
219 251 117
246 272 205
269 303 196
283 319 147
293 316 70
293 298 294
304 322 169
323 329 143
341 387 223
348 357 165
355 393 255
370 409 154
383 431 194
407 437 234
419 465 113
444 482 239
474 503 226
496 538 190
501 521 54
525 575 275
546 569 300
551 565 56
575 576 245
584 600 137
606 619 182
626 661 272
639 689 115
661 703 8
662 695 238
688 692 297
700 722 163
720 751 20
748 786 20
764 789 110
764 813 198
794 806 295
803 844 103
814 846 76
816 845 205
825 826 114
842 886 204
853 900 152
866 894 52
888 889 189
893 912 26
905 950 43
920 931 70
922 931 170
929 935 166
938 946 228
961 991 178
971 1017 163
982 1008 28
992 993 150
1019 1056 119
1029 1074 163
1033 1058 160
1058 1090 63
1069 1084 43
1096 1117 117
1119 1151 145
1128 1143 283
1153 1163 196
1175 1186 27
1202 1225 197
1217 1224 203
1220 1223 239
1249 1282 248
1268 1299 99
1280 1293 104
1289 1313 190
1310 1321 188
1315 1359 238
1322 1327 203
1328 1334 45
1345 1395 221
1368 1392 163
1373 1379 106
1382 1423 276
1391 1419 29
1417 1466 299
1441 1457 74
1470 1499 217
1484 1497 184
1513 1528 292
1521 1545 25
1543 1571 121
1572 1619 42
1583 1632 144
1589 1599 223
1608 1634 183
1635 1645 142
1644 1676 98
1651 1672 204
1679 1685 273
1701 1724 254
1718 1736 117
1718 1758 296
1730 1735 68
1745 1772 44
1757 1774 177
1757 1777 33
1775 1809 244
1775 1801 112
1803 1840 121
1829 1833 255
1840 1844 233
1854 1902 95
1864 1878 119
1874 1880 29
1882 1918 65
1898 1919 9
1901 1949 93
1922 1936 58
1926 1936 4
1934 1943 22
1957 1967 252
1980 2008 230
1998 2042 257
2026 2065 244
2045 2083 268
2045 2076 290
2049 2078 137
2063 2090 94
2071 2088 91
2090 2091 299
2109 2131 266
2129 2132 22
2145 2188 182
2169 2201 222
2183 2186 181
2205 2218 229
2231 2259 167
2244 2265 12
2244 2291 270
2256 2265 127
2273 2300 43
2303 2341 234
2313 2316 298
2338 2381 66
2342 2367 62
2368 2396 157
2392 2396 58
2404 2446 150
2418 2464 126
2419 2451 153
2426 2455 50
2452 2484 186
2454 2498 220
2463 2483 17
2470 2518 82
2472 2501 188
2500 2541 88
2526 2538 147
2545 2588 27
2561 2583 79
2589 2615 246
2601 2642 270
2628 2656 25
2653 2703 266
2659 2703 230
2686 2693 120
2697 2699 131
2725 2774 24
2737 2783 78
2767 2791 44
2767 2772 266
2769 2808 56
2793 2809 179
2807 2809 278
2834 2864 197
2856 2873 34
2870 2894 232
2884 2927 165
2893 2911 34
2920 2947 196
2920 2970 23
2943 2947 216
2953 2975 138
2981 3009 257
2983 2991 68
3009 3055 98
3019 3042 118
3037 3064 115
3038 3073 101
3051 3073 83
3066 3095 271
3093 3142 224
3117 3138 114
3140 3167 102
3164 3177 8
3174 3191 276
3194 3225 144
3210 3254 266
3218 3254 104
3239 3289 105
3249 3295 136
3273 3321 166
3299 3309 232
3322 3363 89
3350 3399 99
3357 3384 66
3383 3385 266
3385 3415 86
3414 3417 225
3418 3443 199
3445 3478 202
3454 3466 8
3456 3473 235
3460 3476 299
3465 3495 236
3494 3516 195
3502 3519 165
3504 3526 140
3521 3529 202
3543 3583 23
3559 3578 113
3586 3627 231
3587 3595 252
3604 3632 53
3614 3624 186
3618 3626 60
3637 3658 18
3651 3661 204
3663 3713 38
3668 3709 201
3693 3730 105
3712 3746 182
3727 3732 80
3743 3790 150
3760 3798 110
3781 3799 164
3782 3818 201
3789 3802 113
3792 3821 285
3822 3847 105
3830 3856 154
3839 3848 289
3861 3893 5
3874 3885 51
3887 3929 81
3916 3963 47
3922 3967 144
3928 3977 241
3955 3994 16
3973 4023 268
4001 4012 133
4029 4043 286
4045 4078 245
4045 4053 96
4070 4090 261
4080 4082 185
4095 4107 49
4101 4122 190
4121 4146 220
4146 4193 291
4161 4164 224
4169 4214 92
4169 4190 68
4170 4212 138
4184 4216 73
4199 4247 53
4211 4216 128
4236 4261 118
4243 4289 233
4250 4253 70
4269 4292 6
4280 4308 286
4299 4306 144
4306 4348 136
4307 4317 211
4324 4351 240
4344 4354 24
4347 4361 152
4374 4378 181
4395 4423 107
4413 4432 15
4440 4460 148
4445 4462 286
4459 4501 26
4481 4530 56
4499 4522 217
4517 4541 63
4524 4532 100
4546 4561 132
4551 4600 180
4561 4603 79
4574 4604 285
4604 4620 36
4629 4649 279
4639 4684 153
4646 4673 134
4669 4687 71
4699 4726 85
4715 4734 108
4727 4768 211
4736 4755 181
4763 4775 104
4771 4791 171
4793 4825 227
4814 4825 22
4815 4860 237
4824 4847 95
4845 4879 273
4858 4874 296
4864 4912 299
4882 4917 204
4898 4909 74
4905 4953 151
4910 4917 231
4923 4956 99
4943 4992 234
4960 4989 242
4982 5026 74
5008 5055 68
5024 5048 113
5043 5066 125
5044 5047 124
5053 5100 71
5074 5089 1
5094 5130 242
5094 5131 95
5095 5140 115
5115 5145 105
5128 5130 95
5152 5167 109
5174 5201 121
5200 5216 2
5220 5239 286
5241 5262 281
5244 5274 202
5268 5301 14
5279 5320 35
5298 5331 298
5307 5341 284
5324 5328 138
5331 5377 263
5359 5408 286
5378 5390 1
5389 5396 66
5416 5462 221
5433 5461 29
5454 5500 131
5459 5474 283
5466 5483 276
5476 5491 197
5495 5529 179
5523 5536 237
5542 5556 149
5565 5589 133
5576 5585 271
5605 5620 158
5606 5646 289
5636 5658 230
5636 5664 17
5647 5662 245
5671 5716 56
5676 5719 259
5683 5718 178
5703 5740 245
5719 5752 181
5731 5779 3
5733 5761 9
5743 5793 70
5745 5747 20
5755 5792 297
5783 5809 127
5806 5827 146
5832 5875 229
5840 5874 190
5870 5897 272
5883 5926 60
5899 5949 265
5902 5948 288
5912 5943 271
5929 5956 274
5934 5968 208
5939 5951 261
5965 6013 56
5974 5975 142
5981 5989 217
5985 6004 226
5987 6035 181
6014 6050 202
6035 6076 149
6060 6070 245
