400
6 29 170
6 48 160
14 29 238
28 31 79
41 55 28
45 68 77
74 99 226
83 100 16
102 117 127
111 121 268
111 161 120
129 178 66
152 200 95
154 179 272
172 183 147
174 203 97
201 251 34
223 225 16
250 297 112
280 306 64
309 342 173
327 346 65
344 349 35
354 389 122
359 397 186
387 395 267
399 428 241
414 454 161
420 456 158
449 459 106
464 482 213
490 525 95
508 552 248
509 536 192
539 587 98
551 590 159
553 580 78
563 567 99
571 616 259
579 592 189
597 601 10
600 620 32
627 667 21
637 653 67
645 679 198
669 670 221
687 736 270
717 732 219
721 749 132
734 742 158
748 789 299
759 797 128
770 793 206
777 785 202
803 841 3
830 867 119
843 860 131
849 896 185
866 902 43
886 931 95
901 912 71
925 960 225
952 972 99
978 1024 177
1000 1042 120
1017 1020 143
1039 1065 1
1049 1072 262
1072 1083 62
1072 1116 109
1102 1108 46
1108 1139 72
1134 1140 283
1135 1139 157
1135 1165 62
1163 1173 184
1169 1181 45
1172 1214 69
1196 1239 202
1226 1244 11
1252 1284 123
1264 1285 220
1283 1305 237
1307 1344 281
1317 1348 300
1333 1344 236
1357 1382 50
1384 1386 299
1399 1403 213
1422 1432 234
1443 1480 179
1471 1521 121
1484 1495 6
1484 1499 233
1512 1520 257
1541 1560 257
1551 1583 274
1577 1606 263
1579 1605 68
1584 1622 239
1614 1648 283
1616 1637 73
1633 1638 11
1654 1699 101
1678 1711 73
1705 1753 137
1729 1738 85
1732 1779 12
1739 1741 42
1744 1754 46
1773 1823 49
1785 1820 276
1792 1834 37
1801 1850 256
1820 1844 272
1838 1879 222
1862 1893 293
1873 1888 44
1881 1918 139
1907 1909 281
1910 1917 92
1923 1960 132
1939 1966 289
1942 1958 156
1964 2004 269
1990 2023 34
2013 2059 126
2023 2050 24
2036 2072 165
2060 2069 2
2074 2101 278
2095 2127 172
2125 2144 165
2150 2163 85
2175 2176 208
2178 2185 117
2179 2188 92
2204 2214 175
2233 2266 109
2248 2291 244
2248 2278 182
2254 2283 82
2261 2294 121
2266 2300 289
2285 2308 135
2309 2319 169
2339 2360 260
2340 2369 261
2354 2400 183
2381 2390 60
2405 2406 219
2417 2463 295
2437 2486 215
2459 2498 246
2480 2530 238
2492 2511 300
2499 2546 229
2510 2525 149
2531 2539 149
2544 2548 199
2555 2590 97
2580 2591 77
2584 2592 121
2613 2618 247
2624 2631 14
2629 2671 176
2644 2664 24
2650 2683 152
2666 2667 16
2693 2742 190
2699 2738 5
2712 2730 237
2714 2730 90
2735 2761 157
2737 2750 230
2752 2777 50
2771 2805 202
2794 2796 205
2816 2828 285
2845 2858 278
2874 2886 298
2888 2925 217
2894 2911 299
2906 2938 160
2927 2967 61
2939 2940 74
2953 2956 234
2978 2993 40
2998 3004 193
3022 3027 142
3040 3081 15
3042 3050 6
3065 3111 237
3081 3094 257
3082 3099 44
3086 3093 145
3089 3108 41
3110 3152 11
3110 3121 16
3130 3176 118
3133 3143 122
3145 3193 202
3152 3190 250
3182 3219 152
3211 3255 95
3236 3265 111
3261 3295 126
3272 3277 180
3296 3312 26
3303 3317 49
3327 3350 193
3355 3359 234
3377 3407 287
3380 3430 6
3396 3428 56
3418 3433 118
3418 3459 17
3425 3444 89
3449 3485 29
3456 3505 163
3459 3482 58
3464 3465 101
3494 3496 134
3509 3545 199
3535 3541 86
3548 3594 146
3549 3553 217
3558 3601 111
3562 3576 28
3575 3584 25
3589 3602 68
3604 3631 205
3633 3660 31
3658 3702 260
3662 3694 288
3686 3735 58
3705 3706 27
3719 3754 133
3739 3759 295
3766 3779 106
3793 3843 17
3808 3854 90
3837 3868 191
3848 3852 97
3860 3888 199
3868 3893 289
3893 3929 10
3896 3902 101
3899 3911 58
3907 3915 49
3911 3956 10
3922 3961 99
3935 3982 224
3945 3950 285
3954 3977 255
3954 3985 82
3966 4006 92
3971 3983 121
3975 4007 238
3985 4030 121
3989 4019 226
3995 4038 45
3997 4024 298
4013 4032 153
4029 4038 109
4033 4045 1
4058 4067 60
4058 4082 161
4087 4114 121
4094 4100 117
4113 4160 275
4118 4145 135
4139 4185 148
4165 4212 246
4173 4176 194
4201 4213 156
4209 4245 182
4222 4237 176
4250 4299 115
4268 4272 203
4288 4289 68
4293 4309 138
4305 4321 90
4307 4355 88
4310 4352 86
4316 4366 164
4320 4365 8
4340 4350 211
4369 4419 90
4381 4431 153
4404 4452 285
4424 4461 81
4453 4463 167
4483 4509 118
4496 4506 10
4519 4565 177
4547 4588 115
4550 4593 81
4565 4604 102
4582 4600 121
4602 4628 194
4631 4636 168
4655 4686 226
4685 4729 235
4695 4738 165
4721 4725 33
4737 4774 162
4761 4787 200
4785 4793 276
4785 4825 59
4811 4853 45
4831 4832 280
4848 4877 180
4851 4882 202
4874 4909 283
4890 4933 101
4916 4959 236
4943 4972 20
4953 5000 142
4956 4981 228
4983 5001 284
4997 5010 56
5022 5068 238
5046 5054 85
5074 5085 268
5088 5110 186
5095 5100 281
5116 5150 279
5119 5130 238
5122 5147 273
5142 5189 165
5152 5171 44
5157 5184 245
5185 5197 266
5206 5209 253
5214 5222 226
5218 5234 144
5224 5256 159
5252 5259 247
5255 5274 157
5262 5282 53
5279 5328 222
5284 5307 235
5289 5330 39
5309 5349 277
5332 5339 75
5337 5345 62
5339 5375 46
5357 5389 248
5374 5404 236
5404 5418 84
5410 5423 148
5429 5474 181
5449 5475 153
5477 5489 293
5506 5512 154
5527 5566 280
5555 5599 123
5565 5614 36
5582 5611 265
5606 5649 225
5606 5650 256
5636 5668 1
5665 5675 272
5676 5693 40
5685 5712 115
5708 5748 279
5725 5726 258
5753 5798 148
5768 5796 274
5794 5840 25
5814 5819 188
5838 5864 15
5846 5878 89
5861 5903 52
5863 5890 263
5873 5875 279
5890 5912 243
5919 5961 98
5920 5927 179
5929 5959 77
5959 5983 174
5959 5988 106
5967 5997 153
5992 6037 286
6006 6026 54
6033 6072 197
6047 6073 31
6064 6114 200
6066 6089 112
6077 6102 39
6100 6128 296
6107 6142 200
6119 6121 70
6132 6155 34
6158 6175 269
6187 6216 87
6197 6210 25
6222 6227 102
6228 6262 190
