400
16 55 155
38 43 212
68 113 51
89 105 56
109 139 206
119 148 65
142 143 3
161 165 68
179 193 174
184 187 110
205 220 248
218 251 70
223 235 50
241 250 54
257 280 25
261 287 277
285 310 286
308 318 24
338 348 124
352 387 217
367 372 164
389 413 115
419 446 77
429 452 70
444 450 297
444 475 281
447 479 44
459 491 74
478 524 77
488 515 29
507 541 265
523 564 21
532 558 21
552 596 251
566 599 5
576 599 76
588 624 25
611 615 6
639 665 209
664 702 176
691 705 23
719 723 167
732 766 229
733 755 254
737 764 274
761 770 250
785 797 209
807 824 18
813 858 42
838 875 45
849 855 296
878 910 219
905 908 268
914 936 245
914 940 206
930 975 169
952 999 33
965 967 13
967 1015 76
997 1018 163
1012 1024 21
1023 1044 57
1053 1061 75
1083 1118 41
1091 1126 291
1107 1132 177
1124 1157 121
1144 1191 120
1147 1173 114
1173 1201 216
1176 1216 170
1179 1195 110
1188 1208 266
1203 1213 32
1205 1251 233
1216 1217 212
1245 1279 203
1270 1288 170
1280 1286 240
1288 1325 21
1291 1334 101
1320 1340 152
1336 1339 292
1343 1365 171
1345 1375 94
1361 1385 281
1379 1384 31
1387 1401 76
1398 1401 173
1411 1419 232
1418 1425 130
1435 1478 214
1450 1481 258
1468 1493 69
1469 1487 153
1474 1478 200
1496 1502 276
1500 1524 213
1522 1543 125
1551 1588 61
1553 1589 298
1553 1576 250
1572 1574 57
1576 1595 117
1595 1643 195
1609 1651 41
1617 1648 200
1623 1643 15
1635 1636 30
1653 1663 74
1668 1716 261
1674 1698 57
1699 1703 110
1722 1764 217
1744 1757 22
1751 1763 203
1781 1793 248
1810 1816 145
1831 1866 241
1843 1884 157
1849 1875 256
1859 1898 289
1882 1929 124
1912 1947 223
1942 1990 233
1958 1989 293
1971 1980 7
1983 1994 128
2012 2042 85
2012 2060 140
2018 2020 176
2044 2054 237
2059 2107 7
2060 2065 256
2072 2100 165
2075 2110 161
2096 2141 145
2124 2132 210
2129 2179 4
2132 2162 57
2144 2187 218
2173 2197 76
2181 2225 153
2200 2205 195
2207 2234 214
2229 2263 121
2243 2244 224
2261 2307 206
2270 2311 263
2289 2305 224
2319 2352 107
2319 2326 237
2336 2341 196
2351 2371 260
2366 2370 163
2384 2414 256
2403 2451 256
2419 2421 99
2430 2476 154
2456 2471 248
2482 2492 221
2487 2522 173
2513 2524 50
2537 2573 80
2561 2577 124
2577 2599 192
2588 2622 69
2591 2637 137
2598 2634 246
2605 2624 259
2627 2635 13
2653 2694 219
2654 2700 42
2659 2679 221
2672 2714 230
2681 2700 287
2689 2735 19
2704 2749 157
2708 2738 150
2731 2752 205
2756 2806 92
2781 2821 279
2789 2805 168
2799 2804 47
2807 2819 97
2828 2838 151
2855 2879 246
2861 2885 261
2877 2882 153
2879 2926 224
2905 2909 184
2929 2958 217
2942 2959 249
2971 3013 251
2991 3019 152
2996 3046 185
3019 3045 288
3030 3048 258
3050 3088 126
3051 3081 150
3074 3092 142
3081 3093 42
3088 3129 225
3116 3150 8
3128 3167 240
3137 3178 40
3146 3159 274
3163 3178 191
3190 3236 193
3195 3238 2
3220 3268 21
3247 3263 7
3270 3305 90
3272 3299 242
3291 3312 20
3321 3328 65
3347 3380 62
3356 3380 39
3386 3408 123
3400 3438 92
3419 3441 59
3424 3434 259
3445 3492 199
3466 3498 28
3467 3506 88
3487 3530 136
3505 3512 99
3526 3554 55
3541 3580 166
3566 3576 275
3575 3576 185
3586 3616 34
3600 3645 61
3607 3644 266
3637 3647 219
3647 3681 56
3659 3670 262
3681 3710 130
3683 3699 151
3701 3725 243
3703 3743 125
3705 3736 186
3716 3766 63
3734 3776 135
3759 3765 23
3760 3802 175
3775 3805 284
3796 3824 163
3802 3814 270
3823 3872 85
3845 3860 285
3866 3886 262
3894 3943 257
3908 3952 47
3928 3951 112
3949 3975 248
3960 3991 4
3968 3989 169
3971 3993 116
3992 4000 81
4011 4050 36
4040 4076 223
4041 4045 204
4048 4054 43
4072 4091 131
4094 4136 263
4103 4138 110
4123 4136 89
4123 4169 245
4133 4136 156
4158 4192 82
4188 4219 127
4195 4226 134
4197 4198 185
4200 4206 10
4228 4269 117
4251 4288 86
4264 4310 180
4276 4309 121
4296 4297 271
4311 4356 45
4341 4344 155
4351 4379 58
4360 4389 109
4385 4415 218
4414 4416 109
4431 4479 129
4433 4443 289
4450 4455 170
4456 4499 265
4471 4509 190
4500 4522 137
4525 4548 269
4541 4584 253
4563 4576 292
4584 4619 213
4603 4625 205
4623 4631 35
4643 4648 190
4649 4694 276
4661 4710 159
4677 4710 58
4697 4712 259
4721 4723 200
4742 4775 143
4746 4795 300
4765 4814 283
4768 4811 152
4774 4820 43
4800 4813 59
4823 4867 13
4852 4890 88
4868 4885 168
4876 4886 154
4899 4941 111
4912 4920 168
4939 4953 249
4960 4966 80
4968 4974 28
4993 5023 95
5001 5009 58
5016 5024 66
5045 5060 32
5058 5104 69
5069 5091 19
5075 5101 273
5075 5085 265
5075 5092 57
5100 5142 181
5119 5154 284
5147 5168 160
5169 5190 123
5188 5236 285
5194 5210 192
5210 5232 210
5235 5247 259
5243 5277 148
5256 5283 228
5260 5286 4
5289 5292 41
5306 5347 119
5317 5350 225
5344 5390 115
5344 5373 105
5361 5367 266
5383 5432 96
5406 5409 154
5408 5447 144
5437 5473 272
5441 5472 209
5441 5454 66
5462 5477 280
5479 5484 259
5495 5510 18
5501 5506 81
5511 5551 181
5526 5575 213
5548 5592 108
5571 5620 102
5575 5579 288
5595 5645 11
5602 5642 67
5617 5644 169
5630 5652 143
5632 5674 39
5648 5656 273
5661 5685 269
5672 5718 32
5698 5736 62
5713 5758 266
5732 5774 142
5762 5784 65
5776 5782 296
5790 5792 104
5796 5799 293
5818 5835 219
5842 5855 258
5855 5889 71
5876 5885 123
5882 5892 5
5898 5928 46
5924 5968 252
5931 5947 66
5934 5936 153
5950 5980 3
5956 5985 170
5964 6001 103
5969 5996 44
5996 6030 243
6008 6017 155
6017 6021 20
6025 6057 49
6039 6084 118
6048 6092 290
6052 6062 170
6065 6077 5
6079 6113 161
6093 6112 153
6123 6165 193
6132 6177 206
