400
17 40 197
28 48 263
43 47 194
43 56 231
52 64 18
52 70 16
62 97 90
91 128 108
119 127 295
139 145 177
163 165 56
164 185 34
180 209 284
185 209 159
215 262 61
221 232 99
228 252 33
246 258 216
261 279 270
262 272 61
267 308 146
289 315 168
303 314 72
316 340 21
342 350 144
366 415 297
376 388 198
387 400 2
388 437 25
393 424 58
399 408 231
429 469 22
448 491 31
474 491 75
481 519 39
500 525 220
524 526 186
549 557 45
560 587 92
563 573 176
584 617 39
586 631 294
589 628 172
613 649 246
636 686 93
648 671 114
674 722 156
694 739 288
705 734 129
720 754 73
750 770 177
761 762 231
779 815 130
803 815 55
807 808 27
825 852 186
835 851 82
844 863 284
859 891 197
861 903 1
882 902 171
912 915 69
918 946 2
926 968 288
934 968 209
937 952 114
941 943 80
943 986 42
973 1001 138
995 1014 150
1011 1046 52
1031 1075 52
1050 1072 292
1066 1105 10
1077 1104 58
1079 1118 190
1086 1111 144
1086 1118 140
1116 1124 195
1119 1134 2
1133 1141 157
1139 1178 248
1157 1206 117
1165 1194 30
1193 1228 68
1218 1221 265
1227 1258 281
1249 1262 121
1261 1311 293
1275 1313 143
1278 1298 46
1306 1326 193
1325 1341 76
1333 1374 218
1343 1354 240
1368 1371 295
1384 1386 225
1394 1418 8
1406 1445 198
1420 1456 270
1440 1454 222
1448 1497 50
1452 1456 235
1481 1517 45
1497 1528 88
1507 1550 30
1522 1553 211
1535 1563 39
1542 1582 257
1559 1575 297
1582 1625 78
1612 1655 136
1617 1624 230
1639 1662 81
1647 1694 188
1672 1722 254
1698 1742 7
1724 1727 73
1731 1761 101
1735 1746 6
1752 1796 283
1756 1805 85
1756 1783 110
1771 1776 124
1798 1833 97
1811 1815 254
1830 1867 264
1833 1839 237
1857 1865 107
1873 1894 281
1898 1911 231
1914 1929 141
1944 1966 113
1950 1970 43
1974 2021 96
1986 1992 106
2015 2031 182
2026 2075 130
2047 2093 197
2051 2070 282
2074 2117 116
2096 2127 210
2117 2132 53
2142 2147 39
2172 2178 282
2202 2204 4
2206 2232 256
2213 2238 237
2230 2258 122
2244 2267 148
2253 2297 193
2266 2293 26
2295 2327 100
2325 2349 162
2332 2360 164
2332 2355 270
2337 2362 50
2344 2370 159
2370 2404 8
2383 2400 252
2397 2410 136
2417 2423 173
2418 2428 157
2435 2438 60
2444 2455 147
2465 2467 232
2465 2495 194
2483 2520 95
2505 2553 134
2521 2524 140
2542 2571 261
2570 2608 129
2598 2633 95
2617 2620 34
2638 2686 272
2655 2664 48
2660 2705 204
2680 2712 241
2709 2742 12
2724 2749 177
2742 2767 40
2768 2787 267
2775 2786 145
2793 2814 196
2808 2815 71
2821 2842 168
2846 2877 76
2850 2867 175
2851 2858 147
2861 2894 208
2861 2878 112
2877 2907 5
2899 2922 74
2920 2962 245
2924 2972 144
2924 2933 160
2932 2970 169
2960 2989 116
2962 2990 29
2971 3012 84
2981 3026 63
2988 3030 276
2995 3008 233
3019 3063 74
3026 3075 4
3028 3075 191
3045 3082 193
3064 3092 266
3094 3132 238
3103 3134 109
3117 3154 181
3136 3171 84
3138 3178 34
3167 3191 33
3179 3181 259
3205 3244 54
3223 3254 55
3244 3266 109
3251 3274 11
3274 3300 291
3280 3312 32
3293 3305 277
3311 3357 197
3330 3331 122
3351 3375 276
3358 3366 56
3386 3410 215
3392 3425 94
3402 3419 182
3419 3439 168
3448 3458 266
3468 3513 288
3476 3525 1
3505 3547 166
3505 3506 31
3509 3514 56
3514 3540 184
3527 3532 172
3536 3586 171
3560 3578 186
3582 3602 128
3584 3606 106
3605 3622 142
3610 3611 3
3626 3672 281
3641 3677 10
3670 3713 139
3696 3704 208
3717 3756 28
3743 3749 290
3758 3777 24
3774 3790 108
3792 3806 114
3818 3833 140
3830 3874 196
3830 3873 50
3851 3863 214
3852 3874 254
3879 3893 216
3897 3916 92
3914 3934 143
3923 3961 20
3942 3972 63
3958 3968 256
3969 3995 66
3974 3992 94
3976 4009 94
3990 4037 93
4017 4047 248
4023 4030 204
4038 4047 235
4041 4061 249
4052 4071 242
4078 4120 107
4079 4125 245
4104 4141 288
4113 4143 58
4136 4148 131
4158 4172 97
4177 4180 155
4178 4224 59
4179 4187 193
4192 4230 7
4212 4234 211
4219 4262 292
4224 4241 19
4250 4281 170
4279 4325 74
4282 4297 110
4304 4323 195
4331 4343 285
4334 4345 226
4339 4384 14
4341 4352 24
4361 4367 43
4370 4376 295
4395 4436 202
4396 4432 188
4412 4454 42
4428 4430 268
4429 4433 136
4433 4450 103
4462 4476 258
4467 4479 4
4485 4525 190
4508 4512 175
4527 4567 27
4533 4559 213
4535 4567 85
4550 4563 85
4579 4619 283
4596 4610 167
4613 4639 157
4634 4646 154
4664 4667 276
4683 4694 96
4703 4714 129
4709 4748 281
4721 4731 227
4742 4775 59
4755 4787 77
4766 4776 112
4790 4794 140
4797 4818 137
4822 4854 120
4842 4875 150
4871 4919 268
4891 4919 14
4918 4961 202
4923 4972 13
4936 4962 176
4960 5003 18
4983 4995 168
4986 4988 120
4987 4998 274
5002 5009 104
5031 5053 181
5034 5037 276
5049 5058 105
5064 5086 1
5069 5096 144
5082 5095 82
5083 5133 26
5087 5094 187
5106 5152 63
5115 5127 47
5128 5174 49
5153 5203 54
5164 5183 77
5187 5218 204
5193 5212 31
5221 5237 67
5233 5242 88
5247 5287 56
5251 5264 271
5278 5303 21
5291 5316 52
5317 5344 287
5342 5380 33
5359 5380 198
5389 5395 165
5389 5397 84
5412 5430 84
5432 5468 192
5447 5490 90
5463 5466 215
5485 5498 261
5487 5522 195
5487 5534 20
5511 5526 100
5521 5522 29
5548 5565 251
5562 5575 69
5569 5576 255
5579 5627 64
5588 5595 279
5589 5591 121
5610 5627 233
5636 5645 5
5653 5692 104
5661 5663 8
5673 5708 272
5702 5734 39
5711 5720 161
5739 5772 86
5766 5777 294
5790 5836 297
5803 5814 138
5804 5808 214
5808 5848 62
5825 5861 116
5843 5875 228
5861 5895 20
5863 5896 64
5883 5884 251
5888 5937 17
5895 5941 168
5915 5936 29
5945 5950 52
5970 6005 147
