400
18 20 245
21 58 243
28 43 173
35 37 163
57 65 233
85 120 215
85 134 206
89 120 276
101 147 142
131 167 186
143 166 192
173 187 76
182 204 173
199 214 260
211 243 158
236 257 279
240 248 253
266 300 235
266 305 239
275 291 14
286 307 66
306 352 158
328 349 215
352 398 140
365 404 276
385 433 157
401 440 246
415 429 229
440 472 186
451 479 47
456 470 132
458 496 251
462 510 109
484 511 196
501 545 232
523 570 177
543 576 204
570 578 49
600 628 136
630 663 123
654 693 248
665 698 188
690 727 142
702 744 185
722 726 121
741 788 231
750 778 40
763 787 193
783 803 154
805 844 219
807 833 149
824 828 83
844 893 173
861 905 262
871 885 56
901 919 156
918 921 183
942 988 88
964 1006 167
986 1029 181
998 1015 125
1028 1051 190
1058 1101 144
1084 1085 24
1114 1143 132
1137 1178 57
1153 1174 206
1174 1177 236
1201 1202 195
1224 1245 108
1248 1293 128
1266 1309 109
1291 1299 259
1297 1334 5
1327 1371 55
1330 1351 102
1331 1361 66
1341 1387 51
1346 1356 7
1348 1354 97
1373 1380 141
1401 1408 269
1406 1445 136
1423 1473 64
1453 1496 1
1466 1495 277
1493 1516 289
1521 1565 190
1540 1584 296
1556 1573 291
1582 1596 82
1601 1618 132
1631 1637 212
1631 1633 237
1661 1664 158
1685 1711 295
1696 1703 229
1702 1746 262
1727 1774 26
1755 1775 96
1762 1791 70
1770 1808 178
1783 1797 254
1810 1822 37
1821 1842 114
1847 1849 133
1860 1889 135
1879 1918 7
1889 1911 117
1896 1908 246
1914 1922 148
1934 1952 220
1943 1968 266
1964 1990 124
1982 1983 61
2006 2029 100
2030 2049 142
2059 2082 96
2073 2123 259
2073 2079 8
2086 2088 286
2098 2145 111
2113 2160 282
2131 2176 96
2137 2176 225
2155 2188 70
2167 2205 91
2179 2194 175
2207 2253 109
2230 2277 50
2250 2263 151
2257 2261 156
2281 2308 31
2311 2323 296
2315 2349 22
2335 2369 291
2341 2391 289
2348 2361 211
2377 2400 143
2385 2419 4
2398 2407 257
2403 2445 195
2425 2432 210
2430 2453 252
2460 2478 259
2481 2503 129
2500 2523 85
2510 2557 8
2516 2530 82
2519 2537 157
2545 2557 208
2556 2591 12
2561 2610 156
2562 2571 51
2581 2582 84
2593 2621 85
2613 2621 285
2631 2665 7
2639 2688 296
2647 2650 18
2669 2705 265
2679 2718 25
2694 2743 14
2710 2717 133
2713 2720 258
2738 2788 141
2767 2799 77
2788 2816 197
2788 2832 230
2816 2860 238
2836 2843 154
2855 2888 126
2857 2893 52
2868 2915 234
2871 2892 1
2874 2887 215
2888 2921 289
2904 2916 144
2904 2908 237
2934 2981 230
2936 2942 159
2951 2986 61
2966 2991 146
2987 2989 223
3012 3019 57
3034 3075 145
3063 3073 251
3073 3123 200
3103 3153 252
3126 3166 201
3153 3197 199
3165 3196 235
3188 3194 268
3218 3258 270
3228 3271 121
3232 3233 55
3260 3275 276
3286 3329 80
3304 3346 115
3329 3351 67
3347 3382 213
3376 3418 125
3403 3443 133
3409 3416 278
3439 3441 150
3457 3481 283
3464 3465 248
3493 3533 272
3507 3530 192
3508 3521 193
3526 3542 7
3529 3564 105
3530 3568 185
3559 3564 202
3573 3613 57
3576 3613 140
3584 3623 227
3601 3634 259
3627 3674 158
3631 3678 125
3660 3708 51
3680 3721 135
3689 3711 268
3704 3736 29
3712 3761 264
3712 3740 95
3724 3767 212
3740 3756 160
3742 3753 297
3745 3769 105
3747 3765 100
3766 3801 179
3768 3769 16
3792 3834 5
3793 3815 104
3805 3822 9
3830 3868 217
3844 3869 94
3857 3896 77
3862 3895 110
3872 3886 247
3889 3935 97
3903 3905 180
3923 3932 156
3941 3980 212
3959 3988 75
3962 3996 230
3976 3988 284
3981 3992 36
4011 4022 218
4011 4052 14
4026 4066 57
4037 4079 257
4043 4077 203
4052 4066 72
4082 4086 259
4095 4108 34
4116 4158 210
4137 4145 109
4161 4179 133
4178 4197 9
4184 4217 97
4204 4216 43
4218 4246 67
4225 4275 158
4254 4291 273
4280 4320 128
4299 4311 257
4315 4317 250
4322 4362 72
4337 4344 171
4357 4403 6
4369 4415 177
4383 4418 270
4409 4448 58
4411 4434 165
4411 4425 265
4435 4436 124
4464 4499 164
4468 4479 292
4471 4502 6
4489 4535 36
4517 4547 181
4518 4529 107
4542 4569 103
4559 4594 103
4564 4603 188
4580 4605 136
4590 4593 267
4605 4612 168
4606 4609 260
4607 4608 31
4629 4637 217
4640 4690 284
4666 4702 187
4678 4715 10
4682 4714 140
4685 4700 230
4702 4744 201
4719 4745 260
4731 4772 285
4749 4774 232
4757 4792 220
4784 4830 285
4793 4822 123
4814 4842 148
4832 4845 125
4835 4836 207
4849 4891 262
4853 4893 125
4861 4911 192
4880 4898 104
4881 4899 102
4897 4935 3
4901 4929 9
4925 4957 20
4925 4947 161
4928 4965 3
4948 4998 192
4966 5004 129
4981 4994 92
5001 5051 11
5029 5043 232
5045 5089 159
5047 5072 170
5048 5081 32
5053 5096 81
5072 5120 287
5073 5086 31
5076 5084 82
5084 5120 23
5088 5099 272
5100 5143 300
5121 5135 196
5135 5181 224
5142 5192 267
5154 5165 109
5163 5192 79
5188 5228 164
5199 5236 113
5213 5217 179
5228 5265 286
5248 5269 108
5249 5263 114
5249 5276 20
5254 5275 31
5271 5307 213
5287 5335 285
5315 5335 90
5322 5334 165
5345 5395 97
5366 5388 35
5389 5411 210
5411 5456 10
5435 5451 252
5446 5477 206
5453 5467 78
5480 5496 215
5492 5520 111
5501 5525 175
5514 5541 112
5544 5593 140
5561 5578 92
5566 5574 133
5584 5624 91
5606 5612 180
5620 5637 31
5643 5664 16
5660 5675 197
5684 5698 199
5689 5718 240
5705 5739 258
5726 5776 289
5750 5759 131
5770 5789 140
5779 5780 120
5804 5820 95
5825 5854 68
5841 5871 291
5863 5875 80
5870 5878 276
5890 5912 155
5899 5917 71
5902 5906 274
5923 5954 237
5933 5951 288
5937 5966 263
5944 5966 72
5973 6010 1
6000 6025 89
6013 6024 89
6027 6060 19
6042 6059 287
6053 6061 219
6075 6120 244
6085 6088 151
6115 6117 205
6139 6183 210
6164 6201 199
6170 6219 292
