400
19 29 248
44 87 113
66 77 121
76 113 6
84 106 231
105 147 76
118 125 128
146 184 77
175 225 42
205 214 182
225 263 56
232 268 293
235 248 261
244 268 136
273 280 168
278 283 246
306 326 84
322 341 62
328 372 131
356 361 43
360 403 208
385 430 34
401 449 190
426 438 297
455 499 117
477 480 233
505 517 59
517 545 86
533 563 294
537 542 115
562 584 185
570 591 54
577 619 145
584 612 44
601 643 107
604 627 106
621 644 25
644 688 169
660 661 112
689 736 187
713 719 292
734 747 151
743 753 193
772 803 273
789 836 58
789 802 1
794 805 273
803 842 232
817 855 171
827 830 247
840 864 121
859 880 61
887 907 126
895 919 272
916 921 221
920 964 190
933 955 182
954 982 291
960 991 144
977 989 294
997 1007 94
1022 1044 77
1050 1099 112
1076 1078 300
1089 1138 106
1097 1133 125
1120 1127 163
1143 1182 279
1155 1204 47
1173 1193 27
1201 1240 1
1222 1263 151
1251 1254 252
1263 1274 29
1278 1291 115
1304 1352 62
1331 1352 120
1332 1365 15
1334 1372 257
1346 1367 52
1347 1368 125
1371 1402 95
1396 1440 182
1420 1463 264
1438 1482 262
1456 1500 147
1460 1499 144
1484 1527 233
1493 1497 115
1494 1498 201
1503 1544 255
1513 1553 137
1534 1550 97
1535 1561 19
1558 1584 208
1587 1610 45
1596 1634 142
1614 1664 67
1616 1653 83
1645 1664 117
1674 1691 98
1694 1730 158
1715 1737 144
1722 1763 207
1751 1776 88
1777 1818 148
1785 1835 205
1790 1811 132
1798 1808 244
1812 1834 64
1829 1836 138
1843 1860 154
1861 1877 177
1871 1886 8
1872 1890 41
1881 1900 224
1903 1936 59
1932 1980 295
1954 1981 75
1961 1962 251
1987 2023 258
2010 2012 113
2010 2017 208
2014 2056 72
2015 2019 231
2037 2039 151
2048 2068 3
2076 2119 96
2098 2132 74
2099 2142 204
2102 2149 72
2127 2148 56
2145 2186 175
2146 2188 136
2152 2191 8
2163 2204 126
2165 2191 223
2173 2181 35
2176 2180 263
2185 2235 89
2208 2222 289
2218 2253 163
2239 2279 182
2244 2275 176
2271 2289 179
2280 2283 94
2308 2351 56
2327 2332 283
2327 2332 276
2336 2362 157
2341 2353 90
2347 2359 160
2353 2393 141
2373 2403 267
2398 2412 82
2414 2446 114
2418 2461 137
2444 2467 199
2459 2472 213
2470 2504 274
2491 2496 78
2514 2541 200
2531 2579 34
2543 2575 222
2557 2596 14
2562 2573 270
2588 2598 120
2592 2623 252
2620 2628 34
2624 2649 148
2653 2657 181
2683 2694 193
2693 2722 230
2699 2721 77
2716 2760 135
2722 2739 268
2728 2759 290
2754 2791 275
2761 2762 144
2789 2808 249
2808 2827 26
2821 2862 44
2824 2861 125
2836 2864 216
2855 2862 136
2859 2885 8
2872 2883 195
2882 2886 5
2882 2893 65
2910 2942 163
2912 2957 168
2922 2961 147
2940 2974 225
2940 2958 7
2961 2963 267
2973 2995 13
2974 2994 18
2995 3021 105
3017 3051 72
3047 3087 144
3063 3104 295
3083 3123 40
3113 3140 282
3138 3141 167
3143 3180 212
3155 3202 276
3174 3210 154
3191 3234 77
3218 3267 289
3218 3234 217
3241 3247 246
3256 3264 25
3266 3277 227
3275 3316 231
3279 3297 162
3294 3329 144
3299 3326 19
3305 3324 15
3315 3336 52
3322 3362 115
3344 3358 157
3348 3385 3
3352 3362 42
3371 3395 294
3376 3401 248
3401 3421 263
3409 3442 196
3439 3482 76
3464 3480 171
3465 3476 201
3479 3481 258
3507 3548 6
3526 3575 253
3528 3576 147
3544 3579 265
3559 3568 259
3559 3600 112
3562 3570 199
3582 3624 14
3589 3627 256
3616 3636 9
3616 3645 7
3623 3629 10
3633 3677 55
3652 3669 13
3678 3701 278
3693 3705 139
3704 3707 274
3716 3764 265
3732 3778 182
3747 3782 253
3763 3764 270
3788 3835 113
3814 3824 270
3837 3847 128
3846 3864 242
3865 3871 9
3867 3886 21
3895 3930 170
3905 3945 152
3931 3949 51
3944 3950 271
3971 3981 63
3999 4010 185
4006 4031 16
4014 4047 187
4029 4034 143
4051 4101 206
4061 4081 40
4088 4136 121
4096 4105 196
4103 4144 226
4129 4151 26
4129 4161 192
4140 4166 209
4153 4179 119
4176 4181 76
4177 4218 101
4180 4226 51
4209 4245 44
4225 4253 189
4235 4261 270
4246 4280 178
4266 4314 292
4279 4306 130
4292 4336 271
4301 4327 288
4321 4323 84
4339 4379 131
4353 4356 3
4381 4428 33
4385 4402 229
4391 4412 204
4395 4402 186
4411 4426 13
4428 4447 167
4435 4465 226
4463 4484 99
4479 4501 294
4492 4512 294
4498 4510 281
4523 4563 127
4537 4576 10
4546 4591 212
4563 4594 101
4588 4629 242
4612 4656 177
4623 4652 226
4631 4645 195
4659 4676 197
4678 4679 51
4678 4706 6
4689 4719 193
4706 4717 56
4724 4749 191
4741 4758 115
4757 4761 81
4766 4792 194
4770 4776 212
4774 4782 87
4792 4833 140
4817 4837 1
4837 4852 76
4853 4863 187
4876 4877 176
4891 4896 263
4899 4944 274
4902 4939 155
4926 4948 134
4945 4981 209
4948 4993 269
4957 4966 231
4961 4995 109
4989 5031 84
4998 5029 167
5005 5037 183
5019 5030 204
5044 5076 6
5059 5070 289
5070 5110 5
5074 5082 213
5094 5127 96
5107 5150 14
5121 5124 261
5144 5166 260
5156 5182 289
5179 5200 3
5208 5211 95
5236 5241 168
5241 5250 158
5242 5283 253
5249 5288 26
5269 5271 181
5277 5300 286
5286 5292 119
5300 5301 134
5319 5369 94
5321 5369 273
5323 5343 39
5335 5341 223
5339 5345 154
5361 5370 22
5363 5410 195
5386 5418 192
5402 5421 239
5406 5451 235
5433 5474 42
5444 5460 194
5467 5479 77
5479 5492 16
5502 5547 126
5520 5522 196
5540 5550 112
5557 5560 259
5564 5598 85
5568 5600 23
5581 5621 102
5601 5617 156
5610 5611 281
5636 5639 238
5663 5699 56
5670 5705 265
5679 5724 285
5699 5738 101
5709 5718 151
5730 5763 238
5748 5753 50
5767 5812 10
5771 5781 299
5801 5844 224
5826 5833 134
5838 5844 123
5865 5897 208
5879 5891 53
5891 5919 170
5911 5923 125
5919 5941 258
5934 5973 155
5945 5971 212
5972 6001 226
