400
24 66 73
41 77 229
44 46 120
70 78 124
84 113 208
85 106 158
110 148 271
123 161 130
153 175 139
165 205 43
182 222 172
192 198 39
221 252 62
226 232 272
234 235 20
241 246 85
243 277 212
243 259 206
262 312 143
269 297 168
277 302 283
287 337 294
306 337 98
321 351 224
342 382 177
365 373 226
392 404 199
406 424 274
423 424 276
434 443 21
434 448 198
454 490 161
454 477 223
465 482 295
478 492 285
494 500 228
513 539 4
530 577 125
534 577 56
550 556 115
551 601 228
563 601 276
583 588 1
597 606 39
622 650 166
633 660 9
640 673 40
658 685 60
668 713 76
690 738 44
697 740 39
724 763 93
724 746 122
744 757 25
768 816 74
777 778 150
794 798 230
822 849 131
850 876 148
878 901 103
879 915 8
896 899 17
897 928 1
903 907 187
926 945 265
951 981 26
972 1013 244
975 980 261
982 1011 99
1002 1043 121
1031 1057 231
1040 1081 5
1065 1097 4
1080 1095 105
1082 1126 193
1093 1136 73
1111 1116 50
1127 1172 1
1152 1167 132
1179 1187 66
1199 1200 94
1229 1234 150
1256 1269 285
1272 1306 149
1278 1299 128
1302 1317 53
1308 1321 250
1312 1348 175
1342 1362 289
1347 1358 268
1377 1425 266
1395 1434 228
1420 1443 218
1437 1450 137
1440 1471 161
1441 1454 222
1467 1504 201
1481 1523 151
1511 1558 46
1519 1531 107
1520 1524 192
1534 1535 147
1552 1591 45
1559 1585 18
1581 1616 19
1587 1615 244
1603 1627 47
1620 1621 80
1639 1646 99
1663 1671 150
1670 1711 47
1680 1727 283
1684 1731 252
1689 1737 231
1700 1742 16
1716 1718 287
1717 1765 9
1724 1765 43
1754 1804 30
1765 1773 132
1779 1821 74
1793 1807 135
1814 1857 175
1819 1861 149
1840 1866 208
1861 1889 221
1890 1935 20
1894 1900 282
1911 1914 134
1931 1962 141
1952 1957 207
1968 2012 291
1976 1982 253
1985 2027 272
2008 2040 61
2032 2079 229
2034 2045 16
2062 2102 24
2088 2135 221
2108 2118 183
2129 2161 279
2158 2162 42
2158 2204 204
2186 2231 33
2196 2206 127
2216 2243 285
2232 2237 38
2261 2296 157
2276 2295 245
2293 2310 286
2310 2340 9
2323 2343 61
2330 2356 189
2330 2366 195
2356 2405 236
2382 2402 151
2400 2402 43
2427 2437 224
2450 2480 3
2478 2516 99
2489 2537 37
2494 2527 124
2512 2515 20
2526 2564 245
2537 2581 110
2562 2612 169
2569 2579 196
2574 2583 187
2580 2618 41
2588 2604 85
2603 2621 75
2627 2632 136
2638 2683 36
2641 2655 167
2653 2694 48
2683 2696 172
2709 2730 173
2711 2729 173
2731 2776 110
2733 2770 111
2753 2772 53
2774 2815 204
2779 2810 268
2791 2812 269
2813 2839 185
2815 2864 214
2815 2840 112
2830 2848 143
2830 2864 88
2858 2872 76
2870 2879 164
2883 2901 143
2887 2915 143
2893 2905 216
2911 2914 14
2941 2975 220
2943 2952 131
2973 2988 206
2992 3037 173
3022 3041 248
3042 3087 97
3068 3115 255
3078 3125 277
3100 3135 32
3116 3165 225
3135 3181 57
3139 3155 134
3143 3153 227
3165 3188 43
3194 3196 243
3205 3232 211
3213 3260 116
3219 3264 165
3220 3248 85
3226 3227 293
3246 3278 52
3246 3252 202
3250 3256 30
3280 3323 56
3310 3314 219
3326 3357 4
3339 3361 296
3351 3354 12
3375 3408 56
3397 3426 147
3423 3453 181
3445 3485 186
3460 3489 29
3469 3479 93
3491 3532 89
3520 3556 231
3531 3569 120
3538 3563 65
3555 3557 242
3558 3586 108
3567 3598 241
3578 3591 39
3579 3591 53
3586 3631 39
3610 3616 29
3635 3679 212
3657 3658 33
3673 3697 49
3702 3707 197
3711 3734 84
3731 3756 292
3759 3785 263
3786 3803 58
3809 3842 89
3815 3832 238
3844 3879 146
3859 3886 115
3878 3883 9
3891 3938 249
3916 3965 173
3937 3965 188
3943 3965 289
3953 3985 29
3959 3986 103
3987 4014 43
4005 4021 206
4008 4056 29
4030 4072 138
4060 4063 118
4084 4089 70
4093 4120 43
4100 4120 170
4125 4165 195
4148 4159 205
4153 4163 103
4174 4185 61
4176 4218 84
4194 4214 262
4206 4233 95
4231 4240 196
4234 4283 178
4261 4287 202
4278 4328 156
4292 4293 141
4314 4319 271
4327 4359 69
4352 4396 228
4369 4408 16
4373 4380 175
4375 4390 153
4377 4415 106
4380 4391 110
4380 4407 200
4395 4440 25
4396 4439 51
4422 4429 112
4432 4452 184
4453 4461 224
4479 4503 150
4508 4530 101
4522 4551 33
4531 4579 29
4547 4587 196
4566 4594 250
4593 4629 203
4602 4616 254
4630 4679 106
4651 4657 246
4662 4712 141
4676 4696 114
4693 4731 174
4723 4767 2
4729 4739 258
4735 4781 190
4741 4776 69
4763 4802 55
4763 4775 26
4776 4802 272
4801 4821 132
4810 4823 165
4835 4863 125
4849 4871 129
4852 4871 168
4867 4905 25
4891 4925 209
4915 4961 161
4927 4946 75
4940 4950 286
4955 4970 28
4959 4998 120
4962 4980 141
4985 5010 285
4994 4996 90
5012 5055 197
5033 5059 294
5057 5058 289
5087 5128 174
5088 5092 6
5100 5126 67
5126 5170 45
5129 5159 199
5139 5171 25
5140 5159 269
5169 5171 14
5198 5221 149
5204 5227 68
5231 5245 69
5257 5297 34
5286 5303 125
5301 5351 136
5306 5336 145
5316 5359 167
5326 5343 9
5348 5356 154
5364 5386 18
5394 5399 287
5424 5471 127
5435 5437 167
5449 5481 300
5479 5485 203
5479 5480 79
5485 5510 270
5491 5521 189
5515 5559 15
5519 5521 90
5524 5546 2
5537 5582 137
5544 5555 137
5551 5590 139
5561 5605 276
5571 5580 36
5575 5586 257
5588 5592 72
5590 5637 281
5600 5602 28
5600 5620 102
5601 5639 283
5605 5642 193
5611 5652 20
5623 5628 269
5631 5656 270
5660 5696 155
5682 5688 229
5685 5734 248
5713 5754 262
5737 5769 166
5760 5761 97
5768 5785 139
5773 5802 197
5773 5816 176
5801 5825 192
5803 5807 202
5811 5859 6
5837 5872 228
5867 5886 276
5889 5915 73
5904 5950 250
5914 5945 21
5936 5958 139
5936 5960 240
5957 5994 39
5961 6002 7
5969 6011 157
5974 6010 141
5995 6016 297
