400
8 51 131
9 47 246
11 49 227
34 80 112
60 86 140
60 87 290
85 89 145
86 106 261
92 93 175
104 135 296
121 127 115
133 134 195
156 171 134
164 182 138
168 204 300
195 230 212
222 268 273
229 244 107
229 278 140
237 275 272
258 300 183
288 333 109
300 349 190
308 357 65
336 355 261
341 353 152
346 356 3
374 417 190
375 388 203
382 398 191
403 446 281
412 427 156
414 416 44
437 449 150
442 454 199
472 499 232
477 510 223
502 518 157
518 519 149
524 526 292
531 547 92
553 588 154
568 589 265
573 597 208
595 617 297
599 649 23
628 638 94
649 669 201
677 706 236
705 713 17
718 736 19
744 748 115
771 812 49
781 829 18
798 804 78
813 858 149
836 870 176
840 868 89
842 864 64
847 862 241
853 855 224
881 921 92
884 914 278
910 913 206
919 944 263
934 964 128
954 978 190
976 1003 257
985 1014 253
1010 1025 129
1018 1066 210
1031 1067 109
1044 1091 208
1055 1084 195
1057 1105 225
1068 1087 57
1090 1133 116
1110 1142 223
1140 1188 223
1148 1158 296
1148 1191 17
1152 1197 16
1162 1200 26
1162 1208 264
1175 1182 136
1186 1229 201
1192 1199 291
1208 1233 20
1213 1230 237
1239 1275 98
1246 1279 136
1274 1280 212
1288 1311 199
1312 1355 97
1313 1342 32
1324 1341 110
1341 1367 38
1353 1393 179
1358 1385 14
1364 1411 13
1370 1390 300
1387 1426 83
1402 1431 199
1411 1416 218
1421 1449 143
1425 1462 243
1451 1475 71
1462 1463 44
1481 1485 182
1481 1493 73
1510 1522 45
1529 1535 108
1546 1565 100
1567 1611 242
1577 1592 155
1592 1615 37
1595 1638 297
1622 1635 200
1627 1640 41
1628 1668 21
1650 1685 137
1654 1685 146
1658 1669 233
1658 1707 188
1671 1697 276
1697 1705 185
1699 1730 15
1715 1726 154
1734 1765 179
1764 1776 283
1764 1800 56
1784 1806 54
1797 1840 17
1815 1840 295
1835 1854 73
1855 1897 231
1881 1891 44
1888 1938 44
1911 1954 1
1920 1951 162
1946 1959 51
1957 1975 7
1983 2023 219
1998 2029 141
2010 2055 139
2017 2046 242
2034 2064 30
2061 2091 203
2071 2093 38
2092 2099 209
2121 2134 36
2143 2190 240
2144 2155 247
2162 2196 23
2163 2212 158
2178 2185 20
2200 2246 177
2202 2223 289
2224 2240 133
2230 2260 225
2251 2292 40
2278 2281 111
2307 2338 12
2327 2355 218
2357 2382 88
2372 2384 220
2380 2423 202
2406 2418 260
2417 2426 10
2432 2480 62
2445 2452 153
2461 2480 151
2479 2483 251
2482 2509 109
2493 2504 230
2496 2501 283
2500 2521 252
2519 2542 43
2520 2527 139
2533 2535 287
2545 2557 198
2570 2583 58
2570 2579 90
2599 2644 137
2606 2629 155
2612 2633 73
2631 2646 37
2641 2672 32
2667 2713 44
2694 2698 4
2704 2738 64
2715 2765 74
2743 2761 48
2743 2768 220
2747 2753 71
2748 2788 189
2771 2813 259
2791 2833 226
2793 2800 282
2804 2834 50
2832 2871 77
2845 2857 22
2859 2893 30
2871 2889 164
2893 2943 234
2906 2946 282
2917 2931 216
2922 2947 9
2940 2962 201
2940 2971 204
2957 2998 64
2964 2996 174
2986 2995 188
3000 3034 293
3013 3035 62
3039 3082 11
3050 3061 11
3062 3094 174
3085 3122 16
3113 3120 228
3127 3149 219
3145 3162 256
3153 3181 105
3175 3177 144
3204 3234 45
3225 3260 156
3229 3264 36
3244 3265 218
3267 3313 17
3281 3313 91
3311 3317 245
3324 3347 186
3345 3349 114
3367 3371 168
3394 3409 95
3410 3418 87
3413 3455 171
3426 3439 186
3429 3443 256
3430 3454 287
3448 3449 83
3458 3476 130
3487 3498 97
3511 3536 289
3537 3555 299
3564 3608 82
3575 3603 243
3597 3632 50
3625 3641 212
3629 3671 8
3641 3643 138
3669 3719 244
3685 3732 105
3698 3705 214
3706 3711 30
3726 3764 29
3735 3747 178
3760 3768 211
3781 3824 267
3786 3789 80
3807 3819 243
3827 3841 272
3846 3892 230
3876 3926 91
3905 3908 111
3927 3947 86
3941 3980 247
3955 3992 282
3977 4026 32
3992 3997 248
4013 4016 94
4034 4074 282
4039 4065 27
4067 4068 69
4069 4083 35
4085 4089 259
4104 4146 136
4122 4166 138
4125 4148 46
4148 4175 136
4149 4176 127
4154 4157 197
4182 4231 95
4212 4259 185
4212 4217 86
4227 4261 261
4250 4253 235
4269 4284 29
4275 4281 76
4276 4284 261
4278 4315 234
4308 4348 2
4312 4358 191
4328 4378 235
4338 4369 183
4361 4388 288
4379 4387 206
4401 4444 132
4416 4438 18
4423 4462 207
4430 4472 53
4455 4504 235
4458 4497 266
4464 4496 263
4479 4504 41
4509 4536 174
4530 4565 163
4545 4587 144
4568 4609 250
4570 4583 59
4598 4635 45
4612 4639 31
4633 4649 83
4641 4651 64
4658 4685 192
4670 4695 257
4675 4692 224
4693 4734 37
4715 4749 97
4739 4752 21
4746 4769 259
4761 4805 213
4781 4790 30
4800 4839 148
4813 4817 220
4832 4866 296
4848 4872 46
4854 4884 25
4857 4867 247
4857 4858 21
4865 4885 113
4873 4875 148
4891 4911 67
4920 4966 60
4921 4935 90
4925 4963 12
4931 4963 204
4946 4966 262
4971 5011 80
4995 5024 207
5019 5061 48
5048 5095 98
5069 5095 69
5096 5111 169
5096 5106 196
5126 5175 149
5130 5143 16
5158 5166 199
5186 5233 77
5195 5235 145
5209 5259 250
5234 5237 182
5235 5260 212
5247 5258 24
5264 5301 59
5265 5290 290
5274 5290 178
5297 5305 124
5326 5358 258
5340 5346 211
5363 5395 146
5387 5396 258
5399 5447 12
5411 5457 136
5434 5472 254
5449 5473 254
5470 5516 62
5480 5493 10
5483 5497 277
5509 5516 132
5535 5572 283
5557 5579 5
5584 5589 201
5612 5654 220
5642 5646 4
5652 5681 256
5672 5694 230
5684 5703 184
5688 5690 43
5717 5739 172
5742 5790 46
5760 5802 227
5767 5815 60
5793 5794 52
5816 5834 197
5825 5848 86
5844 5877 77
5856 5882 79
5882 5901 257
5891 5929 219
5916 5963 24
5927 5957 294
5945 5970 259
5960 6003 253
5967 5968 267
5981 6020 289
6002 6006 250
6028 6049 135
6056 6064 86
6071 6117 242
