400
20 46 51
47 97 165
69 86 127
94 133 295
103 113 93
111 140 197
124 173 185
141 183 265
164 188 198
180 222 294
196 222 28
218 242 127
238 284 259
255 298 192
262 312 233
265 310 18
273 277 191
298 339 281
309 335 53
314 328 67
315 357 12
331 344 101
361 385 61
368 376 44
385 433 152
398 431 284
410 426 185
435 480 174
448 470 186
453 482 85
476 514 30
503 523 20
508 539 1
512 528 75
520 547 167
546 548 152
555 569 124
558 608 111
558 584 47
565 593 270
580 596 57
588 632 120
601 633 250
617 650 59
641 674 198
643 681 217
673 713 51
677 704 159
685 721 128
704 737 161
720 766 73
747 757 16
772 778 57
802 818 167
827 869 217
839 840 103
867 879 64
883 892 96
885 934 194
910 937 155
931 978 268
947 949 90
963 1000 242
963 969 225
973 975 159
995 996 84
1003 1031 177
1016 1024 239
1044 1059 122
1055 1100 43
1070 1079 81
1082 1115 8
1098 1145 288
1111 1112 279
1131 1132 116
1147 1151 122
1159 1166 189
1165 1179 84
1182 1186 17
1196 1206 213
1201 1247 184
1203 1241 148
1224 1232 188
1233 1260 77
1255 1271 117
1282 1299 244
1284 1313 23
1294 1302 292
1314 1322 252
1319 1347 79
1322 1357 130
1327 1353 207
1332 1373 29
1351 1390 123
1363 1367 25
1383 1433 285
1403 1434 23
1422 1451 176
1436 1465 159
1443 1457 213
1472 1516 225
1497 1545 77
1512 1546 203
1530 1548 140
1531 1532 141
1540 1547 45
1547 1564 34
1569 1603 9
1569 1576 189
1577 1587 217
1587 1602 197
1604 1648 280
1622 1649 9
1632 1678 108
1660 1674 136
1669 1670 195
1691 1710 5
1716 1741 118
1732 1774 196
1747 1760 144
1769 1774 23
1788 1792 129
1813 1853 191
1817 1846 48
1820 1847 120
1821 1848 141
1824 1852 274
1853 1875 56
1882 1906 47
1900 1942 193
1923 1941 87
1933 1975 184
1933 1981 274
1945 1981 120
1946 1952 254
1975 2024 294
1981 2014 142
2003 2013 261
2026 2046 211
2043 2083 107
2050 2066 289
2054 2060 34
2059 2090 285
2079 2090 77
2106 2133 156
2106 2154 140
2116 2158 227
2142 2147 251
2158 2162 4
2181 2227 7
2208 2215 94
2209 2247 69
2223 2231 76
2225 2270 107
2231 2236 260
2234 2276 228
2240 2282 155
2246 2292 197
2259 2302 294
2283 2304 210
2300 2301 175
2320 2332 106
2349 2350 253
2354 2379 20
2363 2367 104
2386 2414 82
2391 2421 123
2410 2441 93
2432 2473 113
2461 2508 151
2468 2516 195
2482 2492 158
2493 2500 122
2495 2542 179
2517 2530 258
2521 2557 180
2523 2538 287
2535 2551 300
2543 2554 217
2550 2584 63
2564 2608 213
2585 2617 70
2611 2616 101
2639 2672 19
2643 2649 34
2647 2665 69
2671 2704 219
2699 2721 143
2722 2728 71
2736 2785 64
2765 2768 172
2786 2823 65
2806 2812 10
2828 2842 288
2843 2861 27
2868 2906 266
2872 2891 124
2889 2901 13
2904 2905 215
2929 2956 96
2946 2964 57
2965 2995 172
2978 3005 270
2990 3039 8
3018 3028 187
3020 3047 4
3026 3057 41
3044 3046 282
3063 3100 170
3086 3087 55
3087 3130 52
3111 3114 265
3138 3183 264
3145 3178 124
3152 3194 243
3182 3230 217
3192 3207 198
3221 3271 162
3239 3248 215
3249 3262 57
3259 3305 95
3288 3324 149
3306 3354 27
3315 3360 87
3317 3318 242
3332 3374 283
3335 3354 191
3337 3366 238
3349 3389 223
3361 3389 234
3361 3399 30
3381 3414 257
3411 3428 201
3423 3433 12
3433 3472 277
3461 3500 231
3471 3515 253
3486 3507 116
3489 3503 244
3503 3536 194
3519 3544 242
3543 3585 28
3557 3561 92
3586 3625 196
3603 3643 140
3626 3628 56
3637 3641 53
3656 3698 111
3675 3715 212
3700 3733 175
3728 3731 173
3745 3789 226
3768 3805 179
3795 3836 175
3797 3801 57
3797 3801 130
3822 3835 80
3833 3869 62
3846 3885 59
3876 3908 126
3903 3943 114
3921 3945 263
3927 3969 54
3953 4003 29
3954 3984 185
3980 4002 158
3982 3995 191
4004 4008 238
4009 4031 289
4009 4046 206
4023 4051 108
4030 4058 195
4059 4074 216
4075 4122 42
4092 4131 129
4106 4111 154
4136 4149 87
4165 4187 106
4172 4213 31
4182 4227 200
4187 4231 78
4191 4203 217
4214 4231 111
4220 4269 98
4221 4259 126
4240 4263 136
4260 4294 150
4269 4274 243
4272 4311 130
4298 4330 22
4311 4356 287
4329 4330 64
4343 4346 111
4358 4385 113
4370 4397 65
4396 4440 251
4413 4435 201
4432 4480 229
4432 4435 94
4440 4455 235
4465 4512 101
4476 4480 119
4485 4514 10
4508 4509 107
4516 4537 36
4546 4573 89
4561 4577 36
4573 4620 12
4603 4642 93
4632 4653 87
4661 4701 116
4676 4704 205
4682 4704 73
4695 4745 294
4719 4747 232
4739 4763 267
4750 4791 287
4778 4805 103
4802 4804 86
4820 4854 80
4834 4861 244
4855 4893 47
4857 4872 237
4872 4902 203
4895 4935 25
4907 4925 163
4931 4957 104
4950 4951 289
4959 4991 143
4973 5023 296
4985 4990 294
5015 5032 158
5041 5061 278
5055 5088 288
5064 5074 249
5071 5084 225
5094 5098 43
5102 5132 21
5108 5112 235
5115 5134 204
5123 5152 248
5136 5172 29
5144 5184 183
5155 5205 44
5159 5174 129
5187 5214 168
5211 5227 77
5215 5220 111
5242 5263 195
5256 5277 14
5266 5292 10
5282 5299 43
5303 5325 210
5333 5351 120
5343 5357 26
5368 5384 272
5386 5402 31
5410 5453 276
5421 5459 163
5426 5471 270
5445 5480 118
5467 5510 164
5496 5510 40
5504 5517 122
5505 5541 83
5522 5558 266
5535 5561 263
5546 5555 20
5576 5596 27
5597 5621 218
5621 5652 200
5650 5699 284
5675 5693 269
5689 5716 298
5696 5730 283
5710 5748 228
5711 5724 73
5729 5753 133
5741 5747 288
5771 5811 21
5772 5818 58
5774 5784 214
5789 5807 211
5801 5816 202
5826 5853 286
5828 5829 197
5829 5830 73
5850 5863 51
5864 5890 74
5885 5892 250
5888 5914 27
5889 5901 176
5910 5957 98
5920 5942 101
5928 5939 290
5957 5961 85
5970 5979 115
5978 5999 41
5992 6012 63
6000 6036 53
