400
8 18 36
12 44 188
21 36 275
31 41 245
54 59 235
59 97 61
61 71 171
62 89 177
73 105 257
87 96 213
106 134 61
111 150 85
137 163 180
156 166 257
168 213 121
188 215 206
208 230 2
226 260 62
226 275 42
255 278 230
265 296 133
267 314 212
267 305 6
272 290 90
284 320 278
314 351 153
334 379 275
357 391 12
379 389 205
393 415 37
410 415 61
417 465 231
420 459 268
432 472 79
444 450 236
462 474 280
462 472 224
480 507 272
499 513 102
523 538 117
524 539 64
546 558 197
566 610 35
579 599 22
597 612 50
597 634 72
604 611 208
618 635 25
631 663 62
652 702 93
658 664 153
688 727 128
713 728 192
743 786 131
747 761 196
757 760 164
763 766 199
791 793 193
809 856 266
835 838 217
844 880 245
867 902 257
881 910 92
881 902 130
887 929 113
895 925 183
914 951 239
930 931 274
960 979 204
961 997 202
978 999 193
990 996 63
1000 1043 285
1023 1048 226
1028 1032 41
1033 1045 253
1051 1082 85
1056 1074 247
1078 1097 155
1085 1111 295
1113 1144 177
1122 1168 81
1140 1162 181
1140 1187 93
1151 1169 291
1181 1226 170
1203 1249 283
1220 1266 244
1237 1279 280
1265 1313 71
1284 1290 50
1314 1344 267
1336 1341 265
1344 1346 51
1357 1399 274
1374 1411 227
1397 1418 174
1414 1458 223
1428 1457 73
1431 1454 278
1459 1484 185
1489 1495 108
1497 1523 138
1514 1546 217
1521 1564 132
1541 1571 235
1551 1586 196
1555 1560 262
1574 1621 211
1574 1588 294
1584 1613 44
1602 1646 67
1631 1669 219
1647 1680 40
1650 1684 85
1664 1686 196
1664 1686 36
1686 1696 104
1699 1730 19
1723 1771 18
1752 1793 274
1780 1783 80
1802 1821 300
1826 1843 263
1844 1872 35
1865 1900 142
1873 1881 227
1895 1896 229
1900 1944 128
1908 1909 162
1936 1978 215
1956 1984 26
1977 2006 6
1991 2010 236
2007 2049 291
2032 2081 221
2049 2098 287
2054 2098 19
2080 2123 246
2085 2128 174
2096 2129 145
2096 2122 205
2115 2119 111
2115 2116 2
2133 2182 106
2154 2196 6
2181 2219 111
2209 2230 89
2237 2277 91
2258 2285 113
2258 2268 152
2282 2328 9
2292 2312 171
2298 2337 44
2311 2335 200
2337 2351 162
2352 2378 112
2378 2404 84
2408 2451 37
2433 2434 204
2456 2462 131
2459 2475 141
2484 2534 151
2504 2554 52
2531 2534 243
2556 2601 75
2566 2593 59
2589 2612 75
2609 2645 299
2615 2631 261
2627 2654 249
2639 2649 281
2639 2649 82
2666 2690 231
2675 2679 10
2702 2732 28
2728 2743 82
2733 2770 40
2758 2793 279
2758 2807 105
2781 2803 275
2811 2854 256
2834 2844 232
2842 2867 195
2869 2886 243
2876 2919 130
2906 2956 101
2926 2942 266
2930 2934 10
2934 2965 75
2949 2992 135
2962 2971 244
2965 2974 254
2972 3000 208
2989 3023 100
2990 3031 110
3018 3048 155
3019 3069 242
3021 3051 151
3041 3082 42
3045 3085 172
3060 3074 93
3080 3129 172
3099 3106 41
3127 3167 192
3135 3147 140
3136 3141 146
3139 3172 11
3162 3193 249
3192 3226 176
3203 3238 176
3229 3246 55
3233 3282 204
3261 3299 274
3266 3302 88
3293 3323 222
3317 3320 151
3346 3383 188
3370 3411 283
3370 3400 101
3370 3390 31
3374 3424 192
3402 3431 284
3411 3421 293
3411 3454 47
3424 3452 168
3432 3434 171
3446 3469 140
3452 3500 136
3461 3490 286
3467 3468 265
3482 3504 288
3484 3530 155
3503 3524 244
3508 3545 224
3521 3526 107
3530 3544 162
3536 3582 284
3550 3582 285
3558 3605 42
3581 3585 176
3602 3623 279
3620 3665 278
3648 3669 210
3653 3663 68
3664 3679 122
3686 3716 194
3687 3732 262
3693 3729 247
3702 3725 192
3703 3751 121
3718 3750 257
3739 3785 225
3746 3782 40
3751 3799 80
3775 3800 288
3794 3842 176
3808 3858 253
3810 3812 49
3837 3844 230
3867 3908 265
3867 3906 2
3887 3892 21
3890 3916 39
3920 3945 248
3943 3986 289
3956 3985 141
3979 4022 144
3992 4036 46
3999 4026 141
4018 4065 267
4022 4065 219
4041 4056 31
4062 4080 63
4067 4095 206
4083 4130 148
4105 4106 188
4129 4176 3
4140 4176 267
4157 4162 112
4157 4179 68
4184 4218 138
4185 4225 44
4191 4208 206
4219 4246 158
4220 4252 30
4230 4277 152
4239 4276 278
4250 4276 28
4278 4321 246
4296 4308 19
4307 4347 146
4317 4345 69
4320 4329 98
4349 4390 139
4362 4366 69
4373 4401 248
4376 4377 88
4383 4417 144
4401 4443 219
4404 4438 57
4419 4440 51
4435 4471 290
4452 4469 142
4482 4510 60
4499 4537 120
4512 4519 37
4533 4572 205
4561 4609 73
4575 4587 8
4605 4630 4
4633 4655 284
4653 4670 42
4674 4709 18
4702 4747 271
4705 4750 259
4728 4739 116
4750 4770 91
4750 4790 213
4751 4768 76
4771 4797 180
4795 4832 144
4800 4829 181
4824 4825 223
4852 4899 31
4880 4925 191
4905 4923 7
4923 4957 155
4925 4962 258
4944 4975 256
4971 4973 186
4980 4982 110
5004 5013 193
5021 5056 126
5024 5063 4
5034 5074 36
5050 5067 229
5060 5098 63
5066 5082 234
5074 5091 118
5074 5116 154
5100 5132 34
5111 5124 65
5140 5185 37
5163 5180 39
5193 5231 155
5204 5225 266
5211 5225 44
5212 5234 285
5214 5231 164
5217 5242 172
5234 5274 15
5242 5280 230
5248 5277 31
5275 5299 168
5276 5326 128
5287 5328 112
5307 5318 223
5311 5318 120
5329 5337 149
5358 5402 49
5379 5398 271
5396 5405 222
5403 5445 109
5431 5449 242
5435 5447 281
5463 5476 10
5469 5501 62
5488 5528 8
5488 5495 22
5496 5542 42
5521 5535 247
5526 5542 59
5543 5582 278
5562 5574 81
5574 5607 285
5593 5609 157
5616 5639 170
5642 5660 111
5659 5708 17
5682 5724 112
5699 5707 73
5727 5740 193
5745 5782 130
5749 5778 198
5768 5790 87
5770 5818 49
5792 5801 87
5795 5815 72
5819 5855 161
5844 5883 123
5851 5895 84
5855 5872 61
5874 5900 7
5878 5920 169
5893 5915 140
5913 5931 66
5943 5946 173
5943 5976 67
5961 5989 187
