400
21 65 121
21 22 291
39 70 273
42 58 193
51 95 86
73 108 248
93 138 123
104 142 274
116 125 68
128 139 286
128 145 117
149 176 128
168 211 11
197 228 132
200 206 100
217 267 258
228 244 130
241 259 51
251 274 238
261 264 161
270 303 294
294 309 134
297 299 75
327 369 150
328 342 99
337 351 195
344 364 258
350 396 155
365 366 190
388 418 68
403 448 195
418 446 157
428 464 128
448 480 204
477 494 235
489 490 128
493 534 89
508 509 5
520 523 44
522 554 300
530 564 264
558 595 105
568 576 4
592 593 144
615 647 289
628 677 22
650 676 72
679 698 222
689 716 3
693 727 284
718 721 244
743 785 242
749 769 283
750 780 5
764 807 220
769 814 245
793 842 3
798 820 184
811 851 160
818 856 128
821 865 43
850 855 281
870 902 211
890 935 295
914 915 205
921 969 67
931 942 209
931 951 240
961 967 22
979 997 241
1006 1041 200
1006 1019 225
1012 1056 248
1012 1013 1
1016 1042 163
1024 1049 16
1039 1062 254
1064 1090 123
1068 1102 43
1073 1117 144
1082 1105 158
1105 1155 188
1129 1136 285
1147 1182 117
1175 1215 274
1179 1194 31
1208 1254 198
1224 1236 62
1229 1274 162
1249 1258 23
1268 1285 89
1294 1325 36
1303 1311 128
1322 1335 70
1322 1358 66
1339 1365 74
1358 1381 157
1384 1426 159
1400 1417 141
1413 1422 18
1430 1468 154
1434 1474 71
1462 1467 261
1483 1488 240
1483 1525 283
1512 1524 181
1533 1545 271
1545 1561 202
1556 1565 231
1578 1623 254
1595 1603 70
1623 1655 296
1636 1659 205
1648 1655 191
1662 1707 159
1691 1733 280
1717 1720 3
1726 1772 112
1728 1772 10
1733 1737 132
1734 1752 102
1745 1757 20
1762 1796 33
1783 1818 82
1802 1820 121
1828 1844 262
1834 1856 245
1843 1888 257
1857 1894 114
1869 1916 200
1886 1896 280
1909 1935 282
1919 1963 93
1936 1980 23
1941 1988 104
1956 1986 173
1986 1998 153
2006 2032 75
2006 2030 72
2010 2043 61
2028 2062 265
2042 2044 16
2061 2085 210
2075 2112 246
2105 2155 279
2107 2151 298
2110 2156 125
2132 2155 117
2162 2178 155
2173 2184 1
2192 2226 54
2219 2268 279
2241 2247 129
2260 2277 89
2269 2319 297
2289 2307 104
2293 2332 32
2295 2323 288
2298 2330 24
2320 2353 210
2341 2352 112
2355 2379 146
2360 2384 277
2383 2416 85
2401 2432 56
2414 2426 17
2421 2469 161
2438 2459 234
2466 2503 240
2488 2514 83
2515 2542 166
2538 2559 264
2542 2568 250
2557 2599 231
2571 2599 200
2600 2607 260
2616 2654 292
2633 2648 38
2649 2687 256
2653 2683 281
2661 2700 109
2685 2688 260
2701 2725 239
2731 2752 99
2756 2799 4
2758 2770 63
2787 2802 154
2803 2832 13
2829 2876 267
2846 2895 238
2850 2884 281
2867 2908 107
2896 2902 75
2921 2931 194
2943 2986 107
2960 2982 71
2986 2997 81
2988 2999 276
3016 3024 155
3028 3067 273
3057 3077 127
3077 3125 238
3090 3094 42
3117 3144 88
3127 3158 44
3146 3157 285
3172 3199 240
3178 3205 175
3188 3194 166
3213 3241 18
3241 3260 56
3251 3297 38
3270 3307 280
3295 3339 202
3316 3343 63
3318 3321 211
3338 3354 239
3364 3402 116
3386 3414 131
3387 3405 99
3412 3442 146
3437 3477 238
3452 3481 99
3458 3472 17
3478 3503 82
3499 3503 42
3528 3572 39
3556 3562 74
3574 3607 205
3590 3612 294
3610 3626 278
3627 3645 182
3653 3667 240
3673 3678 135
3698 3712 270
3710 3720 104
3738 3744 131
3753 3771 269
3778 3816 283
3797 3811 8
3810 3855 113
3825 3838 29
3840 3873 246
3843 3882 207
3862 3869 123
3891 3936 151
3915 3931 159
3920 3954 21
3946 3971 108
3964 4004 82
3985 3986 281
4015 4027 3
4016 4049 256
4028 4076 14
4052 4071 64
4076 4098 291
4097 4146 173
4121 4158 1
4139 4189 170
4146 4177 286
4146 4174 129
4150 4153 35
4150 4200 50
4164 4179 288
4165 4206 206
4165 4212 296
4185 4207 53
4189 4221 209
4217 4240 202
4242 4264 44
4254 4285 197
4283 4291 258
4308 4321 232
4328 4370 214
4352 4385 157
4368 4383 234
4380 4424 192
4382 4403 172
4408 4419 156
4432 4457 27
4454 4487 69
4454 4475 100
4468 4495 166
4469 4494 255
4489 4528 120
4496 4498 48
4512 4562 46
4532 4575 274
4537 4569 132
4537 4576 96
4551 4579 292
4559 4587 203
4560 4587 272
4587 4604 219
4589 4630 17
4614 4631 230
4638 4679 6
4663 4700 145
4682 4718 201
4708 4723 8
4713 4731 178
4734 4768 292
4745 4780 13
4747 4767 296
4773 4798 92
4784 4818 1
4786 4795 256
4794 4799 128
4811 4819 129
4833 4851 41
4853 4869 85
4856 4891 96
4856 4883 153
4885 4890 201
4907 4932 252
4924 4932 89
4942 4971 153
4944 4977 216
4949 4977 1
4958 4976 77
4982 4994 146
4987 5000 297
5000 5021 280
5002 5038 165
5008 5019 111
5009 5029 149
5018 5036 218
5040 5054 140
5057 5083 130
5061 5093 171
5079 5110 253
5098 5118 184
5121 5147 122
5130 5147 278
5139 5142 267
5167 5182 115
5167 5202 24
5178 5197 287
5196 5221 182
5214 5215 217
5229 5231 51
5257 5307 141
5269 5286 143
5273 5281 11
5279 5321 92
5294 5331 67
5300 5348 253
5300 5315 126
5326 5344 285
5354 5402 296
5375 5392 239
5389 5432 251
5399 5430 185
5404 5446 195
5433 5459 217
5444 5470 85
5459 5480 185
5489 5512 20
5491 5495 83
5518 5523 203
5524 5545 225
5525 5562 43
5551 5575 120
5560 5591 147
5586 5594 193
5611 5652 36
5627 5672 292
5634 5651 111
5652 5684 287
5670 5709 40
5692 5741 11
5719 5754 248
5720 5726 22
5736 5763 182
5759 5783 256
5772 5821 267
5772 5786 34
5780 5799 63
5800 5801 226
5803 5806 77
5808 5841 165
5823 5864 280
5846 5870 253
5875 5918 97
5883 5888 83
5898 5907 252
5914 5922 213
5941 5951 192
5969 5987 173
5997 6024 279
6012 6039 259
6013 6036 172
6034 6052 143
6058 6105 196
6061 6095 220
6081 6082 137
6082 6105 114
6084 6127 139
6104 6117 110
6109 6113 57
