400
4 29 259
10 47 295
14 42 72
44 61 244
72 95 258
77 102 187
85 115 82
105 145 295
105 114 117
116 161 25
131 166 211
152 161 107
170 203 59
198 246 30
214 216 28
233 245 151
257 278 103
267 299 218
275 322 67
280 284 55
280 287 139
294 328 255
320 366 162
331 362 201
351 374 81
367 375 126
381 404 14
397 417 172
415 464 99
425 456 273
431 475 262
434 458 43
447 456 269
471 490 127
497 502 120
497 541 44
501 532 174
510 549 86
530 562 285
558 571 6
575 582 299
590 593 41
607 654 291
620 627 244
641 676 197
657 692 95
661 681 247
675 717 108
694 737 168
701 721 238
719 738 128
741 771 209
769 781 279
771 799 202
795 821 219
808 855 17
836 864 297
848 890 263
874 886 156
904 912 78
933 960 231
943 946 6
943 957 132
955 967 161
983 1027 300
996 1040 62
997 1033 89
998 1010 290
1017 1063 195
1020 1052 216
1037 1058 295
1056 1089 73
1080 1123 14
1082 1122 87
1103 1108 44
1128 1142 54
1157 1198 248
1170 1196 136
1199 1249 59
1209 1239 63
1221 1270 284
1250 1288 114
1267 1280 262
1267 1285 170
1278 1303 115
1296 1340 124
1319 1323 166
1325 1327 132
1355 1398 122
1372 1400 151
1385 1402 72
1412 1425 108
1435 1465 248
1448 1464 281
1466 1508 46
1486 1513 201
1503 1518 225
1507 1529 78
1523 1542 181
1552 1584 204
1559 1591 263
1565 1602 125
1578 1621 33
1592 1626 100
1611 1635 250
1616 1657 182
1643 1673 79
1672 1693 247
1700 1742 230
1719 1734 280
1733 1774 20
1746 1782 112
1758 1763 10
1783 1794 233
1796 1821 211
1823 1871 174
1829 1833 74
1848 1896 286
1855 1902 224
1862 1898 288
1888 1911 116
1898 1914 52
1922 1944 183
1948 1985 263
1969 1973 290
1991 2009 132
2021 2064 2
2040 2041 189
2068 2105 170
2076 2123 160
2087 2133 153
2092 2132 20
2099 2113 4
2111 2123 202
2122 2154 8
2138 2173 263
2156 2200 38
2163 2174 142
2186 2209 298
2208 2230 54
2214 2236 160
2240 2283 106
2257 2270 107
2285 2301 259
2291 2297 290
2316 2320 121
2336 2386 234
2354 2357 118
2363 2402 17
2374 2398 137
2400 2413 116
2400 2438 158
2425 2443 74
2445 2453 42
2457 2475 15
2484 2502 111
2491 2519 48
2497 2533 6
2514 2556 72
2542 2550 159
2567 2577 50
2576 2625 236
2585 2622 251
2615 2644 55
2615 2657 148
2623 2672 16
2635 2681 299
2655 2672 277
2677 2698 176
2696 2713 210
2718 2726 49
2745 2766 274
2746 2779 111
2748 2776 145
2768 2770 61
2768 2798 295
2775 2803 44
2801 2841 12
2817 2842 281
2819 2825 138
2842 2858 121
2856 2902 51
2878 2885 238
2883 2907 12
2891 2909 215
2914 2933 172
2938 2978 39
2954 2957 104
2969 2995 150
2999 3041 57
3019 3067 289
3030 3067 265
3060 3096 122
3065 3084 27
3093 3129 293
3120 3145 275
3125 3143 52
3138 3143 247
3142 3152 2
3172 3198 30
3184 3222 131
3190 3198 244
3194 3203 133
3214 3236 47
3239 3261 243
3258 3292 106
3277 3281 140
3293 3299 289
3298 3335 149
3309 3358 155
3337 3383 265
3338 3384 36
3354 3356 7
3384 3392 266
3399 3433 275
3426 3436 94
3443 3447 69
3473 3480 178
3478 3517 161
3482 3489 51
3496 3504 173
3500 3523 210
3524 3568 39
3531 3545 151
3538 3571 173
3557 3591 275
3559 3561 201
3560 3564 145
3586 3622 61
3605 3633 52
3628 3665 268
3653 3684 157
3678 3719 128
3694 3732 128
3714 3717 117
3739 3751 116
3750 3764 114
3769 3807 164
3772 3796 257
3774 3823 28
3789 3816 37
3791 3840 126
3816 3856 30
3818 3849 144
3843 3881 6
3847 3872 223
3848 3881 179
3849 3865 149
3854 3903 194
3864 3895 210
3881 3924 190
3907 3937 36
3930 3980 195
3956 3957 103
3968 3974 231
3973 4019 44
3981 3984 167
4001 4020 99
4020 4025 238
4032 4048 295
4053 4102 50
4068 4078 85
4084 4116 284
4084 4100 161
4094 4123 121
4105 4154 274
4123 4143 153
4150 4171 176
4156 4189 186
4177 4209 192
4201 4203 105
4226 4245 39
4238 4249 58
4261 4300 241
4288 4298 176
4306 4318 273
4316 4354 156
4342 4363 290
4344 4381 217
4349 4392 3
4354 4382 225
4373 4423 265
4395 4416 261
4416 4455 1
4435 4464 40
4460 4484 159
4484 4509 267
4503 4505 58
4521 4551 135
4546 4553 229
4549 4556 285
4572 4594 234
4594 4633 61
4600 4632 269
4617 4618 293
4642 4668 82
4652 4662 248
4667 4670 66
4672 4710 222
4682 4709 140
4689 4705 284
4703 4727 199
4733 4736 53
4749 4767 208
4755 4774 71
4770 4809 32
4800 4844 183
4824 4830 206
4834 4879 111
4860 4897 30
4876 4902 220
4901 4944 197
4905 4928 297
4917 4951 202
4925 4963 241
4953 4958 99
4977 4978 5
5000 5006 170
5005 5026 193
5018 5060 77
5038 5049 262
5041 5053 252
5068 5105 54
5093 5107 120
5113 5139 299
5135 5174 65
5161 5173 70
5186 5189 192
5198 5223 262
5202 5244 149
5219 5226 190
5224 5225 202
5243 5273 14
5249 5289 15
5260 5266 189
5280 5315 15
5294 5326 73
5314 5329 252
5330 5364 278
5331 5358 2
5349 5383 151
5370 5398 45
5371 5375 95
5380 5409 202
5393 5410 119
5393 5414 183
5408 5448 111
5437 5438 162
5449 5457 196
5467 5472 98
5476 5489 112
5477 5523 286
5491 5528 211
5517 5555 156
5546 5548 3
5558 5567 94
5582 5629 27
5590 5621 295
5596 5626 93
5626 5668 258
5637 5658 5
5644 5693 220
5652 5658 239
5656 5680 18
5665 5705 273
5677 5716 196
5703 5710 209
5711 5736 162
5724 5761 180
5731 5749 84
5736 5742 186
5752 5753 249
5769 5819 41
5784 5814 278
5797 5812 81
5818 5832 220
5836 5880 285
5838 5880 95
5868 5901 136
5891 5893 130
5892 5941 80
5915 5940 133
5927 5976 276
5938 5964 235
5947 5958 73
5958 5986 195
5976 5997 29
5996 6020 210
6006 6024 150
6035 6069 116
6055 6090 104
6079 6084 10
6100 6130 221
6113 6142 64
6124 6164 124
6135 6169 203
6160 6162 186
6181 6222 278
6198 6223 150
6225 6238 56
