400
18 68 170
40 44 72
53 103 220
64 109 261
70 103 217
91 120 229
110 145 163
122 167 80
132 161 289
160 174 300
178 218 167
204 251 198
206 236 159
228 272 4
237 272 6
257 300 104
262 295 236
264 283 51
279 289 280
308 319 97
333 369 291
346 361 50
348 393 93
348 355 26
360 410 209
387 403 240
408 452 112
424 426 202
450 462 298
468 498 19
498 501 233
508 555 23
520 545 273
526 540 55
546 556 210
554 587 46
578 612 143
588 608 236
600 607 60
621 671 295
649 655 36
657 673 260
674 717 42
691 697 108
714 758 231
714 740 122
717 735 214
733 782 126
759 798 281
775 815 248
782 825 175
803 837 32
822 854 101
824 843 272
828 852 294
857 861 273
860 875 24
883 932 249
900 948 220
914 950 280
916 944 103
918 961 213
923 970 216
947 983 46
957 1005 238
985 1031 224
998 1000 13
1005 1034 19
1028 1053 258
1033 1064 227
1045 1060 295
1060 1080 283
1064 1074 79
1094 1112 80
1110 1149 83
1115 1117 134
1134 1152 19
1161 1179 285
1167 1190 35
1167 1217 152
1185 1188 46
1191 1212 228
1210 1249 55
1223 1264 256
1241 1243 123
1245 1254 176
1261 1304 217
1283 1310 145
1313 1338 197
1317 1341 256
1325 1347 156
1333 1363 208
1341 1350 48
1342 1351 161
1356 1385 116
1373 1398 297
1398 1420 159
1422 1439 119
1439 1456 218
1446 1479 53
1455 1503 155
1483 1517 122
1511 1526 192
1538 1574 133
1564 1586 104
1569 1574 126
1591 1610 178
1613 1624 1
1636 1686 23
1661 1671 184
1687 1696 184
1706 1748 124
1718 1723 155
1739 1755 153
1745 1754 224
1770 1785 167
1788 1808 44
1793 1840 211
1808 1858 193
1812 1846 76
1828 1848 184
1858 1862 274
1861 1882 214
1874 1881 16
1903 1947 270
1907 1948 248
1912 1944 274
1913 1918 5
1937 1977 188
1965 1993 172
1988 2006 95
2012 2020 148
2035 2068 242
2042 2092 35
2064 2101 16
2081 2097 225
2086 2130 122
2091 2129 81
2102 2136 272
2103 2116 151
2105 2134 214
2115 2160 32
2121 2160 267
2131 2138 53
2159 2180 205
2161 2185 165
2175 2184 299
2183 2220 202
2199 2224 165
2206 2241 221
2216 2240 116
2233 2235 249
2234 2279 270
2250 2279 271
2280 2316 102
2302 2331 258
2321 2364 15
2326 2367 26
2346 2390 147
2372 2399 14
2385 2399 288
2415 2420 14
2436 2447 279
2459 2494 242
2460 2492 42
2471 2491 79
2498 2516 131
2500 2514 164
2507 2536 35
2528 2560 12
2549 2559 287
2561 2590 287
2588 2608 121
2591 2630 74
2601 2633 72
2629 2643 131
2639 2657 263
2660 2698 65
2675 2722 277
2693 2714 117
2702 2704 156
2704 2737 29
2722 2746 123
2724 2753 189
2733 2778 289
2762 2769 247
2785 2833 246
2805 2845 105
2805 2840 290
2816 2843 101
2844 2859 116
2854 2860 290
2871 2912 290
2899 2934 266
2921 2937 87
2930 2931 119
2959 3000 267
2989 3001 243
2989 3025 283
3010 3050 239
3019 3026 221
3029 3074 12
3048 3093 75
3071 3094 133
3075 3084 173
3104 3150 180
3110 3139 97
3140 3178 233
3162 3193 219
3187 3204 208
3203 3245 231
3232 3279 24
3255 3285 294
3272 3293 153
3281 3304 212
3285 3329 59
3289 3298 121
3317 3364 139
3325 3360 286
3350 3382 124
3362 3402 214
3382 3409 9
3412 3427 176
3434 3445 128
3436 3447 246
3445 3465 77
3449 3495 231
3464 3488 117
3466 3500 185
3467 3493 62
3496 3536 212
3520 3556 111
3550 3562 4
3567 3617 36
3589 3602 233
3599 3647 12
3628 3631 246
3638 3670 285
3654 3667 99
3666 3704 27
3683 3721 126
3707 3727 263
3711 3750 4
3726 3731 90
3749 3752 183
3777 3820 141
3786 3795 152
3790 3796 292
3795 3838 178
3803 3816 111
3817 3826 208
3818 3857 126
3819 3860 29
3826 3838 247
3840 3874 74
3855 3892 97
3885 3908 268
3906 3944 28
3911 3915 206
3915 3933 90
3933 3962 229
3933 3935 287
3961 3975 246
3989 3994 271
4001 4031 55
4026 4043 98
4040 4060 69
4063 4102 235
4069 4100 114
4074 4104 216
4100 4122 266
4129 4156 124
4151 4176 114
4159 4163 259
4175 4205 212
4198 4233 213
4211 4227 234
4221 4249 176
4245 4251 15
4266 4313 77
4281 4314 161
4299 4300 216
4313 4351 47
4324 4347 133
4346 4362 195
4356 4371 286
4370 4418 257
4383 4413 48
4394 4398 94
4412 4446 2
4440 4474 109
4453 4459 193
4475 4520 58
4476 4498 107
4499 4545 298
4529 4553 142
4546 4592 252
4558 4572 224
4588 4620 170
4608 4621 265
4623 4661 36
4643 4673 259
4662 4669 285
4692 4733 36
4718 4749 298
4730 4753 261
4730 4731 200
4742 4773 47
4769 4790 264
4797 4808 158
4803 4841 54
4815 4817 256
4820 4864 204
4848 4857 215
4867 4886 173
4869 4909 158
4871 4878 127
4879 4925 105
4885 4933 34
4897 4900 167
4922 4951 202
4927 4971 8
4931 4981 175
4953 4985 111
4969 5014 233
4979 4980 5
4987 5000 171
4999 5012 176
5003 5020 120
5021 5026 65
5028 5031 47
5028 5052 14
5039 5051 299
5060 5062 41
5077 5107 14
5082 5093 208
5111 5153 17
5130 5167 48
5133 5161 99
5152 5195 274
5174 5191 163
5199 5235 56
5218 5228 209
5245 5260 218
5275 5323 107
5302 5325 33
5328 5359 133
5345 5388 158
5359 5374 295
5374 5377 157
5390 5402 245
5391 5402 263
5421 5467 202
5425 5461 104
5441 5486 245
5444 5453 23
5454 5472 195
5472 5488 45
5472 5515 194
5472 5518 139
5478 5489 30
5502 5518 243
5532 5582 90
5548 5575 300
5571 5579 54
5598 5635 88
5624 5651 183
5641 5642 283
5657 5674 68
5661 5693 212
5666 5701 145
5674 5724 32
5698 5733 237
5724 5758 94
5727 5758 292
5729 5753 137
5758 5791 125
5768 5792 270
5791 5841 229
5821 5863 200
5839 5889 18
5866 5914 11
5894 5909 203
5898 5904 50
5907 5951 216
5927 5946 208
5929 5963 260
5944 5974 41
5959 5970 242
5976 5987 235
5982 6015 269
6003 6008 251
6020 6063 18
6024 6071 93
6035 6083 28
6050 6068 288
6065 6091 161
6065 6084 83
6076 6116 88
6095 6101 266
