400
26 30 185
54 56 114
66 110 52
81 114 224
101 128 122
131 165 104
133 177 75
144 178 21
157 198 25
157 168 52
185 207 48
202 207 191
214 256 300
231 248 110
250 295 136
266 283 23
267 307 7
296 328 228
304 317 185
332 346 136
343 348 81
363 386 156
363 388 171
386 421 145
386 429 44
410 431 192
415 459 2
431 438 218
443 492 136
470 502 293
482 486 234
502 526 213
524 570 87
531 580 73
531 577 97
541 558 96
556 573 272
566 615 156
592 604 61
602 633 72
613 661 11
613 643 117
641 668 260
670 696 151
675 680 69
691 696 297
694 710 116
695 698 115
710 744 15
714 750 288
739 746 7
740 745 227
764 781 226
775 776 130
779 784 234
790 809 154
803 822 231
826 851 251
856 876 145
876 919 4
879 884 150
896 924 172
925 927 165
950 960 74
959 988 121
977 1026 137
995 1040 133
1014 1048 9
1041 1053 97
1062 1108 257
1074 1076 135
1090 1103 284
1105 1154 159
1121 1153 172
1126 1174 295
1133 1167 224
1146 1154 153
1167 1198 188
1183 1231 298
1184 1231 125
1202 1205 284
1228 1241 9
1238 1252 191
1263 1294 26
1290 1305 237
1301 1340 110
1325 1351 66
1351 1372 293
1361 1386 166
1380 1395 48
1410 1428 82
1411 1453 236
1416 1432 147
1440 1446 228
1462 1479 160
1468 1507 14
1495 1505 240
1504 1517 67
1534 1537 22
1543 1546 176
1570 1615 37
1593 1597 89
1598 1628 44
1601 1611 47
1622 1658 50
1648 1675 231
1648 1655 166
1653 1674 25
1683 1725 65
1696 1745 40
1701 1708 136
1705 1707 163
1719 1734 295
1723 1761 244
1724 1725 245
1732 1768 51
1747 1797 160
1762 1778 192
1792 1829 108
1808 1840 270
1808 1843 220
1823 1868 232
1828 1867 59
1842 1891 3
1869 1877 221
1874 1906 102
1893 1935 43
1917 1925 32
1928 1969 200
1948 1980 228
1957 1999 252
1986 2003 167
2000 2002 140
2001 2012 196
2014 2015 116
2022 2041 32
2030 2053 35
2033 2051 232
2045 2059 244
2074 2104 47
2084 2099 7
2092 2129 123
2096 2119 77
2112 2113 129
2123 2134 9
2146 2195 8
2168 2186 45
2175 2224 84
2191 2212 145
2221 2238 58
2242 2279 266
2271 2300 239
2299 2347 116
2304 2338 2
2319 2329 219
2320 2334 198
2332 2372 300
2349 2366 215
2374 2416 293
2391 2401 68
2413 2440 36
2439 2451 44
2469 2483 298
2478 2485 42
2496 2524 240
2513 2526 14
2523 2567 16
2550 2560 4
2572 2605 125
2593 2639 109
2621 2632 292
2633 2655 198
2659 2701 157
2663 2678 172
2670 2682 124
2679 2720 57
2704 2730 220
2716 2727 224
2745 2771 7
2772 2789 135
2784 2790 62
2808 2835 183
2829 2866 227
2833 2838 51
2854 2900 203
2857 2885 134
2857 2880 194
2868 2875 245
2883 2908 245
2897 2922 48
2914 2924 6
2917 2928 266
2940 2974 260
2951 2954 277
2954 2966 272
2983 3018 249
2998 3032 108
3017 3058 16
3041 3059 163
3056 3095 6
3061 3095 290
3061 3081 174
3076 3085 274
3078 3091 84
3091 3099 193
3112 3124 277
3114 3131 154
3117 3167 164
3133 3176 201
3144 3183 239
3145 3162 265
3145 3194 288
3171 3196 38
3186 3193 257
3206 3226 82
3209 3250 38
3230 3234 287
3237 3263 271
3261 3287 156
3290 3299 129
3318 3354 106
3330 3344 41
3331 3346 154
3360 3398 8
3388 3421 191
3413 3453 23
3415 3431 56
3442 3450 289
3458 3500 209
3486 3520 11
3501 3523 195
3513 3531 178
3525 3568 284
3550 3589 43
3555 3572 92
3572 3574 33
3580 3626 298
3581 3583 3
3583 3590 131
3592 3607 36
3620 3626 185
3650 3667 29
3659 3670 132
3677 3715 19
3704 3743 120
3733 3744 282
3745 3780 182
3766 3782 288
3767 3794 21
3793 3811 79
3803 3849 196
3819 3851 185
3835 3872 125
3840 3855 168
3862 3909 115
3879 3909 244
3888 3912 295
3897 3928 163
3897 3920 255
3921 3949 229
3926 3934 24
3950 3998 6
3973 3991 45
3976 3995 71
4001 4029 136
4030 4058 34
4044 4051 91
4055 4073 25
4082 4086 149
4094 4120 157
4112 4116 285
4122 4138 259
4126 4144 157
4154 4182 181
4159 4187 219
4189 4190 234
4190 4197 194
4219 4222 71
4241 4263 14
4255 4295 47
4276 4294 242
4289 4302 6
4315 4336 260
4331 4351 271
4345 4382 61
4363 4367 254
4383 4429 82
4398 4423 270
4426 4473 112
4431 4434 100
4441 4451 92
4449 4461 225
4465 4493 275
4483 4525 67
4486 4519 150
4505 4506 133
4535 4577 12
4551 4561 190
4575 4618 161
4580 4582 293
4584 4604 29
4586 4596 245
4613 4618 172
4617 4650 138
4633 4637 20
4649 4651 87
4649 4651 248
4658 4673 198
4670 4712 183
4691 4703 57
4718 4735 24
4733 4750 123
4752 4784 20
4782 4791 34
4805 4810 41
4812 4845 258
4833 4835 300
4851 4855 102
4860 4887 142
4884 4894 133
4907 4922 249
4915 4921 158
4931 4943 171
4935 4972 239
4946 4973 42
4956 4958 110
4966 5008 254
4973 4992 71
4990 4997 298
4999 5005 8
5008 5038 236
5038 5049 233
5046 5066 103
5051 5059 275
5051 5057 295
5051 5079 116
5077 5085 72
5093 5101 64
5119 5120 13
5119 5166 90
5136 5179 245
5136 5141 291
5143 5168 118
5160 5207 7
5165 5186 239
5169 5186 270
5170 5217 221
5181 5206 228
5192 5225 286
5214 5228 8
5230 5254 181
5259 5288 6
5264 5265 1
5271 5296 14
5272 5297 290
5299 5324 247
5302 5323 275
5319 5354 166
5341 5344 141
5361 5363 171
5383 5420 135
5397 5409 194
5398 5413 224
5423 5468 54
5428 5446 264
5455 5498 298
5460 5499 195
5484 5514 122
5492 5503 78
5505 5531 1
5513 5526 280
5540 5543 89
5557 5565 62
5577 5622 172
5606 5642 195
5614 5621 190
5615 5648 278
5621 5635 180
5639 5658 40
5661 5682 46
5687 5730 135
5709 5744 144
5736 5762 176
5754 5784 135
5760 5798 297
5767 5774 223
5791 5830 118
5791 5831 86
5797 5800 87
5825 5875 14
5853 5871 14
5857 5863 191
5876 5922 266
5895 5903 22
5911 5938 214
5912 5944 236
5921 5934 85
5929 5972 127
5943 5977 43
5967 6015 153
