400
6 12 5
9 50 168
23 71 290
47 90 102
59 67 93
68 97 197
74 124 297
104 144 18
128 178 174
154 189 92
175 199 14
179 202 161
197 246 293
213 215 72
230 248 223
251 259 188
269 303 42
280 291 55
301 338 278
306 325 212
323 351 212
351 390 52
376 397 195
392 398 160
396 438 278
417 423 114
419 452 131
440 483 285
442 478 30
454 501 266
456 489 247
462 463 295
462 490 242
469 504 139
494 515 4
522 525 136
530 533 108
546 589 250
564 571 167
582 591 62
586 612 88
606 617 159
620 644 31
648 651 153
658 685 7
672 702 236
698 731 205
711 757 237
727 748 108
748 763 85
772 808 41
794 797 29
821 867 87
831 853 101
846 872 138
868 910 261
880 921 211
884 923 65
884 931 259
888 898 95
910 930 206
910 945 79
921 967 288
926 970 257
940 988 179
962 1002 249
977 984 50
998 1047 187
1014 1037 55
1018 1053 154
1025 1074 266
1046 1069 3
1050 1096 222
1061 1074 19
1076 1108 208
1097 1103 57
1099 1149 40
1102 1138 51
1116 1162 65
1120 1169 282
1149 1171 162
1160 1179 66
1171 1193 264
1191 1216 7
1202 1218 300
1227 1230 34
1230 1261 99
1241 1270 8
1241 1278 23
1244 1247 86
1250 1262 118
1259 1275 255
1288 1309 184
1295 1329 194
1312 1336 197
1325 1347 238
1355 1367 184
1381 1386 250
1394 1442 105
1414 1464 267
1442 1481 15
1464 1497 111
1469 1501 82
1485 1521 268
1502 1515 54
1521 1531 113
1543 1569 249
1547 1558 291
1559 1568 267
1564 1594 244
1592 1594 91
1601 1623 224
1603 1604 110
1621 1636 259
1646 1679 205
1653 1655 297
1662 1684 210
1668 1684 238
1674 1686 231
1703 1725 228
1716 1748 103
1744 1773 177
1747 1787 198
1762 1800 122
1769 1786 82
1793 1835 147
1799 1836 153
1804 1806 144
1820 1864 184
1848 1864 35
1869 1915 201
1885 1909 161
1886 1924 23
1902 1944 129
1906 1934 128
1909 1954 164
1936 1977 251
1938 1952 171
1962 1975 299
1989 2005 54
2018 2048 288
2040 2088 271
2053 2058 63
2057 2103 13
2059 2066 232
2060 2062 175
2069 2071 49
2086 2088 162
2089 2105 68
2111 2152 194
2113 2148 173
2131 2133 161
2153 2203 227
2155 2182 180
2184 2211 70
2185 2212 113
2198 2234 271
2198 2240 274
2207 2248 118
2216 2230 196
2220 2238 110
2249 2254 126
2277 2282 137
2302 2336 137
2317 2327 27
2347 2366 263
2373 2419 76
2376 2387 133
2388 2410 131
2410 2445 81
2420 2434 196
2432 2473 76
2455 2484 149
2458 2465 128
2461 2474 134
2473 2510 157
2486 2513 218
2505 2550 122
2529 2545 29
2534 2559 80
2534 2571 292
2539 2560 172
2546 2570 156
2550 2568 51
2559 2586 270
2574 2599 233
2602 2631 118
2625 2648 107
2630 2656 150
2651 2661 90
2672 2707 97
2693 2696 170
2694 2701 153
2718 2719 162
2744 2769 148
2762 2803 230
2766 2769 286
2766 2796 26
2770 2792 251
2780 2809 187
2796 2832 56
2798 2846 262
2811 2831 221
2829 2875 202
2838 2872 258
2843 2856 135
2862 2899 282
2871 2893 296
2881 2907 268
2900 2915 5
2919 2935 277
2947 2972 219
2955 2977 294
2965 2994 205
2977 3016 137
3001 3043 28
3008 3027 140
3024 3043 187
3044 3078 191
3052 3093 228
3076 3125 276
3092 3139 44
3097 3112 118
3112 3132 5
3130 3166 148
3151 3201 236
3159 3161 21
3182 3186 58
3209 3234 249
3212 3229 227
3227 3232 270
3245 3256 166
3270 3300 191
3281 3312 39
3281 3282 281
3301 3303 137
3321 3364 154
3349 3363 199
3365 3391 30
3368 3403 130
3387 3396 167
3400 3449 148
3428 3456 276
3456 3479 24
3486 3513 125
3500 3504 55
3529 3551 50
3541 3574 144
3562 3569 165
3562 3594 224
3586 3591 121
3592 3604 289
3609 3635 283
3618 3632 284
3622 3642 296
3632 3681 205
3661 3665 255
3681 3686 34
3702 3751 111
3717 3745 171
3728 3747 111
3732 3782 266
3750 3773 184
3775 3791 297
3802 3823 179
3813 3852 115
3828 3874 227
3853 3883 53
3858 3906 233
3887 3890 75
3894 3911 244
3924 3935 142
3929 3940 236
3953 3967 198
3983 4014 201
3992 3994 292
4001 4044 95
4007 4012 300
4022 4030 41
4028 4069 205
4056 4063 112
4075 4118 32
4083 4130 262
4093 4122 98
4122 4126 195
4152 4173 108
4174 4213 105
4185 4235 79
4186 4223 122
4198 4205 226
4221 4248 107
4247 4262 251
4274 4304 279
4274 4277 69
4300 4322 122
4316 4355 190
4321 4323 227
4329 4360 126
4358 4394 44
4365 4381 33
4379 4402 245
4408 4425 295
4415 4449 65
4430 4456 68
4430 4467 192
4452 4489 12
4467 4471 169
4497 4526 195
4521 4548 203
4527 4556 267
4534 4554 183
4563 4608 265
4593 4619 155
4622 4637 118
4635 4682 273
4635 4677 72
4635 4654 103
4637 4650 270
4645 4691 160
4648 4651 204
4675 4680 192
4702 4724 95
4715 4746 299
4745 4773 100
4766 4810 170
4790 4809 126
4806 4811 257
4827 4835 134
4835 4871 97
4851 4887 191
4875 4912 90
4892 4926 279
4915 4956 92
4928 4972 20
4957 4996 245
4978 4985 119
4998 5025 217
5020 5029 84
5025 5074 207
5044 5045 190
5055 5067 104
5067 5104 207
5080 5098 269
5089 5092 26
5089 5130 51
5113 5128 268
5128 5132 24
5147 5170 82
5174 5207 135
5184 5227 247
5190 5222 129
5190 5194 135
5219 5236 125
5223 5267 172
5233 5278 55
5234 5281 293
5262 5274 93
5273 5297 126
5280 5307 70
5291 5307 181
5307 5322 241
5335 5358 297
5344 5354 120
5347 5363 96
5347 5377 281
5354 5389 125
5372 5406 236
5390 5430 101
5401 5432 128
5416 5418 120
5418 5430 269
5439 5476 117
5450 5468 24
5479 5515 121
5482 5509 284
5484 5491 212
5499 5523 173
5520 5545 123
5523 5524 39
5523 5561 200
5547 5578 66
5551 5553 214
5579 5603 1
5580 5622 22
5599 5629 141
5616 5646 121
5633 5670 274
5643 5666 210
5656 5683 194
5670 5681 128
5686 5714 163
5695 5701 191
5708 5710 143
5731 5761 182
5755 5805 31
5770 5789 133
5783 5821 212
5785 5832 96
5792 5815 203
5809 5818 177
