400
24 32 40
45 66 173
70 105 54
94 115 21
101 114 60
116 127 173
145 182 299
148 173 210
170 189 268
188 226 131
217 246 253
244 277 197
257 303 18
283 296 45
308 314 119
327 331 254
338 350 146
363 388 13
386 413 142
410 453 69
430 479 268
459 494 219
459 481 5
463 465 86
486 516 278
494 501 92
511 538 166
519 540 217
537 539 286
558 606 165
569 582 187
581 601 77
607 649 239
635 658 180
654 686 44
664 695 139
675 686 123
705 714 263
727 762 185
745 792 98
773 815 260
784 834 269
807 816 265
834 840 173
843 852 220
861 898 190
873 901 240
888 890 110
911 958 106
920 955 95
923 944 81
944 977 254
960 988 251
973 997 12
987 1010 223
988 1027 252
998 1005 84
1018 1047 259
1041 1091 94
1058 1106 13
1078 1124 42
1087 1093 53
1103 1138 217
1120 1160 264
1127 1157 214
1153 1155 153
1165 1188 59
1166 1211 284
1190 1199 231
1200 1218 124
1204 1241 168
1214 1225 229
1224 1228 219
1241 1283 266
1270 1294 194
1275 1289 194
1290 1337 106
1297 1323 63
1300 1319 31
1302 1318 96
1307 1314 260
1322 1370 99
1329 1353 238
1341 1359 129
1342 1392 60
1348 1370 111
1362 1376 9
1381 1385 297
1384 1406 76
1404 1450 193
1432 1452 137
1439 1454 125
1455 1463 220
1456 1458 242
1475 1493 12
1482 1501 247
1508 1544 26
1508 1539 164
1522 1545 94
1538 1574 149
1559 1572 52
1585 1597 60
1599 1610 31
1609 1641 9
1629 1665 165
1631 1642 213
1643 1668 83
1656 1674 221
1686 1733 115
1713 1735 111
1725 1766 174
1746 1785 182
1769 1807 78
1790 1816 85
1807 1826 181
1833 1871 27
1852 1871 288
1857 1863 4
1870 1892 22
1886 1906 30
1911 1917 248
1928 1953 117
1949 1958 170
1977 2025 174
1987 2007 41
1990 2027 75
2010 2050 295
2010 2014 18
2016 2058 39
2034 2070 97
2036 2037 164
2051 2061 11
2075 2080 256
2105 2117 33
2109 2127 245
2118 2131 194
2119 2123 219
2141 2168 215
2141 2151 290
2147 2182 92
2176 2201 49
2192 2219 174
2208 2222 210
2209 2259 189
2230 2274 6
2252 2293 248
2256 2300 292
2268 2313 293
2289 2291 147
2305 2334 260
2309 2335 239
2311 2313 11
2322 2359 252
2330 2380 247
2358 2359 80
2386 2422 41
2386 2408 247
2387 2413 23
2398 2430 168
2404 2406 201
2405 2420 294
2422 2470 25
2437 2445 62
2442 2480 280
2465 2468 174
2483 2516 35
2510 2535 117
2540 2579 285
2556 2585 153
2581 2592 254
2591 2606 136
2610 2628 37
2625 2669 202
2633 2672 256
2654 2662 92
2654 2657 52
2680 2706 82
2700 2749 229
2701 2748 273
2729 2745 240
2758 2808 241
2764 2804 212
2783 2817 73
2811 2815 181
2826 2845 131
2847 2858 112
2850 2889 28
2878 2912 44
2893 2940 35
2895 2944 142
2922 2927 119
2939 2974 65
2944 2986 208
2950 2955 3
2960 2982 250
2979 2984 252
3002 3003 279
3014 3015 194
3023 3031 185
3026 3053 292
3036 3078 172
3055 3059 18
3062 3109 186
3065 3109 24
3094 3128 202
3108 3124 203
3120 3152 267
3147 3195 238
3169 3183 226
3196 3197 5
3198 3214 94
3207 3213 3
3226 3244 211
3241 3242 227
3259 3260 152
3269 3310 69
3280 3314 165
3287 3330 174
3288 3316 45
3297 3341 82
3322 3366 53
3341 3385 168
3354 3402 105
3362 3383 37
3364 3394 11
3385 3399 169
3399 3430 202
3405 3438 51
3407 3424 166
3437 3465 218
3453 3503 47
3481 3494 292
3507 3514 96
3520 3528 112
3529 3538 68
3536 3570 280
3536 3563 280
3558 3606 205
3578 3585 258
3606 3654 237
3617 3651 205
3638 3665 245
3644 3681 161
3647 3648 298
3655 3682 254
3671 3698 230
3680 3717 273
3709 3740 221
3731 3744 250
3750 3785 148
3763 3778 23
3786 3831 105
3812 3844 45
3816 3819 74
3828 3833 167
3830 3845 40
3850 3874 94
3879 3916 156
3901 3911 273
3917 3964 155
3947 3990 291
3972 3981 162
3980 3992 175
4003 4024 53
4004 4005 297
4033 4060 76
4046 4050 162
4062 4082 28
4083 4100 142
4092 4138 31
4095 4098 61
4109 4132 100
4114 4126 134
4131 4156 43
4149 4167 93
4153 4197 114
4154 4157 198
4183 4201 20
4202 4225 126
4215 4239 3
4216 4245 43
4234 4278 188
4234 4238 99
4249 4278 121
4257 4268 294
4281 4284 34
4309 4356 293
4326 4368 2
4335 4362 47
4355 4359 266
4356 4383 41
4370 4389 95
4399 4414 240
4412 4462 21
4436 4446 278
4461 4485 191
4488 4534 27
4491 4515 231
4497 4523 221
4502 4521 32
4510 4543 206
4520 4548 118
4527 4569 17
4545 4592 20
4547 4555 115
4559 4584 253
4574 4587 139
4594 4633 260
4601 4632 37
4606 4607 264
4628 4660 107
4638 4683 213
4666 4672 127
4677 4687 12
4698 4721 235
4716 4727 207
4730 4739 49
4750 4784 124
4761 4787 71
4767 4768 209
4778 4780 81
4799 4846 281
4809 4842 60
4820 4853 118
4845 4857 156
4864 4891 165
4871 4906 128
4888 4914 136
4901 4922 141
4920 4929 226
4930 4948 222
4954 4959 33
4958 4982 230
4971 5002 18
4986 5017 60
4986 5011 208
5002 5020 284
5017 5055 125
5046 5063 96
5057 5106 127
5084 5132 112
5093 5114 218
5108 5143 170
5116 5130 145
5145 5191 129
5171 5219 158
5182 5224 75
5196 5231 88
5196 5240 231
5202 5238 161
5227 5272 273
5241 5244 107
5248 5293 136
5274 5293 197
5295 5317 14
5306 5338 106
5335 5368 189
5335 5344 83
5335 5336 45
5359 5374 298
5380 5420 102
5396 5418 249
5418 5461 78
5433 5437 49
5454 5491 43
5478 5525 137
5504 5511 63
5529 5558 234
5537 5572 166
5547 5553 252
5571 5581 87
5599 5604 140
5624 5631 231
5637 5642 232
5647 5662 275
5655 5684 48
5683 5688 48
5699 5726 138
5728 5740 107
5737 5751 52
5755 5756 68
5775 5799 7
5779 5795 56
5796 5846 5
5798 5808 47
5800 5850 255
5808 5810 165
5834 5838 160
5842 5874 218
5846 5876 108
5854 5868 13
5866 5900 165
5894 5937 298
5916 5918 281
5934 5946 284
5944 5963 167
5953 5976 45
5969 5978 172
5976 6017 277
5990 6031 140
