400
0 33 208
17 61 78
18 21 128
23 40 42
51 55 280
73 74 177
88 123 171
107 157 39
129 167 76
152 171 1
179 186 160
202 227 100
207 251 197
230 234 298
243 249 67
243 263 138
266 282 80
277 278 48
284 334 265
300 318 275
317 327 279
317 334 163
345 377 277
349 350 243
370 414 261
382 402 279
398 421 88
404 449 78
431 461 109
449 482 193
466 484 163
475 518 180
475 495 62
497 535 288
508 511 66
516 561 139
537 539 289
539 571 159
560 579 195
567 587 3
569 591 143
574 580 124
599 629 236
629 639 14
656 658 109
681 697 108
709 726 150
730 775 25
743 756 116
745 766 27
762 809 144
764 794 25
789 836 207
799 805 210
806 817 278
812 824 287
832 864 258
862 912 22
887 904 93
904 921 246
911 913 47
935 974 20
938 967 132
941 949 90
966 982 193
966 1003 298
984 1001 219
1002 1006 93
1003 1052 3
1004 1053 82
1018 1055 16
1018 1047 25
1031 1055 53
1055 1103 43
1071 1103 41
1087 1090 134
1116 1130 114
1128 1146 7
1138 1152 104
1153 1201 2
1167 1190 66
1170 1188 194
1196 1241 6
1205 1223 277
1221 1254 143
1251 1262 189
1270 1295 5
1294 1317 103
1307 1316 85
1317 1351 162
1324 1334 53
1352 1367 195
1364 1395 67
1387 1433 229
1410 1435 101
1424 1467 5
1448 1461 32
1457 1459 279
1464 1503 171
1492 1499 244
1495 1502 255
1510 1537 193
1512 1534 254
1526 1535 8
1541 1590 172
1565 1608 298
1586 1610 211
1599 1629 71
1616 1665 47
1641 1680 27
1657 1662 141
1673 1679 298
1686 1719 182
1707 1743 285
1717 1722 79
1718 1720 85
1719 1721 142
1744 1790 288
1773 1791 36
1788 1789 223
1788 1825 93
1816 1844 196
1822 1861 90
1848 1875 273
1852 1863 78
1879 1913 81
1897 1941 16
1927 1945 16
1945 1987 240
1960 1998 186
1988 2008 169
2009 2015 271
2030 2071 43
2050 2059 118
2071 2081 280
2091 2140 150
2106 2151 58
2125 2173 248
2136 2184 200
2160 2208 278
2164 2165 218
2177 2226 35
2207 2234 232
2218 2263 158
2245 2287 300
2261 2271 29
2274 2295 3
2292 2314 275
2314 2358 63
2330 2336 295
2355 2393 267
2359 2387 65
2385 2426 132
2391 2426 80
2404 2425 8
2408 2414 67
2425 2462 119
2427 2476 160
2449 2470 7
2476 2521 163
2487 2537 144
2498 2507 124
2517 2530 249
2530 2578 102
2543 2564 14
2548 2587 111
2549 2596 41
2579 2593 147
2604 2613 169
2607 2635 143
2628 2647 63
2646 2681 38
2666 2667 93
2677 2711 289
2702 2725 236
2704 2744 190
2725 2765 78
2743 2746 133
2755 2775 110
2769 2780 6
2794 2811 152
2823 2833 223
2841 2857 99
2854 2876 26
2884 2909 121
2911 2956 9
2920 2969 113
2936 2982 124
2959 2993 213
2975 2996 192
2975 2987 107
2997 3024 176
3014 3051 254
3034 3059 44
3043 3092 52
3046 3059 37
3053 3056 7
3066 3070 186
3095 3119 105
3098 3100 244
3125 3153 228
3127 3145 264
3145 3195 192
3152 3180 125
3164 3183 140
3194 3219 149
3204 3234 292
3234 3259 177
3241 3284 147
3271 3306 39
3275 3299 242
3300 3316 76
3303 3328 222
3306 3328 142
3335 3375 57
3335 3358 41
3345 3362 257
3357 3369 215
3357 3376 5
3362 3367 172
3387 3427 291
3400 3424 58
3421 3440 283
3447 3497 4
3457 3469 205
3461 3471 200
3482 3526 151
3487 3498 224
3489 3510 27
3501 3516 14
3504 3519 249
3529 3532 32
3551 3571 121
3568 3598 99
3570 3617 33
3591 3592 261
3606 3621 136
3634 3636 267
3639 3658 11
3663 3688 234
3663 3688 22
3688 3720 159
3697 3716 193
3724 3772 111
3728 3755 142
3730 3776 93
3759 3799 113
3767 3808 205
3778 3816 23
3805 3847 211
3815 3858 254
3831 3867 33
3853 3887 92
3862 3866 146
3881 3886 186
3893 3931 66
3915 3920 26
3934 3959 123
3938 3956 106
3949 3966 262
3956 3988 6
3974 4005 56
3989 4003 216
4012 4021 258
4034 4067 82
4060 4081 165
4071 4086 243
4082 4087 134
4094 4122 128
4121 4134 106
4127 4155 269
4130 4146 72
4147 4195 75
4154 4185 119
4179 4182 278
4193 4226 210
4206 4218 180
4233 4278 124
4256 4292 234
4286 4314 89
4309 4317 242
4310 4319 276
4311 4354 197
4323 4351 150
4349 4365 203
4376 4378 95
4400 4438 290
4409 4459 26
4434 4478 204
4458 4467 168
4464 4504 83
4470 4471 262
4489 4516 140
4511 4541 160
4512 4521 139
4514 4534 98
4528 4562 168
4544 4555 289
4549 4583 173
4557 4561 53
4567 4570 294
4575 4587 160
4592 4636 252
4613 4616 200
4620 4629 226
4635 4665 73
4649 4671 9
4664 4686 136
4666 4693 214
4681 4695 243
4700 4718 296
4716 4718 180
4717 4721 267
4728 4755 223
4757 4767 257
4785 4835 277
4797 4838 238
4799 4825 119
4827 4873 154
4854 4859 186
4858 4885 74
4859 4875 223
4874 4912 101
4892 4914 49
4912 4952 194
4918 4946 259
4920 4951 123
4924 4926 94
4940 4962 152
4965 4982 225
4991 5038 254
5000 5013 23
5007 5056 184
5012 5032 69
5012 5042 202
5036 5050 25
5036 5083 291
5047 5060 104
5077 5123 80
5080 5090 215
5099 5120 37
5128 5129 65
5141 5190 89
5141 5145 88
5149 5180 289
5159 5172 103
5168 5187 194
5179 5214 175
5193 5222 87
5221 5233 189
5228 5257 100
5250 5268 43
5260 5302 217
5272 5295 21
5276 5297 28
5287 5313 186
5289 5292 273
5297 5310 164
5311 5332 24
5318 5337 52
5324 5355 80
5346 5372 82
5347 5365 250
5365 5384 61
5370 5373 36
5391 5423 199
5396 5438 33
5399 5428 60
5400 5435 17
5402 5431 93
5425 5458 83
5446 5449 32
5451 5462 214
5461 5485 56
5475 5513 9
5496 5505 274
5523 5568 179
5535 5544 78
5558 5595 156
5567 5599 30
5567 5590 263
5574 5608 149
5590 5599 134
5601 5613 262
5621 5633 253
5641 5682 89
5666 5714 297
5670 5712 48
5682 5700 221
5699 5734 4
5722 5757 92
5748 5758 274
5758 5798 254
5764 5801 221
5765 5779 42
5768 5804 97
5787 5804 244
5787 5794 258
5801 5833 147
5812 5854 198
