400
12 28 155
38 78 181
40 64 221
65 90 23
84 109 251
86 129 94
106 119 190
126 175 56
147 175 172
177 213 238
194 226 280
215 245 147
219 246 36
233 244 260
235 246 174
238 245 15
249 286 48
264 299 133
282 331 95
282 295 193
310 355 123
321 322 93
341 358 281
368 405 229
377 402 74
383 433 94
403 447 219
416 443 20
442 485 113
471 485 185
472 512 4
483 524 267
485 524 200
515 565 141
523 525 231
529 566 46
546 585 89
555 577 79
571 602 35
595 613 54
612 617 222
632 656 100
653 691 88
680 710 67
684 697 58
694 698 144
707 757 269
712 750 22
731 751 221
747 782 194
754 759 196
754 783 38
755 797 45
769 802 49
777 788 198
807 825 50
821 853 47
850 880 203
860 893 126
881 927 236
889 925 217
917 965 169
920 927 133
949 966 295
958 991 162
977 996 225
996 1042 47
1014 1040 194
1022 1069 129
1034 1038 188
1060 1093 167
1089 1101 5
1114 1116 264
1122 1143 155
1146 1171 193
1152 1177 281
1163 1202 229
1175 1211 164
1194 1234 131
1222 1223 153
1225 1242 125
1240 1260 236
1254 1260 175
1255 1280 161
1269 1273 152
1290 1297 222
1298 1344 52
1324 1352 196
1339 1374 12
1354 1392 159
1379 1429 71
1393 1442 254
1393 1416 10
1415 1442 227
1418 1443 161
1422 1470 144
1437 1476 122
1450 1499 77
1453 1462 259
1462 1473 90
1484 1517 28
1511 1553 27
1530 1554 122
1544 1545 57
1565 1571 136
1566 1614 213
1570 1607 68
1570 1613 287
1576 1621 67
1598 1646 218
1606 1654 264
1614 1647 222
1640 1682 38
1650 1683 56
1659 1682 78
1675 1686 299
1679 1695 42
1681 1721 295
1686 1709 204
1696 1737 226
1714 1717 151
1738 1761 12
1762 1808 273
1771 1794 105
1789 1826 180
1797 1810 46
1812 1829 267
1821 1847 59
1850 1874 58
1880 1881 166
1894 1925 86
1919 1926 200
1945 1979 169
1965 1992 30
1968 1999 11
1988 2027 34
2002 2029 44
2009 2028 284
2028 2066 27
2044 2058 295
2056 2078 224
2069 2079 81
2090 2114 187
2104 2105 145
2105 2118 144
2110 2121 144
2118 2160 107
2124 2137 40
2135 2155 92
2147 2182 14
2164 2182 166
2175 2199 92
2200 2203 68
2207 2228 256
2207 2213 208
2235 2277 284
2260 2307 222
2290 2298 138
2312 2333 135
2327 2377 151
2339 2373 255
2359 2363 201
2375 2402 275
2404 2410 80
2420 2433 98
2444 2456 64
2466 2467 48
2494 2500 99
2516 2560 108
2528 2540 138
2541 2586 299
2552 2580 50
2565 2586 292
2583 2604 145
2599 2605 149
2623 2658 146
2636 2680 37
2656 2678 271
2662 2696 52
2680 2684 41
2688 2693 295
2706 2733 4
2724 2743 227
2751 2768 257
2752 2787 40
2757 2768 211
2759 2762 50
2766 2807 135
2766 2792 187
2779 2787 239
2808 2816 22
2836 2845 2
2847 2882 7
2854 2861 67
2854 2869 155
2866 2911 254
2873 2890 123
2902 2923 153
2902 2931 290
2932 2944 11
2934 2974 114
2961 2990 79
2968 2987 252
2996 3026 52
2999 3007 297
3020 3041 131
3042 3092 253
3051 3081 42
3064 3105 222
3078 3104 186
3101 3129 281
3115 3158 179
3121 3151 131
3144 3194 71
3168 3218 14
3189 3229 6
3206 3241 30
3208 3244 34
3232 3237 211
3259 3278 197
3266 3278 126
3294 3339 99
3315 3343 189
3343 3384 25
3344 3362 257
3365 3373 83
3365 3382 215
3369 3400 217
3372 3397 60
3394 3441 276
3402 3408 142
3412 3418 107
3422 3450 293
3430 3453 248
3430 3458 242
3437 3474 104
3457 3497 296
3463 3500 107
3479 3521 126
3507 3553 7
3510 3511 86
3516 3542 284
3542 3571 37
3559 3580 107
3573 3597 98
3583 3623 281
3610 3659 289
3640 3676 265
3649 3652 17
3676 3680 226
3703 3724 35
3724 3733 3
3750 3789 136
3752 3791 147
3755 3758 93
3769 3773 88
3776 3797 210
3784 3817 114
3801 3827 145
3814 3858 79
3831 3858 3
3844 3889 149
3851 3866 28
3871 3908 96
3871 3875 20
3886 3913 255
3892 3926 93
3917 3931 3
3937 3954 23
3942 3944 230
3958 3987 113
3984 4017 151
3995 4044 271
4009 4017 132
4030 4049 161
4038 4050 219
4051 4059 107
4066 4070 177
4095 4127 267
4125 4154 43
4134 4181 151
4142 4149 74
4157 4158 187
4176 4197 156
4197 4235 81
4220 4233 81
4244 4262 275
4250 4278 63
4278 4324 255
4290 4292 102
4298 4341 27
4311 4312 247
4320 4331 202
4350 4377 101
4359 4407 178
4389 4404 188
4393 4423 141
4411 4445 23
4426 4459 113
4454 4484 135
4456 4466 104
4472 4478 251
4486 4487 26
4510 4558 238
4538 4555 231
4567 4599 188
4595 4620 152
4598 4628 193
4618 4634 239
4618 4620 76
4626 4636 273
4643 4691 101
4660 4700 49
4672 4697 149
4680 4726 171
4708 4718 4
4713 4762 147
4741 4748 92
4758 4775 276
4762 4807 241
4762 4765 161
4768 4772 8
4790 4836 118
4820 4826 56
4832 4869 99
4843 4847 67
4855 4865 123
4870 4882 2
4871 4878 86
4893 4927 165
4918 4941 139
4926 4947 84
4949 4991 154
4969 4981 67
4975 4998 2
4977 5015 221
4998 5036 81
5024 5071 68
5045 5060 50
5068 5106 106
5081 5107 251
5087 5096 94
5100 5107 89
5125 5156 298
5130 5160 258
5154 5164 39
5159 5173 218
5179 5224 62
5188 5201 241
5207 5252 300
5235 5247 97
5242 5253 82
5264 5281 275
5276 5312 17
5292 5322 29
5311 5321 282
5318 5355 233
5334 5374 181
5350 5358 132
5373 5393 181
5376 5401 65
5394 5402 23
5414 5462 22
5426 5439 61
5446 5481 49
5467 5498 232
5474 5517 58
5481 5497 60
5482 5486 178
5485 5505 112
5498 5536 107
5523 5554 242
5553 5566 235
5560 5562 27
5577 5605 251
5580 5616 268
5590 5594 253
5618 5649 179
5627 5650 58
5637 5644 131
5646 5667 142
5651 5662 167
5655 5683 272
5674 5687 162
5688 5699 79
5706 5722 189
5707 5733 190
5737 5740 60
5756 5773 274
5757 5788 96
5757 5788 73
5777 5802 227
5803 5815 155
5833 5848 251
5838 5864 18
5858 5861 146
5860 5882 178
5882 5902 275
5886 5924 48
5892 5913 164
