400
18 61 78
48 81 288
72 117 226
92 96 46
107 115 190
114 142 225
123 172 238
144 193 68
155 194 114
161 174 165
170 185 143
192 206 249
204 237 69
219 250 9
244 261 227
253 257 148
260 277 72
290 295 85
314 329 249
339 365 139
360 386 11
381 425 184
396 445 276
402 428 177
415 425 279
422 452 272
445 457 300
446 488 237
465 492 106
473 483 183
497 531 272
505 555 165
524 548 28
538 546 157
554 595 283
571 595 88
576 611 103
605 651 158
622 626 259
645 675 205
651 682 198
664 684 220
675 690 36
704 749 248
715 745 110
732 753 192
744 750 115
757 779 1
784 830 70
806 822 252
822 832 171
835 838 194
850 885 109
877 911 220
897 932 205
927 963 192
933 936 257
941 975 164
966 995 162
974 1007 56
1004 1020 264
1005 1039 273
1032 1071 111
1061 1067 290
1067 1097 226
1074 1078 117
1084 1133 132
1093 1119 227
1119 1168 15
1132 1144 173
1154 1191 189
1170 1196 20
1194 1234 173
1204 1228 232
1213 1221 22
1219 1226 198
1219 1226 182
1220 1221 40
1250 1285 143
1251 1260 202
1271 1276 261
1280 1314 111
1304 1306 106
1317 1338 193
1327 1369 99
1340 1380 144
1354 1375 3
1377 1395 291
1391 1427 93
1409 1452 64
1421 1443 245
1426 1441 180
1436 1479 152
1458 1493 255
1468 1483 14
1482 1488 292
1509 1539 175
1534 1549 188
1560 1577 157
1568 1599 114
1569 1609 45
1592 1630 111
1604 1636 73
1608 1651 260
1614 1625 199
1643 1645 96
1665 1667 291
1687 1697 217
1708 1734 252
1718 1751 231
1740 1747 166
1766 1812 167
1772 1784 141
1800 1821 80
1817 1860 220
1824 1831 184
1849 1884 258
1849 1882 153
1851 1869 148
1862 1889 259
1877 1908 111
1885 1898 265
1891 1899 205
1894 1920 275
1901 1928 180
1926 1966 114
1952 1987 204
1958 1965 64
1984 2018 73
2005 2049 227
2030 2069 186
2050 2096 291
2059 2070 284
2074 2120 54
2075 2088 18
2077 2092 4
2102 2131 246
2109 2132 176
2121 2154 2
2142 2157 236
2146 2182 59
2170 2191 115
2181 2205 252
2205 2242 198
2205 2239 250
2235 2248 133
2264 2268 6
2269 2318 83
2284 2299 53
2286 2325 239
2316 2328 203
2338 2376 297
2365 2384 112
2382 2421 298
2404 2417 248
2409 2424 247
2438 2473 192
2442 2473 192
2452 2502 255
2461 2485 187
2480 2528 170
2501 2521 188
2511 2558 175
2515 2532 7
2516 2548 56
2539 2559 176
2554 2575 198
2565 2578 116
2569 2597 85
2591 2622 41
2612 2649 111
2619 2649 110
2627 2630 68
2647 2671 13
2672 2715 220
2679 2697 142
2682 2687 81
2696 2715 207
2714 2738 9
2736 2773 111
2746 2775 165
2768 2818 258
2778 2804 85
2802 2845 267
2818 2820 151
2832 2866 49
2841 2851 8
2842 2847 158
2850 2885 8
2863 2866 185
2863 2865 121
2892 2921 232
2897 2931 162
2904 2953 58
2933 2976 28
2934 2944 241
2938 2973 286
2940 2962 209
2955 2993 65
2971 2989 112
2977 2988 213
3006 3024 183
3014 3016 91
3030 3056 24
3037 3059 9
3055 3096 213
3055 3074 222
3077 3113 157
3105 3107 230
3126 3162 273
3136 3146 254
3162 3198 261
3191 3194 160
3220 3241 81
3222 3227 163
3242 3281 264
3243 3280 247
3256 3258 191
3268 3280 268
3273 3306 174
3290 3335 38
3300 3333 270
3308 3358 206
3337 3376 172
3353 3381 2
3359 3385 237
3369 3406 236
3393 3433 168
3410 3412 173
3428 3435 243
3436 3461 228
3455 3492 154
3462 3472 297
3486 3504 120
3493 3505 15
3496 3514 188
3517 3551 38
3542 3546 76
3549 3555 295
3573 3619 119
3587 3618 183
3589 3620 234
3603 3626 252
3618 3636 191
3619 3651 255
3630 3655 30
3640 3677 187
3668 3704 212
3673 3680 139
3696 3708 37
3705 3721 278
3725 3740 247
3752 3773 190
3771 3801 9
3783 3826 204
3787 3801 45
3800 3838 283
3818 3863 63
3824 3836 176
3847 3849 166
3861 3878 91
3864 3904 244
3867 3871 299
3890 3924 260
3891 3895 54
3896 3945 106
3915 3948 275
3938 3943 112
3947 3958 99
3970 4007 137
3972 4010 88
3979 3998 188
3979 4017 258
3991 4010 143
4001 4033 24
4018 4060 67
4031 4046 80
4052 4077 74
4080 4118 246
4083 4087 43
4112 4136 80
4120 4157 63
4126 4173 197
4129 4141 136
4146 4189 131
4164 4188 34
4183 4218 230
4198 4219 255
4216 4218 97
4230 4246 155
4245 4268 4
4255 4295 50
4278 4324 212
4294 4298 254
4307 4317 229
4337 4382 123
4349 4378 223
4349 4361 255
4366 4401 241
4384 4431 48
4390 4398 227
4396 4428 257
4422 4441 155
4429 4462 134
4448 4475 292
4474 4494 5
4486 4515 84
4492 4515 78
4492 4502 281
4497 4504 23
4505 4555 204
4505 4542 223
4527 4546 122
4540 4582 26
4548 4563 99
4559 4588 235
4567 4599 150
4575 4589 154
4590 4618 204
4601 4650 297
4618 4644 86
4643 4680 73
4665 4714 291
4667 4702 210
4691 4724 148
4703 4733 192
4717 4750 23
4742 4750 91
4747 4790 47
4774 4814 93
4784 4825 265
4787 4831 84
4802 4849 252
4817 4854 173
4845 4850 94
4861 4880 14
4889 4919 295
4897 4901 44
4906 4926 16
4907 4941 295
4925 4968 96
4926 4971 294
4953 4996 133
4982 5002 170
4988 5038 148
5012 5028 150
5037 5066 16
5053 5055 30
5081 5114 191
5096 5131 273
5108 5144 253
5132 5178 59
5152 5198 173
5160 5206 98
5162 5172 98
5191 5223 255
5195 5224 259
5203 5248 152
5213 5262 100
5240 5252 131
5248 5259 216
5261 5295 23
5266 5278 136
5274 5311 133
5297 5319 281
5318 5332 128
5335 5373 266
5363 5408 194
5374 5389 211
5396 5437 155
5413 5446 65
5440 5486 68
5451 5468 56
5456 5481 91
5464 5473 179
5467 5486 258
5489 5493 163
5497 5525 250
5499 5514 26
5499 5512 146
5525 5548 186
5550 5558 130
5576 5600 157
5584 5592 199
5592 5600 298
5596 5632 260
5599 5636 252
5605 5614 90
5606 5623 273
5633 5659 211
5649 5682 282
5675 5721 33
5685 5722 293
5715 5758 117
5744 5779 248
5745 5757 164
5750 5768 81
5773 5816 282
5802 5804 145
5819 5858 219
