400
2 38 115
29 54 284
39 52 285
51 63 243
59 102 71
83 127 20
88 130 59
90 96 60
110 147 172
118 120 6
129 150 180
158 172 247
180 196 141
200 225 176
218 246 171
238 268 131
244 252 35
262 309 251
284 306 202
299 313 254
306 355 51
335 337 100
347 359 116
353 382 261
376 398 175
383 400 234
406 433 118
421 436 278
436 456 61
461 465 208
486 495 211
502 530 138
528 549 240
528 534 13
529 577 69
552 585 300
564 571 297
585 635 264
596 606 136
611 659 186
637 671 33
640 649 162
660 672 119
685 724 251
689 711 36
719 758 210
743 756 166
760 795 162
768 785 161
775 789 175
775 816 285
787 789 235
816 826 105
837 864 265
867 911 91
879 884 19
908 932 257
932 947 229
955 968 133
970 993 210
983 995 36
1008 1034 91
1031 1038 224
1038 1052 77
1066 1098 11
1077 1088 191
1100 1120 148
1100 1117 214
1125 1137 70
1126 1161 67
1137 1178 166
1154 1173 61
1160 1196 123
1160 1183 249
1170 1177 144
1174 1213 132
1181 1185 104
1206 1225 181
1223 1232 150
1234 1243 248
1250 1287 21
1271 1286 107
1283 1301 68
1283 1312 76
1293 1343 185
1297 1300 288
1298 1332 195
1304 1339 143
1304 1331 136
1328 1336 118
1357 1407 182
1383 1403 226
1401 1407 211
1427 1473 221
1434 1482 95
1454 1466 152
1456 1482 26
1457 1491 275
1475 1507 35
1491 1501 35
1508 1552 99
1509 1525 114
1510 1547 58
1527 1567 234
1538 1558 98
1564 1575 288
1570 1618 87
1580 1593 19
1584 1613 131
1601 1606 222
1615 1640 43
1628 1651 257
1634 1684 254
1647 1693 12
1676 1698 165
1700 1719 153
1722 1764 199
1728 1750 271
1749 1794 272
1770 1801 39
1782 1810 163
1798 1808 68
1812 1839 221
1817 1820 248
1818 1837 23
1824 1848 267
1840 1857 117
1858 1868 170
1860 1904 106
1878 1909 251
1893 1916 41
1915 1954 122
1929 1968 159
1950 1962 54
1979 2010 277
1988 1996 189
2006 2047 99
2036 2082 261
2054 2100 177
2074 2114 48
2096 2145 297
2122 2131 99
2124 2162 246
2130 2144 279
2149 2164 22
2177 2203 57
2201 2214 37
2208 2209 2
2223 2246 296
2246 2296 269
2254 2267 294
2263 2271 143
2270 2284 170
2271 2309 63
2292 2306 14
2321 2370 276
2330 2372 146
2349 2371 91
2367 2368 300
2390 2425 297
2391 2404 42
2409 2444 30
2411 2448 228
2419 2441 153
2432 2459 74
2445 2493 93
2456 2458 258
2469 2499 191
2493 2530 69
2494 2507 192
2516 2533 159
2538 2552 193
2548 2580 204
2573 2608 249
2581 2618 141
2604 2629 72
2607 2620 232
2628 2672 115
2641 2680 85
2650 2661 56
2669 2706 275
2687 2734 45
2708 2712 177
2723 2772 255
2747 2779 185
2753 2772 156
2757 2789 215
2765 2769 33
2781 2800 1
2805 2822 116
2835 2855 1
2860 2900 20
2875 2925 295
2887 2937 146
2892 2913 1
2892 2938 288
2900 2902 212
2905 2910 12
2906 2934 193
2919 2960 12
2945 2965 163
2965 3000 73
2980 2983 283
2982 3014 218
2982 2996 193
3012 3046 59
3036 3045 134
3048 3051 277
3071 3102 105
3077 3113 147
3079 3084 68
3107 3155 23
3107 3130 124
3111 3159 152
3114 3121 57
3140 3154 207
3170 3178 288
3190 3201 186
3200 3226 91
3214 3233 185
3240 3260 296
3256 3287 100
3266 3282 257
3292 3314 197
3311 3333 183
3322 3356 101
3322 3371 12
3333 3340 50
3337 3348 57
3352 3396 146
3368 3395 294
3368 3396 139
3383 3390 44
3399 3440 262
3404 3450 206
3404 3428 106
3416 3450 160
3433 3444 234
3451 3464 50
3472 3518 117
3474 3476 234
3497 3498 5
3499 3531 246
3527 3530 29
3536 3558 199
3549 3551 151
3563 3582 35
3580 3582 82
3585 3633 130
3588 3602 201
3601 3639 130
3601 3641 146
3605 3644 52
3613 3656 88
3632 3679 150
3633 3673 85
3662 3675 45
3682 3713 211
3696 3746 18
3712 3731 170
3731 3761 48
3736 3752 232
3745 3760 290
3748 3777 18
3760 3771 103
3787 3825 143
3810 3818 15
3815 3850 40
3842 3868 294
3845 3855 227
3851 3857 282
3862 3879 172
3863 3910 96
3887 3933 132
3890 3928 276
3912 3950 249
3937 3953 22
3967 3998 71
3973 4014 153
4001 4020 50
4015 4046 151
4043 4054 225
4057 4078 246
4058 4098 169
4077 4117 2
4088 4089 265
4111 4146 51
4114 4157 121
4134 4139 288
4137 4178 262
4141 4169 179
4154 4188 257
4165 4196 197
4177 4215 207
4193 4234 59
4208 4243 159
4221 4263 190
4235 4241 214
4240 4254 263
4270 4285 231
4281 4323 109
4301 4337 277
4304 4320 147
4322 4349 199
4345 4346 79
4361 4391 12
4382 4399 204
4383 4388 231
4412 4450 223
4417 4425 78
4443 4460 289
4445 4451 23
4471 4508 228
4488 4528 87
4516 4554 292
4525 4550 298
4535 4583 21
4548 4585 29
4577 4623 183
4599 4600 109
4615 4630 173
4635 4656 296
4649 4652 271
4671 4684 18
4696 4705 85
4717 4746 39
4735 4754 143
4760 4807 121
4760 4767 273
4787 4806 273
4804 4832 56
4824 4858 196
4830 4843 267
4844 4876 238
4859 4867 149
4870 4899 218
4896 4913 37
4913 4923 197
4941 4942 135
4966 4969 165
4984 5026 39
5002 5005 10
5012 5045 95
5012 5031 296
5020 5026 44
5044 5063 40
5071 5102 49
5092 5098 76
5113 5154 105
5139 5186 269
5150 5182 234
5152 5162 172
5156 5184 254
5182 5227 257
5202 5235 215
5206 5254 96
5232 5242 295
5236 5262 59
5240 5255 107
5257 5266 244
5280 5283 283
5281 5300 247
5293 5296 83
5317 5324 266
5344 5377 293
5349 5378 166
5377 5382 213
5381 5388 171
5396 5399 177
5413 5424 113
5433 5464 265
5450 5484 23
5476 5516 257
5476 5494 288
5476 5479 89
5505 5509 16
5511 5548 75
5527 5560 152
5555 5596 40
5579 5629 255
5593 5616 283
5610 5614 219
5639 5685 298
5662 5678 172
5681 5706 172
5691 5714 86
5695 5698 152
5710 5757 57
5715 5728 228
5731 5740 206
5759 5769 25
5778 5791 33
5780 5816 6
5810 5840 116
5820 5858 43
5828 5847 221
5840 5877 162
5840 5858 179
5848 5870 248
5855 5864 11
