400
17 37 127
18 55 276
35 69 64
42 81 88
55 91 84
68 105 61
84 120 58
101 110 102
115 143 189
133 160 89
158 168 254
187 213 193
195 212 13
212 235 37
229 256 189
253 295 55
262 308 122
281 305 4
286 306 164
306 318 264
313 319 214
333 379 214
335 381 73
337 383 202
354 394 238
356 376 237
368 376 110
388 411 55
392 402 26
420 442 9
427 455 21
438 477 137
444 484 281
453 465 166
476 501 94
483 515 12
483 526 75
504 508 165
516 523 250
537 561 143
550 554 107
570 592 146
592 616 224
610 659 12
632 635 73
646 685 114
652 654 91
672 708 162
693 732 26
715 716 259
721 759 148
728 774 43
732 759 154
758 795 203
786 818 206
798 831 275
828 852 245
851 893 22
873 875 180
890 910 265
892 921 113
912 932 281
939 975 105
955 995 152
956 989 24
965 991 96
990 1016 196
1006 1014 61
1035 1074 218
1058 1077 159
1079 1124 241
1086 1113 249
1116 1158 162
1144 1191 145
1157 1169 95
1163 1175 186
1166 1213 272
1167 1195 221
1171 1216 261
1189 1196 55
1218 1248 18
1240 1242 100
1241 1243 152
1248 1288 159
1269 1285 111
1278 1300 172
1280 1325 136
1298 1333 229
1298 1303 123
1309 1347 279
1339 1350 63
1358 1387 70
1385 1424 268
1392 1441 65
1421 1432 172
1421 1456 159
1441 1454 120
1466 1499 21
1478 1510 299
1485 1500 131
1497 1505 22
1510 1546 133
1540 1584 17
1556 1569 248
1571 1614 51
1593 1602 29
1594 1634 94
1598 1618 192
1605 1649 183
1628 1661 265
1638 1663 275
1649 1686 69
1669 1716 79
1677 1716 164
1686 1702 270
1687 1724 153
1700 1709 75
1718 1735 48
1725 1753 124
1743 1789 1
1744 1761 31
1748 1784 174
1766 1816 120
1788 1810 107
1813 1818 99
1826 1865 61
1842 1874 78
1843 1850 286
1868 1916 133
1889 1909 95
1897 1903 3
1925 1941 285
1935 1951 82
1945 1971 63
1945 1984 12
1973 2016 51
1979 2017 230
1987 2027 25
1995 2014 154
1997 2021 248
2025 2071 18
2050 2064 298
2077 2097 189
2086 2093 259
2102 2111 172
2117 2153 286
2146 2149 167
2162 2199 282
2179 2192 142
2184 2186 239
2188 2191 126
2215 2257 166
2235 2269 182
2244 2256 144
2255 2276 206
2269 2286 267
2276 2277 156
2282 2330 224
2293 2327 93
2294 2307 168
2297 2346 289
2317 2349 296
2325 2335 283
2332 2333 28
2358 2387 261
2382 2399 290
2405 2439 152
2411 2430 77
2440 2480 238
2447 2477 122
2458 2502 63
2481 2482 101
2503 2504 154
2528 2552 97
2540 2550 39
2565 2587 5
2572 2605 202
2583 2592 9
2593 2598 268
2593 2634 17
2598 2628 258
2602 2650 57
2619 2667 252
2642 2670 186
2657 2690 185
2663 2672 77
2685 2705 171
2704 2724 13
2711 2761 166
2727 2777 6
2738 2777 277
2766 2814 190
2787 2816 78
2807 2812 272
2812 2855 30
2817 2821 259
2836 2879 216
2838 2879 119
2844 2877 45
2856 2860 184
2875 2915 66
2881 2882 103
2883 2886 51
2907 2952 216
2907 2935 42
2926 2953 247
2942 2984 126
2960 3002 18
2973 2999 141
2985 3032 126
3007 3018 45
3024 3039 198
3025 3070 37
3045 3084 289
3071 3105 300
3081 3095 27
3082 3129 99
3094 3125 204
3094 3099 217
3098 3139 271
3104 3112 272
3121 3122 73
3143 3185 29
3172 3209 61
3181 3214 245
3199 3238 256
3203 3244 183
3226 3272 187
3248 3281 137
3271 3304 180
3278 3285 117
3301 3326 250
3309 3358 56
3314 3325 13
3323 3347 47
3338 3357 96
3362 3402 132
3379 3421 31
3381 3420 218
3404 3429 155
3416 3462 215
3440 3448 79
3448 3450 223
3471 3476 222
3488 3508 70
3506 3525 129
3520 3523 10
3543 3572 83
3573 3606 20
3575 3578 241
3579 3612 110
3584 3628 236
3588 3604 244
3612 3615 106
3634 3636 137
3653 3666 143
3675 3708 109
3694 3712 281
3716 3738 48
3726 3751 60
3751 3762 125
3759 3762 46
3764 3788 298
3793 3834 103
3808 3820 33
3826 3874 112
3842 3843 170
3852 3887 232
3860 3884 282
3868 3900 221
3872 3898 76
3896 3918 117
3908 3935 153
3938 3941 242
3958 3959 71
3983 4028 205
4007 4047 280
4010 4025 290
4028 4062 257
4052 4062 222
4054 4085 272
4071 4111 168
4101 4151 34
4105 4136 14
4113 4122 210
4132 4162 215
4132 4180 131
4159 4162 22
4179 4207 69
4198 4206 19
4215 4230 59
4241 4260 162
4244 4252 247
4272 4295 90
4290 4323 248
4312 4313 174
4329 4332 86
4346 4363 83
4351 4367 247
4363 4403 174
4365 4374 270
4390 4392 80
4402 4442 290
4413 4420 27
4416 4432 114
4437 4458 191
4438 4463 119
4445 4457 133
4458 4479 103
4485 4512 155
4486 4502 1
4487 4527 240
4505 4541 240
4525 4526 214
4554 4568 192
4563 4583 146
4586 4613 280
4613 4628 27
4629 4670 56
4634 4648 281
4638 4663 190
4653 4667 231
4675 4680 40
4694 4698 68
4697 4714 278
4704 4732 251
4732 4748 3
4738 4767 52
4744 4769 10
4765 4815 161
4795 4810 277
4819 4855 278
4845 4853 254
4867 4871 237
4886 4910 102
4892 4898 277
4892 4895 225
4895 4935 226
4903 4926 20
4927 4946 108
4954 4960 267
4967 4996 13
4990 5031 181
4997 5012 266
5020 5064 101
5030 5053 59
5046 5056 123
5056 5105 294
5070 5085 9
5095 5128 294
5101 5107 32
5106 5120 250
5117 5140 173
5131 5164 254
5152 5182 133
5159 5190 140
5186 5231 297
5193 5199 13
5216 5227 51
5238 5244 139
5242 5247 229
5263 5302 297
5271 5302 147
5274 5315 156
5297 5326 78
5299 5311 78
5327 5334 299
5336 5376 70
5336 5368 119
5344 5379 264
5351 5386 244
5362 5404 292
5375 5381 239
5397 5402 286
5406 5456 195
5418 5463 293
5437 5439 266
5455 5476 96
5483 5518 207
5501 5509 204
5515 5535 86
5515 5551 41
5516 5530 46
5546 5557 104
5558 5563 3
5563 5571 146
5568 5605 218
5598 5608 129
5608 5613 209
5608 5657 119
5636 5663 230
5648 5665 130
5655 5691 7
5683 5708 70
5703 5722 226
5721 5747 52
5733 5768 177
5761 5784 68
5775 5805 258
5801 5812 245
