400
29 48 116
48 86 226
58 107 114
79 80 100
86 125 92
93 113 61
98 109 176
119 128 106
138 167 262
158 179 154
167 198 63
167 198 176
171 209 222
200 207 269
226 269 55
237 269 5
243 286 43
263 303 30
281 286 248
296 312 242
302 328 234
313 341 49
342 387 50
351 352 18
374 403 129
397 408 217
427 474 292
439 484 49
450 466 34
450 494 44
454 461 290
461 475 285
463 485 95
478 487 282
503 519 244
529 571 245
549 579 102
579 581 90
588 614 240
598 608 257
625 653 206
628 656 283
636 641 175
661 673 238
688 720 238
707 726 50
710 746 161
718 767 299
745 759 151
756 759 152
778 825 128
801 822 163
826 834 96
827 854 190
851 856 188
871 875 19
891 924 53
915 940 290
915 916 191
933 966 179
953 988 287
977 1014 227
991 1011 233
1013 1041 51
1015 1054 224
1024 1028 156
1024 1040 261
1032 1075 44
1056 1070 182
1086 1094 106
1092 1121 173
1099 1125 168
1114 1116 15
1118 1129 231
1121 1163 139
1123 1141 5
1126 1156 247
1148 1183 126
1172 1220 255
1185 1202 164
1195 1245 1
1198 1238 153
1207 1210 205
1209 1220 159
1220 1227 159
1236 1241 197
1238 1242 166
1253 1291 226
1278 1314 121
1282 1284 125
1312 1330 287
1319 1331 278
1335 1346 81
1354 1356 170
1356 1391 232
1364 1391 234
1378 1397 18
1391 1419 25
1421 1446 203
1444 1456 29
1468 1492 83
1475 1521 32
1482 1504 244
1501 1510 50
1502 1519 5
1507 1540 108
1527 1569 4
1538 1574 109
1538 1588 64
1539 1574 191
1542 1589 10
1570 1576 269
1577 1596 50
1578 1616 122
1607 1622 10
1609 1631 279
1614 1624 141
1634 1672 35
1636 1664 164
1638 1639 9
1640 1678 67
1651 1671 199
1670 1712 50
1671 1681 215
1699 1700 124
1700 1750 43
1712 1749 124
1729 1751 137
1738 1742 17
1752 1777 36
1775 1797 32
1788 1807 126
1795 1807 272
1808 1828 107
1832 1872 285
1836 1869 182
1858 1883 185
1878 1897 277
1878 1912 78
1899 1946 70
1924 1973 294
1940 1968 174
1941 1989 59
1945 1961 232
1958 1967 98
1959 1977 156
1960 1971 63
1962 1982 14
1971 1976 45
1990 2009 47
2012 2044 160
2032 2071 273
2060 2079 71
2082 2132 136
2089 2134 182
2117 2122 160
2134 2177 162
2149 2166 251
2152 2185 257
2174 2221 94
2185 2208 128
2215 2265 12
2239 2264 173
2241 2244 264
2243 2248 19
2247 2277 62
2277 2299 107
2303 2316 199
2313 2318 67
2337 2340 128
2360 2404 39
2379 2409 84
2394 2411 160
2419 2468 121
2434 2460 142
2449 2496 248
2465 2511 35
2482 2504 107
2497 2522 206
2514 2519 255
2521 2533 280
2539 2560 207
2541 2544 122
2556 2572 129
2585 2629 291
2608 2634 156
2623 2638 55
2651 2675 188
2675 2684 244
2699 2738 168
2717 2720 140
2736 2738 109
2738 2785 193
2753 2776 23
2777 2779 157
2789 2795 8
2818 2825 62
2824 2863 171
2836 2852 164
2841 2874 86
2871 2883 105
2886 2907 188
2912 2941 228
2922 2959 292
2938 2958 51
2945 2992 255
2948 2967 97
2959 2984 299
2976 2990 13
2998 3031 180
3016 3036 223
3040 3071 269
3042 3059 134
3051 3091 13
3057 3102 256
3058 3092 175
3075 3110 140
3095 3102 284
3107 3142 202
3108 3129 263
3120 3144 285
3138 3154 241
3141 3146 224
3158 3162 23
3176 3182 272
3179 3214 195
3200 3202 92
3222 3260 79
3238 3252 273
3257 3279 17
3278 3279 288
3297 3322 96
3300 3312 52
3316 3358 126
3323 3341 289
3339 3385 71
3348 3364 95
3350 3397 84
3371 3392 114
3373 3387 194
3379 3387 163
3402 3446 28
3424 3442 260
3454 3455 236
3473 3493 195
3473 3499 182
3492 3510 44
3494 3522 68
3512 3540 170
3517 3523 255
3534 3542 271
3544 3566 177
3570 3617 246
3573 3575 109
3579 3599 189
3606 3625 218
3606 3653 17
3619 3623 197
3647 3690 86
3656 3658 144
3683 3691 203
3696 3710 149
3721 3734 192
3742 3750 83
3765 3789 267
3771 3806 262
3785 3826 200
3797 3839 286
3799 3803 116
3808 3841 115
3821 3842 260
3845 3865 205
3874 3903 38
3874 3892 210
3878 3926 13
3893 3909 226
3898 3912 218
3920 3938 273
3947 3953 66
3970 4009 204
3970 3989 63
3997 3999 117
4017 4025 90
4023 4030 253
4030 4056 89
4031 4043 245
4053 4057 157
4055 4096 56
4081 4119 62
4107 4116 50
4118 4167 181
4127 4168 73
4135 4153 43
4143 4183 215
4169 4201 28
4174 4193 24
4196 4199 134
4213 4219 83
4228 4244 183
4240 4266 72
4249 4292 130
4271 4292 251
4282 4324 230
4307 4331 280
4315 4362 249
4327 4350 236
4343 4344 177
4370 4385 170
4385 4433 234
4391 4432 158
4394 4421 189
4424 4438 192
4453 4454 112
4465 4501 98
4470 4502 208
4485 4490 57
4490 4509 222
4506 4542 239
4525 4529 153
4547 4552 61
4572 4616 146
4580 4587 241
4594 4636 287
4596 4633 300
4622 4634 31
4628 4632 86
4647 4653 241
4658 4692 211
4679 4722 36
4694 4721 269
4697 4736 130
4719 4743 160
4741 4780 71
4767 4791 224
4792 4837 248
4809 4829 106
4831 4868 10
4847 4887 206
4875 4882 162
4886 4905 112
4914 4923 28
4926 4958 109
4937 4977 113
4949 4950 216
4964 5010 72
4984 5017 276
4985 5009 33
4992 5002 285
4995 5040 127
5003 5022 45
5008 5055 142
5020 5065 268
5022 5045 135
5041 5064 123
5056 5066 116
5067 5083 191
5085 5108 118
5089 5107 83
5090 5135 93
5105 5145 190
5107 5152 65
5120 5153 134
5147 5196 141
5165 5185 200
5194 5204 187
5196 5222 44
5226 5232 201
5238 5270 267
5247 5283 205
5274 5314 77
5293 5318 110
5299 5306 175
5309 5340 72
5310 5314 210
5333 5372 165
5341 5385 138
5352 5376 102
5382 5411 68
5399 5437 86
5424 5454 167
5453 5497 13
5468 5517 251
5497 5546 39
5524 5559 271
5551 5601 4
5580 5589 261
5607 5648 148
5631 5674 268
5658 5687 55
5677 5685 93
5685 5686 56
5696 5728 132
5714 5748 128
5729 5732 270
5738 5758 73
5739 5754 267
5766 5776 168
5788 5838 20
5808 5813 291
5818 5863 238
