400
22 39 113
45 77 65
60 94 278
82 92 171
104 137 150
120 156 190
147 176 242
154 170 91
174 187 161
185 216 117
187 237 161
190 218 199
219 250 51
240 290 108
265 285 122
292 295 134
316 323 286
345 369 90
373 391 26
379 420 25
407 411 254
430 475 150
452 470 67
468 516 232
472 481 124
494 536 123
511 542 51
525 542 139
533 573 70
543 577 233
548 590 241
573 613 184
582 626 28
585 624 221
596 597 293
602 607 55
604 621 299
605 629 17
621 667 46
648 672 7
669 682 131
695 724 96
720 724 91
726 728 293
744 753 272
750 756 82
774 789 84
802 826 289
809 854 17
824 857 66
846 880 141
871 901 238
891 930 20
900 934 288
904 952 298
906 908 250
924 945 99
937 969 127
954 973 86
963 1003 49
993 1032 40
1001 1029 277
1018 1042 244
1044 1085 51
1050 1073 255
1073 1100 21
1091 1097 264
1112 1148 112
1120 1149 107
1140 1175 61
1164 1178 27
1183 1213 137
1205 1233 197
1212 1239 178
1221 1256 172
1239 1251 70
1248 1293 243
1256 1303 139
1259 1272 29
1282 1309 219
1301 1321 31
1312 1355 184
1316 1326 18
1343 1346 110
1370 1414 183
1400 1434 37
1407 1416 258
1414 1456 134
1433 1469 16
1434 1475 26
1459 1497 249
1474 1521 72
1492 1497 53
1493 1542 146
1506 1510 228
1534 1573 141
1560 1567 156
1564 1604 157
1591 1623 223
1612 1659 28
1631 1642 219
1647 1690 73
1670 1683 298
1684 1687 46
1709 1746 194
1724 1734 177
1726 1759 198
1733 1774 30
1751 1785 170
1780 1818 282
1806 1831 55
1836 1864 90
1854 1866 226
1880 1911 148
1906 1953 276
1911 1916 19
1931 1963 287
1937 1982 143
1957 1960 225
1966 1995 61
1981 2016 98
2009 2020 256
2028 2060 94
2031 2055 266
2042 2047 114
2072 2111 229
2080 2099 46
2096 2125 230
2104 2123 256
2132 2143 80
2160 2193 280
2174 2184 103
2177 2209 105
2194 2203 204
2219 2249 232
2225 2274 170
2239 2252 164
2243 2291 58
2250 2275 130
2256 2274 113
2259 2277 136
2288 2319 171
2288 2338 86
2298 2341 175
2299 2336 113
2301 2327 133
2306 2341 270
2323 2337 296
2341 2346 259
2361 2408 257
2390 2398 70
2409 2447 225
2424 2448 43
2445 2494 170
2460 2461 18
2490 2524 188
2505 2538 264
2515 2562 52
2525 2530 226
2532 2562 173
2552 2556 107
2572 2618 98
2573 2616 9
2584 2592 236
2610 2616 279
2639 2659 87
2654 2655 8
2660 2671 190
2683 2717 31
2706 2728 36
2712 2735 18
2738 2784 10
2745 2784 273
2764 2810 107
2780 2825 173
2803 2812 43
2811 2848 196
2818 2834 135
2829 2876 292
2849 2857 234
2863 2912 207
2889 2894 119
2904 2905 235
2912 2954 206
2937 2981 180
2946 2986 248
2968 3016 62
2998 3011 230
3026 3074 273
3049 3089 203
3059 3067 73
3062 3086 17
3092 3113 76
3114 3133 133
3128 3161 298
3146 3152 40
3174 3207 73
3187 3188 82
3212 3225 180
3239 3280 46
3253 3293 60
3257 3272 41
3279 3280 254
3308 3315 252
3318 3327 295
3341 3382 15
3353 3370 18
3372 3400 54
3394 3440 222
3400 3444 245
3408 3451 45
3416 3418 263
3431 3444 46
3443 3480 73
3472 3479 23
3490 3523 184
3490 3524 162
3513 3556 181
3525 3545 100
3549 3556 29
3563 3595 266
3583 3590 257
3595 3627 61
3624 3638 300
3624 3638 284
3649 3687 223
3654 3672 285
3684 3687 297
3714 3758 138
3740 3783 66
3741 3742 262
3756 3798 121
3765 3813 21
3790 3812 216
3801 3808 281
3819 3828 232
3835 3859 22
3837 3863 285
3861 3871 90
3865 3915 194
3894 3913 52
3912 3920 264
3926 3956 167
3947 3989 113
3966 4009 148
3970 3993 291
3986 4002 82
4010 4057 299
4013 4050 115
4020 4032 247
4046 4062 283
4049 4077 196
4049 4095 210
4064 4097 6
4065 4089 206
4073 4113 116
4090 4123 179
4098 4148 150
4128 4174 155
4158 4178 72
4164 4181 58
4177 4187 164
4180 4195 39
4188 4198 54
4216 4230 243
4227 4269 168
4255 4266 38
4270 4272 117
4283 4295 266
4287 4317 253
4293 4343 144
4305 4348 94
4334 4377 293
4357 4369 211
4377 4388 294
4392 4432 158
4411 4457 170
4429 4466 214
4429 4464 197
4459 4477 112
4460 4477 21
4463 4480 38
4468 4489 269
4476 4480 196
4498 4547 2
4520 4538 271
4528 4556 16
4536 4568 51
4554 4567 181
4571 4572 62
4571 4605 5
4591 4635 106
4597 4635 254
4599 4600 168
4612 4651 276
4642 4646 89
4658 4674 26
4664 4695 296
4675 4722 43
4687 4689 185
4714 4727 112
4727 4771 247
4729 4732 160
4747 4768 254
4758 4766 147
4788 4808 298
4801 4818 108
4804 4818 178
4810 4828 27
4835 4880 188
4856 4868 18
4866 4890 13
4883 4917 225
4886 4900 113
4915 4936 258
4929 4975 157
4942 4991 104
4963 4976 235
4963 4986 33
4986 4989 62
4996 5033 152
5014 5015 20
5030 5038 167
5059 5080 74
5063 5102 98
5090 5126 181
5105 5143 262
5134 5143 93
5145 5187 145
5174 5188 216
5178 5193 148
5179 5200 98
5185 5194 107
5214 5264 95
5228 5266 84
5228 5255 112
5239 5275 244
5261 5263 281
5283 5286 148
5299 5347 125
5323 5354 54
5352 5397 132
5380 5401 260
5386 5397 207
5391 5417 20
5404 5435 55
5406 5433 231
5422 5429 210
5431 5463 295
5443 5470 5
5469 5496 59
5496 5532 206
5512 5526 39
5536 5550 45
5554 5587 99
5567 5612 21
5591 5608 35
5593 5610 231
5608 5631 156
5618 5661 176
5628 5674 151
5657 5671 292
5684 5698 15
5695 5720 276
5713 5732 237
5714 5755 179
5726 5759 258
5745 5769 127
5759 5782 223
5789 5790 114
5789 5834 277
5798 5841 70
5812 5860 210
5814 5828 26
5831 5833 247
5853 5857 12
5874 5906 246
5898 5932 70
5924 5951 186
5930 5939 129
5945 5951 45
5972 6017 213
5993 6018 187
6015 6038 175
6024 6047 142
6033 6050 115
6046 6051 94
6056 6071 60
6070 6107 112
6096 6136 99
6109 6158 108
6137 6157 40
6150 6198 241
6164 6194 209
6178 6192 84
6184 6232 138
6207 6238 171
6231 6240 131
6247 6263 142
6257 6289 108
