400
15 20 216
29 65 93
56 88 193
83 99 193
100 145 32
111 122 264
113 136 150
131 175 162
136 184 160
152 167 56
164 185 83
168 185 15
181 183 234
203 241 239
212 243 265
223 266 234
226 237 55
245 292 247
256 265 109
273 286 136
273 307 136
298 311 205
309 339 35
321 346 271
337 368 132
349 361 141
363 376 166
381 430 207
406 426 247
432 439 157
461 483 281
461 464 249
491 532 18
500 539 60
507 556 287
518 521 68
525 534 152
545 573 234
575 589 66
579 597 195
597 615 214
604 648 292
633 677 228
662 706 234
687 727 252
705 748 4
710 744 40
710 758 2
716 766 20
742 752 267
747 762 134
776 795 174
782 794 215
786 816 231
800 829 45
811 823 220
814 832 6
822 840 81
823 831 97
826 873 7
855 902 267
856 893 179
877 889 162
886 927 99
916 962 200
920 957 214
920 924 289
932 973 86
935 967 116
961 1010 233
989 994 196
1018 1041 211
1034 1058 38
1038 1052 162
1041 1069 93
1060 1095 290
1065 1112 166
1091 1092 130
1109 1158 84
1124 1157 104
1143 1181 37
1145 1150 217
1165 1210 102
1177 1180 121
1192 1195 206
1208 1214 89
1223 1232 163
1236 1238 183
1244 1291 182
1254 1284 251
1261 1272 50
1278 1317 180
1281 1301 111
1309 1334 176
1320 1338 219
1349 1359 187
1355 1403 64
1363 1392 38
1376 1411 110
1380 1429 234
1406 1415 47
1416 1425 32
1441 1454 67
1469 1508 124
1495 1515 84
1498 1507 13
1519 1539 83
1547 1595 57
1575 1608 250
1602 1608 230
1607 1638 252
1625 1669 101
1626 1650 32
1635 1652 145
1663 1708 20
1682 1701 269
1707 1710 234
1732 1769 234
1760 1799 244
1778 1795 215
1785 1786 287
1807 1852 186
1830 1848 217
1834 1851 247
1842 1860 191
1858 1874 197
1870 1909 277
1886 1906 81
1913 1956 106
1923 1970 230
1946 1953 65
1951 1996 54
1956 1986 12
1971 2008 288
1989 2034 126
2008 2050 281
2016 2033 136
2037 2071 110
2039 2059 130
2040 2071 227
2067 2105 139
2087 2113 120
2112 2159 211
2112 2129 85
2121 2125 62
2128 2168 249
2154 2156 224
2160 2205 251
2175 2182 27
2177 2220 59
2181 2212 177
2201 2203 73
2222 2261 237
2222 2272 115
2223 2257 172
2241 2289 123
2269 2273 251
2278 2315 128
2281 2331 276
2300 2349 19
2300 2313 237
2304 2344 143
2319 2343 13
2349 2355 103
2366 2397 42
2388 2433 261
2389 2402 61
2389 2438 200
2411 2456 53
2432 2440 212
2436 2463 9
2452 2470 117
2454 2501 64
2462 2479 136
2491 2504 239
2504 2537 201
2510 2513 266
2525 2539 57
2539 2557 55
2562 2571 258
2564 2613 22
2578 2614 122
2604 2647 63
2614 2647 246
2627 2663 191
2631 2659 62
2643 2693 259
2655 2675 12
2658 2678 5
2685 2686 97
2709 2738 272
2722 2733 142
2728 2741 5
2749 2750 26
2754 2784 151
2771 2796 261
2790 2838 26
2820 2836 35
2837 2874 24
2865 2872 116
2867 2913 235
2879 2888 262
2905 2916 123
2924 2962 300
2940 2982 57
2955 2959 232
2974 2979 32
2981 2994 216
2984 3018 298
3014 3021 139
3031 3055 254
3053 3069 46
3077 3078 120
3100 3102 113
3129 3154 105
3148 3182 270
3158 3190 50
3160 3198 248
3169 3175 263
3173 3179 49
3201 3209 116
3204 3239 289
3209 3249 165
3214 3253 140
3226 3227 134
3228 3230 180
3232 3267 93
3251 3280 212
3260 3288 69
3272 3304 251
3273 3298 280
3292 3340 223
3293 3309 297
3312 3355 37
3329 3359 215
3334 3355 60
3341 3377 21
3357 3375 254
3387 3410 266
3407 3423 271
3413 3431 260
3417 3420 15
3447 3466 29
3471 3496 226
3498 3532 23
3510 3559 175
3519 3542 162
3541 3561 45
3550 3564 201
3563 3567 85
3587 3634 16
3594 3624 189
3616 3665 137
3636 3671 210
3655 3695 268
3666 3677 35
3691 3730 138
3697 3723 89
3722 3770 113
3747 3749 180
3765 3768 141
3777 3801 135
3794 3831 42
3818 3859 218
3827 3829 190
3838 3860 215
3840 3890 183
3851 3870 286
3881 3906 284
3898 3937 179
3911 3918 38
3916 3917 14
3940 3947 232
3946 3988 57
3965 4004 112
3975 3983 93
3983 4027 298
3985 3986 65
3986 3992 274
4011 4034 227
4040 4089 70
4062 4085 92
4066 4077 126
4068 4092 116
4084 4131 144
4088 4103 214
4101 4104 15
4113 4125 16
4132 4157 32
4136 4137 242
4155 4189 101
4173 4192 2
4183 4210 105
4193 4208 147
4200 4204 246
4230 4260 42
4241 4270 163
4260 4287 142
4281 4311 127
4281 4291 212
4289 4331 7
4290 4336 105
4293 4296 284
4317 4343 148
4345 4394 197
4347 4389 185
4356 4381 97
4373 4413 44
4386 4413 56
4402 4452 100
4416 4423 216
4434 4465 121
4447 4464 195
4473 4499 236
4475 4519 146
4503 4517 194
4509 4535 3
4519 4528 89
4519 4529 155
4533 4567 3
4539 4572 207
4552 4594 289
4562 4588 208
4588 4595 15
4617 4658 99
4634 4664 84
4639 4645 279
4643 4673 169
4646 4681 300
4673 4687 218
4682 4712 199
4706 4743 153
4713 4751 73
4723 4740 91
4746 4790 243
4751 4785 141
4754 4778 222
4773 4786 22
4793 4815 54
4811 4859 190
4811 4826 6
4840 4862 10
4861 4880 8
4890 4905 215
4903 4943 161
4913 4918 53
4933 4978 179
4951 4986 159
4962 5003 185
4975 4976 196
5004 5052 251
5007 5020 3
5012 5027 182
5027 5044 71
5047 5056 49
5066 5089 282
5069 5070 192
5075 5092 91
5094 5126 34
5123 5138 274
5135 5174 91
5163 5209 297
5189 5232 118
5203 5205 193
5217 5252 129
5223 5254 291
5249 5285 121
5269 5290 127
5271 5309 251
5281 5285 267
5292 5321 274
5303 5339 124
5324 5354 76
5354 5390 236
5354 5382 127
5365 5409 185
5367 5378 290
5383 5406 141
5402 5409 219
5407 5453 260
5427 5455 290
5439 5469 213
5443 5454 112
5463 5475 296
5471 5476 173
5484 5522 136
5500 5516 184
5507 5511 106
5533 5550 82
5561 5584 53
5564 5587 142
5581 5612 113
5607 5649 147
5630 5676 36
5652 5676 83
5666 5702 12
5672 5692 14
5687 5733 7
5717 5757 79
5739 5778 257
