400
16 19 220
24 38 28
49 56 88
68 87 187
71 91 204
72 88 285
73 82 163
76 121 276
76 102 151
89 108 55
111 148 163
126 149 208
153 184 124
179 208 17
191 226 119
202 232 24
206 232 42
207 209 75
218 244 22
236 241 263
266 302 206
293 331 263
312 335 60
324 329 193
337 368 254
360 387 7
364 400 166
364 375 102
390 391 94
402 448 147
420 424 296
425 460 200
454 495 189
477 491 81
482 509 251
488 505 239
516 564 29
533 536 83
558 596 136
583 593 76
589 613 135
616 650 169
641 683 3
669 689 173
685 689 173
714 746 138
723 765 108
739 787 110
750 789 201
780 790 89
809 835 182
813 818 229
839 886 30
843 893 138
848 865 260
878 915 157
901 948 177
924 937 83
932 951 246
952 959 109
953 989 214
966 1007 265
987 1023 44
1002 1044 271
1006 1026 228
1036 1081 266
1049 1093 254
1051 1089 233
1058 1104 180
1072 1109 222
1084 1106 299
1103 1130 29
1130 1172 84
1151 1197 14
1169 1191 144
1189 1202 154
1204 1235 108
1208 1234 192
1230 1279 121
1232 1234 91
1240 1273 229
1242 1266 212
1253 1282 289
1264 1271 175
1270 1319 216
1274 1282 298
1283 1324 234
1294 1308 112
1324 1360 123
1332 1335 168
1352 1397 243
1371 1399 58
1394 1402 146
1419 1444 229
1443 1488 188
1466 1474 83
1480 1502 167
1492 1507 77
1503 1506 97
1533 1554 272
1537 1560 235
1548 1561 152
1549 1550 250
1561 1590 31
1574 1589 252
1575 1595 284
1600 1624 118
1614 1657 39
1615 1664 196
1618 1649 159
1629 1649 186
1633 1661 37
1635 1651 21
1662 1678 251
1667 1680 60
1691 1694 65
1710 1755 208
1733 1751 96
1739 1775 138
1762 1776 133
1792 1833 161
1796 1821 222
1826 1844 25
1831 1841 84
1860 1878 180
1874 1891 39
1874 1906 36
1880 1895 284
1892 1898 250
1895 1936 195
1903 1905 117
1924 1946 212
1949 1977 83
1952 1998 40
1963 1988 56
1988 2031 141
1990 2000 164
2007 2040 58
2035 2064 121
2043 2064 119
2070 2087 272
2076 2116 97
2099 2137 135
2119 2167 139
2133 2171 134
2140 2157 114
2144 2190 160
2161 2188 62
2190 2222 101
2204 2254 146
2224 2245 58
2241 2290 220
2261 2266 294
2269 2274 202
2279 2288 194
2282 2290 270
2301 2334 196
2325 2361 226
2355 2400 97
2358 2397 43
2360 2391 178
2362 2403 176
2389 2406 242
2412 2452 157
2438 2487 274
2459 2497 97
2461 2475 87
2471 2474 197
2485 2513 283
2487 2514 13
2508 2553 72
2513 2534 143
2514 2541 83
2537 2562 224
2564 2592 242
2580 2616 68
2593 2604 120
2601 2635 213
2619 2632 179
2634 2642 41
2662 2693 185
2664 2672 1
2670 2720 116
2693 2701 84
2694 2716 103
2710 2722 129
2713 2740 90
2721 2731 22
2738 2744 33
2764 2781 82
2770 2812 118
2800 2811 212
2825 2828 75
2830 2834 119
2844 2878 290
2865 2880 3
2865 2883 29
2884 2931 50
2894 2923 36
2921 2926 297
2924 2944 264
2932 2982 128
2958 2988 128
2973 3000 90
2987 3006 87
2998 3036 118
3004 3030 192
3027 3033 34
3043 3072 137
3056 3088 169
3071 3088 193
3091 3137 249
3100 3120 110
3100 3147 34
3129 3178 257
3145 3148 94
3145 3194 250
3152 3193 12
3172 3198 180
3194 3232 139
3205 3245 74
3235 3271 163
3249 3262 62
3275 3301 228
3279 3317 219
3293 3319 53
3302 3308 248
3312 3357 233
3337 3341 107
3339 3387 69
3359 3383 32
3376 3406 82
3397 3421 189
3425 3452 14
3430 3436 198
3453 3492 245
3468 3494 107
3491 3522 201
3497 3509 283
3510 3527 284
3515 3561 216
3540 3549 156
3551 3565 209
3563 3598 32
3564 3600 96
3587 3613 172
3590 3601 22
3615 3645 137
3618 3653 41
3629 3668 41
3658 3689 95
3672 3678 138
3687 3693 196
3710 3718 270
3725 3748 50
3742 3788 131
3759 3768 281
3768 3804 290
3796 3827 87
3799 3821 50
3821 3862 88
3842 3884 292
3856 3898 138
3884 3920 207
3888 3938 270
3908 3918 6
3926 3929 146
3953 3979 142
3969 3991 115
3989 4009 124
4005 4050 178
4011 4012 141
4020 4035 72
4040 4068 144
4056 4057 160
4074 4090 254
4090 4095 217
4098 4119 87
4119 4125 75
4127 4176 77
4128 4145 118
4157 4174 226
4168 4170 290
4172 4178 179
4194 4203 237
4210 4230 159
4212 4255 60
4237 4285 244
4250 4264 186
4262 4287 271
4275 4320 138
4280 4285 27
4292 4316 50
4303 4311 149
4305 4306 101
4324 4360 271
4336 4364 255
4362 4402 167
4365 4383 177
4381 4415 171
4407 4418 64
4419 4422 9
4435 4467 229
4442 4458 261
4459 4472 88
4477 4478 219
4480 4508 180
4509 4510 254
4534 4564 252
4554 4584 193
4570 4604 239
4573 4621 114
4594 4625 299
4598 4634 127
4623 4644 125
4626 4676 250
4631 4654 194
4632 4658 63
4641 4671 115
4668 4688 127
4692 4715 36
4709 4718 117
4716 4763 270
4739 4771 92
4769 4819 246
4775 4791 60
4778 4798 24
4796 4836 297
4812 4850 245
4827 4848 67
4853 4899 107
4874 4895 165
4885 4935 11
4886 4933 121
4916 4940 13
4931 4978 299
4932 4970 15
4959 4990 22
4963 4974 170
4988 5024 139
4996 5036 71
5006 5055 295
5013 5031 148
5034 5047 112
5059 5063 194
5078 5106 33
5108 5145 189
5127 5167 237
5127 5163 173
5128 5178 209
5153 5170 221
5176 5184 86
5190 5217 2
5195 5236 42
5203 5223 167
5231 5276 23
5248 5265 87
5260 5294 218
5272 5299 282
5282 5310 235
5311 5350 217
5337 5366 256
5367 5392 219
5367 5415 142
5397 5440 126
5408 5452 59
5408 5426 145
5426 5434 81
5450 5488 250
5466 5485 228
5466 5490 174
5491 5519 270
5507 5521 263
5509 5526 68
5526 5532 299
5535 5546 140
5543 5592 197
5560 5568 175
5580 5593 164
5594 5638 174
5622 5631 205
5625 5672 170
5653 5703 150
5666 5693 172
5672 5683 235
5700 5721 136
5714 5746 19
5744 5769 40
5768 5803 90
5790 5816 290
5795 5807 260
5807 5821 136
5810 5833 99
5835 5880 275
5847 5892 244
5866 5914 167
5878 5928 106
5892 5931 186
5904 5952 248
5911 5933 78
