400
28 77 19
42 49 121
43 62 158
51 83 7
63 72 38
66 97 7
96 146 165
102 123 30
105 154 172
123 173 123
147 181 162
164 182 115
170 183 77
181 228 156
199 216 196
224 273 203
250 295 295
266 293 208
286 320 59
313 326 149
325 341 36
342 367 147
346 368 39
358 363 105
358 365 54
382 385 206
394 430 126
395 432 223
402 444 81
421 448 96
447 465 64
463 505 138
479 481 264
499 538 74
501 546 64
526 571 12
549 586 249
567 599 205
570 600 81
588 625 49
605 638 221
632 635 32
655 685 256
673 722 57
675 702 287
702 705 137
732 754 220
735 780 60
736 759 100
746 775 189
761 796 70
776 783 36
789 814 45
804 809 15
834 860 273
859 866 212
887 902 66
888 914 236
891 912 58
921 924 193
936 967 166
956 964 200
976 1015 121
1006 1045 156
1008 1009 59
1020 1044 221
1035 1051 277
1047 1052 276
1052 1088 68
1072 1084 23
1074 1084 251
1086 1118 96
1105 1115 273
1128 1161 61
1154 1160 208
1184 1200 289
1187 1199 296
1217 1226 251
1237 1252 115
1263 1278 93
1269 1283 140
1285 1329 225
1285 1290 69
1292 1303 32
1306 1319 31
1311 1335 95
1324 1368 175
1339 1350 212
1354 1398 98
1361 1372 120
1371 1385 96
1400 1433 262
1425 1472 151
1450 1476 26
1452 1473 225
1468 1495 34
1475 1515 109
1503 1538 298
1513 1541 164
1543 1563 111
1543 1559 181
1558 1599 225
1586 1629 299
1603 1640 285
1616 1643 275
1642 1661 258
1657 1658 298
1668 1672 250
1690 1739 103
1717 1739 99
1722 1753 202
1751 1753 151
1776 1777 183
1801 1816 133
1806 1839 298
1809 1844 249
1839 1842 42
1840 1855 49
1850 1876 192
1854 1901 117
1882 1900 7
1911 1933 252
1927 1967 239
1945 1968 152
1946 1967 69
1950 1970 239
1958 2007 152
1978 2004 72
1995 1996 190
2012 2022 105
2030 2041 296
2034 2078 212
2055 2097 103
2064 2083 22
2093 2100 27
2099 2132 131
2118 2131 98
2143 2161 160
2164 2206 80
2190 2232 100
2206 2208 269
2233 2241 24
2257 2285 168
2270 2283 224
2278 2285 70
2285 2288 296
2308 2315 135
2335 2351 154
2335 2352 186
2349 2355 222
2361 2385 80
2362 2397 42
2376 2404 280
2376 2421 91
2382 2391 58
2412 2436 15
2435 2445 274
2463 2478 191
2468 2469 34
2486 2497 86
2516 2553 295
2524 2560 106
2554 2580 127
2577 2600 189
2588 2625 173
2617 2630 110
2644 2671 180
2671 2672 223
2690 2712 273
2700 2737 207
2714 2728 118
2736 2781 195
2766 2781 249
2796 2841 270
2796 2828 61
2820 2856 131
2832 2850 114
2839 2884 189
2848 2853 74
2878 2923 93
2895 2902 193
2905 2925 61
2913 2945 245
2942 2962 213
2961 2999 223
2963 3000 280
2984 3016 150
2985 3027 127
2988 3001 231
2993 3003 83
3006 3052 264
3026 3061 20
3043 3070 166
3044 3071 91
3046 3066 161
3065 3082 137
3082 3126 52
3102 3106 59
3114 3125 35
3135 3147 45
3148 3181 119
3168 3177 69
3181 3205 172
3203 3226 143
3215 3220 147
3228 3239 17
3249 3262 48
3274 3298 204
3291 3293 244
3294 3330 169
3295 3337 244
3306 3329 157
3323 3361 142
3329 3364 143
3355 3394 95
3357 3371 18
3387 3391 187
3399 3436 240
3418 3434 23
3428 3432 242
3433 3453 281
3460 3500 139
3466 3467 159
3483 3495 253
3496 3508 276
3507 3515 214
3527 3541 105
3547 3563 154
3570 3603 120
3594 3615 147
3601 3608 12
3619 3642 275
3622 3644 81
3639 3689 133
3658 3681 8
3688 3690 31
3693 3728 230
3695 3722 201
3710 3742 235
3733 3754 227
3758 3795 2
3763 3798 291
3763 3808 197
3765 3808 283
3778 3807 103
3796 3818 238
3826 3845 12
3849 3874 38
3879 3880 200
3883 3901 49
3888 3891 42
3917 3952 74
3929 3960 39
3954 3988 291
3966 3968 114
3979 4023 267
4004 4031 259
4031 4062 157
4047 4068 249
4052 4070 202
4076 4110 201
4090 4140 254
4111 4121 14
4111 4150 253
4130 4136 300
4159 4180 182
4184 4211 225
4212 4250 154
4230 4278 176
4241 4289 138
4271 4273 258
4287 4320 298
4288 4327 97
4314 4326 7
4323 4360 159
4340 4355 291
4358 4386 181
4378 4380 156
4393 4399 221
4408 4450 13
4433 4441 101
4447 4452 148
4454 4498 24
4483 4528 25
4508 4546 96
4532 4561 234
4545 4549 99
4554 4568 205
4573 4592 248
4590 4601 167
4616 4624 87
4634 4636 49
4638 4663 27
4645 4661 143
4660 4708 36
4668 4690 5
4694 4697 137
4719 4738 67
4737 4768 167
4752 4779 109
4759 4804 268
4764 4775 278
4779 4811 212
4805 4838 289
4834 4849 253
4860 4897 149
4868 4903 79
4875 4883 155
4883 4901 188
4905 4940 232
4914 4953 133
4936 4977 299
4938 4976 119
4941 4960 218
4948 4969 20
4973 4987 156
4981 4987 258
4990 4991 258
4993 5038 121
5014 5059 226
5015 5044 71
5038 5060 213
5051 5060 277
5077 5103 181
5101 5143 115
5115 5125 143
5145 5153 112
5153 5154 194
5158 5177 89
5159 5202 179
5181 5231 10
5204 5215 8
5214 5230 269
5237 5265 273
5254 5272 137
5274 5301 131
5288 5296 160
5292 5297 125
5304 5316 52
5323 5325 129
5331 5343 111
5347 5370 57
5373 5382 151
5391 5433 202
5417 5452 234
5418 5457 155
5419 5469 174
5428 5456 271
5446 5489 132
5464 5506 124
5485 5492 282
5504 5526 20
5522 5548 150
5529 5561 190
5559 5606 126
5587 5629 35
5611 5625 191
5615 5621 27
5622 5659 171
5629 5667 61
5651 5670 287
5680 5698 273
5688 5724 132
5699 5732 159
5699 5743 280
5707 5757 244
5733 5764 93
5745 5758 99
5751 5757 129
5777 5823 147
5785 5799 190
5787 5837 29
5803 5819 174
5807 5824 238
5835 5870 293
5848 5868 89
5869 5898 232
5880 5907 146
5885 5912 130
5900 5906 200
5924 5943 144
5928 5951 253
5929 5950 155
5959 5971 282
5985 6015 34
5985 5990 187
6007 6046 52
6033 6035 167
6048 6054 211
6048 6074 20
6055 6062 169
6058 6087 21
6067 6099 118
6078 6116 216
6088 6111 270
6116 6153 215
6129 6165 35
6143 6183 16
6148 6179 229
6152 6174 28
