400
3 27 242
17 29 51
47 62 161
62 65 85
63 107 283
83 109 190
92 95 56
119 168 51
133 171 269
157 167 38
162 184 12
169 178 87
186 210 181
186 206 206
191 233 31
220 245 193
245 269 10
256 288 232
263 303 73
285 289 249
295 310 205
311 339 294
341 376 17
361 390 28
378 400 167
407 439 117
407 424 171
410 451 229
418 447 245
433 450 170
449 486 287
463 468 100
490 509 89
497 526 200
498 546 156
498 527 231
526 547 161
536 586 45
557 599 236
582 609 228
608 644 186
635 660 297
636 666 84
657 671 247
669 702 72
688 700 286
717 734 140
728 765 165
736 755 166
756 804 101
762 772 257
790 797 89
815 842 3
824 852 34
832 854 55
835 884 147
865 907 122
881 917 84
908 915 117
928 939 75
943 963 241
959 991 193
980 987 223
993 1001 294
1019 1052 91
1048 1076 191
1056 1103 151
1070 1073 71
1093 1133 134
1093 1141 92
1109 1114 81
1111 1141 274
1116 1126 44
1123 1142 44
1134 1158 144
1143 1176 101
1171 1216 59
1192 1240 268
1210 1254 177
1222 1228 226
1226 1257 90
1252 1301 116
1259 1282 89
1265 1314 216
1290 1302 185
1297 1318 201
1310 1351 54
1323 1325 73
1345 1366 44
1346 1387 37
1363 1411 95
1363 1385 123
1367 1375 35
1373 1393 101
1374 1415 118
1403 1434 76
1422 1463 166
1435 1470 39
1440 1458 243
1446 1452 83
1446 1478 221
1448 1470 70
1455 1482 47
1460 1493 26
1477 1512 8
1484 1505 243
1494 1495 166
1515 1559 104
1532 1575 288
1554 1604 280
1582 1593 213
1605 1616 188
1623 1650 69
1645 1691 20
1654 1671 215
1674 1700 267
1698 1741 293
1708 1721 64
1735 1757 21
1757 1787 297
1759 1769 70
1787 1834 170
1815 1843 116
1834 1883 269
1837 1878 179
1846 1873 110
1867 1893 68
1878 1892 192
1894 1921 168
1902 1913 193
1928 1943 62
1941 1988 21
1959 1960 179
1979 1994 116
1982 2023 288
1984 1985 8
1994 2038 92
2023 2052 61
2051 2082 145
2058 2070 140
2085 2132 295
2092 2134 68
2116 2164 300
2137 2142 249
2166 2200 181
2181 2224 288
2197 2238 256
2213 2224 69
2221 2248 89
2223 2268 86
2238 2281 271
2240 2282 205
2259 2295 8
2273 2321 238
2295 2313 104
2308 2334 251
2320 2353 136
2332 2365 21
2351 2396 180
2378 2395 84
2407 2412 55
2407 2420 244
2425 2467 249
2435 2458 279
2454 2460 66
2461 2474 288
2489 2539 174
2498 2543 199
2510 2526 158
2537 2565 93
2548 2585 59
2571 2588 293
2578 2609 218
2588 2601 49
2599 2634 128
2622 2647 241
2634 2657 151
2646 2679 216
2647 2653 205
2659 2699 32
2682 2729 190
2693 2705 183
2719 2722 245
2748 2765 223
2778 2822 94
2779 2793 43
2794 2830 253
2807 2821 11
2833 2867 216
2850 2869 214
2863 2895 37
2880 2924 82
2892 2902 196
2904 2954 94
2905 2928 105
2916 2938 20
2944 2990 277
2963 2965 157
2977 2999 187
3000 3031 124
3017 3041 277
3037 3071 87
3046 3076 44
3076 3083 55
3081 3118 217
3090 3111 61
3097 3114 138
3117 3162 157
3130 3140 249
3134 3184 297
3158 3176 190
3172 3173 39
3176 3206 49
3205 3226 205
3235 3256 152
3238 3244 222
3248 3250 247
3277 3296 202
3295 3326 269
3307 3339 278
3309 3317 199
3312 3322 12
3335 3374 278
3364 3382 24
3384 3406 100
3400 3410 136
3428 3438 232
3446 3469 54
3457 3477 170
3459 3497 149
3467 3500 16
3471 3483 163
3471 3472 21
3498 3544 146
3522 3543 156
3545 3593 275
3545 3564 11
3554 3564 112
3559 3565 274
3570 3589 255
3595 3629 83
3609 3627 257
3611 3647 243
3612 3628 208
3639 3689 94
3644 3682 183
3649 3686 120
3660 3670 15
3665 3713 99
3688 3724 49
3693 3706 2
3704 3707 268
3727 3775 287
3742 3757 152
3762 3812 246
3770 3794 88
3782 3826 201
3794 3833 131
3801 3843 75
3823 3870 115
3828 3836 215
3847 3873 226
3862 3901 83
3868 3902 186
3874 3913 282
3886 3921 299
3890 3912 115
3898 3910 28
3903 3921 100
3928 3951 218
3956 3961 69
3977 4011 170
3981 4029 70
4007 4010 294
4032 4078 47
4036 4076 113
4042 4060 196
4054 4096 111
4070 4117 231
4070 4071 152
4080 4081 241
4098 4114 170
4111 4123 174
4134 4172 169
4156 4193 207
4170 4203 25
4182 4229 70
4196 4202 146
4206 4207 203
4206 4226 283
4207 4234 96
4220 4236 265
4229 4252 119
4236 4249 200
4247 4297 119
4250 4281 245
4280 4294 212
4299 4309 148
4310 4357 20
4316 4318 4
4339 4360 58
4356 4390 161
4369 4404 291
4383 4423 180
4392 4395 19
4408 4418 79
4431 4446 114
4435 4476 232
4435 4456 98
4438 4455 296
4453 4466 144
4459 4491 19
4461 4488 17
4483 4523 159
4503 4518 295
4523 4573 107
4545 4594 153
4548 4574 114
4565 4570 88
4594 4595 209
4624 4631 221
4631 4645 78
4638 4683 109
4656 4685 182
4673 4675 283
4698 4724 205
4715 4760 257
4724 4763 130
4748 4776 81
4749 4767 140
4751 4755 127
4778 4805 103
4807 4857 170
4820 4825 129
4828 4844 101
4832 4874 206
4848 4898 60
4866 4903 90
4884 4928 60
4894 4895 47
4918 4945 255
4926 4929 297
4953 4971 148
4976 5022 29
5006 5012 31
5019 5048 178
5019 5043 201
5025 5073 13
5043 5044 237
5057 5097 190
5084 5116 263
5088 5119 273
5088 5093 16
5099 5127 89
5106 5136 131
5117 5164 280
5132 5137 270
5140 5148 30
5154 5200 130
5157 5187 220
5166 5192 294
5187 5223 129
5217 5265 164
5224 5259 140
5250 5254 4
5260 5269 216
5268 5287 56
5290 5309 279
5302 5311 234
5304 5351 236
5310 5344 171
5333 5379 199
5355 5367 161
5363 5395 282
5386 5395 231
5394 5440 192
5413 5450 142
5429 5433 279
5453 5480 71
5454 5469 269
5470 5511 170
5477 5507 9
5482 5510 221
5482 5530 11
5510 5547 96
5536 5586 196
5559 5574 154
5583 5607 112
5607 5640 222
5632 5648 130
5662 5668 273
5680 5705 116
5695 5744 75
5696 5697 91
5717 5745 93
5739 5761 60
5760 5781 77
5772 5802 272
5787 5831 282
5799 5826 261
