400
3 10 158
29 59 69
49 95 71
64 98 141
87 122 216
97 114 96
100 107 294
104 140 92
114 141 131
125 150 71
129 178 206
131 132 288
155 180 295
175 220 70
189 209 257
207 213 133
217 253 172
246 293 210
268 295 63
290 294 225
296 345 61
325 328 27
339 359 136
346 371 51
360 383 27
364 391 4
391 411 60
415 448 39
433 442 239
453 502 159
464 492 288
472 511 252
502 527 162
517 545 170
526 535 1
528 557 4
557 567 173
558 569 292
558 574 274
568 617 291
588 621 204
611 649 266
638 686 165
663 674 224
664 686 61
665 692 83
694 706 257
711 722 131
730 774 248
738 784 147
754 804 98
767 769 12
778 811 208
792 840 161
808 857 168
816 844 61
843 893 67
855 860 85
864 876 217
887 931 10
916 931 121
926 931 166
948 979 177
963 1000 15
976 1010 211
992 1030 163
1005 1027 108
1007 1055 207
1010 1017 19
1013 1060 68
1041 1082 149
1070 1120 200
1073 1101 178
1102 1151 111
1105 1142 93
1113 1138 100
1142 1171 91
1142 1154 127
1161 1205 194
1169 1170 64
1193 1228 177
1199 1219 269
1216 1235 49
1237 1284 211
1257 1302 12
1269 1293 15
1279 1306 57
1285 1291 54
1285 1319 8
1299 1308 198
1329 1341 278
1339 1342 189
1340 1370 152
1358 1402 114
1359 1398 237
1377 1423 171
1390 1410 124
1409 1459 174
1414 1452 149
1427 1429 231
1450 1488 136
1460 1472 267
1462 1492 293
1487 1525 52
1516 1535 290
1519 1527 72
1534 1546 169
1562 1592 44
1590 1628 76
1602 1640 4
1609 1613 25
1638 1680 203
1660 1665 223
1669 1696 131
1684 1734 10
1703 1738 256
1721 1743 126
1749 1798 34
1749 1757 81
1778 1806 273
1794 1825 164
1802 1809 133
1804 1838 247
1823 1855 245
1824 1866 184
1826 1843 114
1854 1883 21
1877 1891 292
1898 1940 288
1927 1955 41
1951 1984 5
1971 2006 232
1980 2014 88
1985 1990 287
2011 2031 14
2013 2026 155
2013 2033 21
2025 2041 247
2025 2073 121
2038 2050 52
2060 2075 15
2079 2088 265
2083 2115 195
2093 2094 103
2113 2142 103
2138 2144 88
2167 2170 261
2179 2227 102
2181 2189 271
2203 2217 221
2223 2232 195
2227 2261 31
2244 2254 262
2273 2307 249
2278 2321 63
2295 2305 208
2301 2323 167
2330 2374 133
2338 2371 182
2338 2362 261
2366 2408 157
2391 2431 181
2391 2432 85
2394 2419 109
2409 2456 231
2420 2440 64
2439 2481 207
2455 2479 239
2457 2474 50
2482 2486 13
2502 2511 212
2526 2551 59
2527 2548 120
2527 2568 150
2527 2568 223
2544 2564 136
2554 2585 93
2572 2582 70
2601 2605 82
2613 2660 22
2625 2667 30
2645 2686 291
2674 2692 230
2688 2689 248
2696 2721 259
2721 2723 190
2745 2754 57
2773 2811 227
2793 2833 163
2812 2836 147
2837 2857 4
2847 2896 232
2868 2884 213
2886 2934 26
2905 2925 154
2919 2961 71
2941 2963 242
2951 2961 36
2953 2985 101
2962 2975 96
2963 3002 96
2976 2997 142
2979 3016 168
2981 3005 207
3009 3019 160
3016 3039 134
3042 3073 91
3054 3065 59
3083 3118 241
3084 3107 223
3085 3091 197
3107 3145 223
3134 3166 193
3142 3145 124
3167 3198 180
3176 3192 292
3179 3220 188
3194 3242 215
3221 3237 149
3245 3268 37
3257 3269 106
3271 3284 144
3287 3318 281
3310 3314 264
3337 3364 242
3348 3391 114
3357 3365 33
3386 3425 292
3405 3429 97
3417 3420 274
3443 3472 180
3465 3477 144
3488 3527 248
3493 3509 217
3498 3504 11
3517 3551 252
3536 3545 93
3553 3592 217
3553 3556 273
3569 3614 124
3573 3593 245
3593 3623 67
3597 3640 147
3622 3633 8
3628 3641 194
3639 3664 142
3650 3660 86
3658 3667 132
3672 3679 152
3700 3732 12
3701 3724 161
3703 3727 207
3707 3756 224
3729 3749 279
3757 3779 125
3779 3817 220
3792 3810 234
3820 3842 126
3824 3843 32
3840 3850 204
3869 3908 130
3882 3908 173
3902 3937 127
3909 3930 217
3937 3969 270
3943 3987 242
3965 4007 265
3991 4018 173
3994 4003 135
4016 4018 280
4030 4046 165
4035 4041 91
4048 4063 258
4068 4087 168
4081 4113 153
4091 4135 297
4092 4128 289
4098 4100 156
4104 4105 96
4116 4165 184
4122 4126 105
4139 4168 77
4150 4178 145
4170 4213 118
4184 4216 193
4209 4251 69
4218 4239 133
4243 4244 95
4243 4266 195
4248 4260 248
4248 4272 166
4275 4298 258
4297 4304 133
4299 4314 87
4300 4338 249
4318 4368 110
4323 4334 60
4339 4382 282
4365 4386 104
4391 4418 298
4392 4420 49
4411 4437 94
4423 4429 7
4424 4436 240
4435 4448 105
4446 4456 151
4449 4499 186
4476 4502 274
4478 4486 218
4484 4500 147
4504 4545 180
4509 4520 248
4520 4521 209
4535 4571 100
4536 4584 90
4561 4581 29
4587 4622 115
4597 4639 76
4621 4670 218
4634 4641 272
4641 4687 203
4662 4697 127
4662 4676 32
4674 4695 181
4702 4737 219
4725 4729 61
4739 4768 52
4768 4799 219
4786 4827 109
4790 4819 23
4799 4825 45
4811 4828 57
4839 4870 141
4844 4877 49
4853 4888 180
4880 4899 162
4900 4933 33
4907 4913 241
4907 4921 71
4930 4966 169
4943 4960 289
4967 5003 182
4977 5014 135
4985 4988 279
5010 5013 294
5013 5031 143
5031 5049 220
5043 5074 36
5061 5071 90
5082 5129 147
5102 5146 221
5115 5161 53
5134 5182 74
5163 5201 57
5178 5182 270
5208 5236 274
5223 5226 78
5245 5258 221
5269 5290 54
5295 5337 38
5295 5301 289
5314 5327 216
5324 5353 99
5341 5383 129
5342 5379 187
5370 5375 124
5395 5425 56
5401 5413 270
5431 5474 257
5458 5459 209
5461 5503 76
5484 5494 52
5499 5529 142
5509 5514 143
5522 5566 195
5549 5592 237
5572 5585 245
5576 5598 215
5598 5639 160
5599 5610 159
5623 5655 141
5634 5678 23
5656 5703 25
5658 5693 167
5673 5699 171
5698 5741 238
5724 5728 82
5744 5754 149
5745 5772 161
5766 5781 110
5774 5795 82
5799 5848 90
5810 5850 172
5821 5843 271
5821 5825 228
5833 5878 80
5846 5895 275
5858 5894 257
5882 5891 175
5895 5941 253
