400
16 31 173
39 49 241
47 74 2
74 96 225
87 119 88
97 98 228
119 143 111
123 169 148
144 186 186
165 204 183
190 206 228
213 216 157
229 250 107
244 282 76
252 274 273
254 276 41
266 268 42
275 292 182
291 340 8
296 345 15
313 322 231
319 350 24
343 381 145
343 346 9
345 364 25
363 390 167
380 427 205
397 412 14
407 450 240
430 472 99
439 476 278
440 450 229
464 470 141
478 483 197
491 527 2
499 530 156
519 544 146
523 545 13
544 578 290
569 579 191
590 611 63
619 621 229
637 674 218
642 668 238
667 691 127
694 697 115
709 741 111
711 753 202
712 731 208
741 772 199
758 794 227
760 782 82
765 805 202
777 789 240
784 833 100
794 798 164
794 825 300
806 835 292
812 851 23
821 840 101
849 858 149
850 875 71
851 880 7
851 894 140
859 897 62
862 877 161
868 903 46
876 917 140
899 904 61
929 943 61
936 956 111
949 953 138
949 988 4
961 1003 262
978 995 82
1007 1045 275
1027 1045 206
1039 1085 213
1046 1082 5
1053 1079 251
1082 1086 289
1112 1155 165
1140 1164 80
1149 1152 96
1159 1180 258
1183 1226 36
1200 1201 249
1214 1255 141
1219 1266 239
1245 1258 147
1251 1254 241
1271 1316 84
1285 1300 13
1308 1353 228
1337 1373 1
1364 1413 181
1365 1399 15
1373 1401 132
1385 1429 266
1387 1414 222
1392 1435 230
1416 1458 246
1416 1419 220
1442 1474 269
1463 1495 42
1493 1524 159
1504 1535 73
1505 1507 135
1509 1537 179
1516 1535 39
1537 1576 108
1550 1564 174
1567 1583 94
1575 1595 153
1577 1608 93
1607 1649 83
1612 1623 103
1629 1659 288
1629 1657 106
1645 1669 295
1671 1695 92
1677 1694 153
1704 1724 273
1707 1739 293
1707 1727 243
1732 1779 92
1754 1772 281
1763 1813 144
1790 1794 125
1812 1842 95
1840 1872 165
1865 1877 26
1887 1911 115
1889 1896 198
1908 1955 138
1908 1913 271
1924 1953 200
1942 1976 216
1965 1990 11
1974 2024 156
1987 2017 49
1988 2020 25
1993 1999 241
2008 2036 143
2029 2038 297
2045 2046 133
2048 2093 218
2070 2080 200
2073 2091 188
2079 2093 26
2079 2112 203
2085 2105 97
2086 2109 166
2099 2122 30
2101 2137 291
2119 2160 142
2119 2156 187
2142 2146 99
2143 2191 219
2171 2221 108
2201 2233 211
2230 2233 202
2234 2240 110
2249 2273 136
2270 2282 270
2273 2282 1
2283 2313 285
2310 2313 219
2320 2356 37
2341 2382 242
2369 2384 231
2383 2391 83
2406 2429 168
2419 2447 172
2424 2438 146
2430 2478 160
2431 2442 40
2431 2444 25
2435 2451 164
2463 2472 230
2479 2506 77
2500 2526 81
2500 2530 265
2524 2530 289
2524 2565 168
2554 2582 134
2556 2575 292
2570 2586 207
2593 2623 97
2609 2634 127
2636 2669 211
2653 2693 13
2668 2713 9
2692 2741 148
2706 2713 196
2719 2760 104
2728 2735 162
2741 2789 93
2767 2806 300
2795 2806 140
2803 2851 228
2812 2819 129
2815 2822 34
2840 2854 145
2842 2871 40
2859 2907 125
2867 2883 257
2884 2891 248
2898 2926 93
2914 2936 147
2923 2964 199
2938 2985 163
2943 2977 103
2944 2968 236
2964 3012 161
2994 3030 153
3011 3012 132
3033 3081 35
3038 3044 24
3061 3098 85
3089 3134 278
3115 3131 63
3119 3124 253
3141 3184 28
3141 3190 12
3166 3215 183
3189 3208 117
3214 3233 233
3242 3281 121
3271 3313 247
3293 3324 91
3316 3318 168
3334 3362 100
3346 3348 291
3356 3389 118
3356 3376 74
3369 3389 155
3380 3385 88
3404 3407 47
3428 3459 95
3439 3470 272
3452 3493 142
3456 3477 87
3485 3525 237
3504 3552 138
3528 3539 62
3536 3554 92
3559 3589 182
3577 3598 139
3588 3632 80
3613 3632 84
3630 3663 222
3645 3687 199
3668 3687 229
3687 3724 107
3696 3739 20
3721 3738 85
3723 3761 65
3748 3756 291
3762 3788 73
3766 3790 59
3781 3825 291
3799 3833 264
3819 3841 137
3828 3846 47
3839 3840 263
3850 3875 248
3852 3895 97
3860 3873 85
3890 3900 129
3916 3954 254
3934 3954 273
3959 3964 189
3961 3978 256
3980 4021 52
3998 4047 286
4024 4060 132
4024 4028 209
4039 4069 173
4050 4053 149
4080 4083 222
4092 4118 257
4103 4148 74
4104 4114 236
4110 4113 123
4125 4173 100
4153 4193 144
4153 4167 278
4156 4197 152
4181 4207 84
4187 4222 123
4199 4208 33
4223 4261 180
4224 4257 58
4240 4256 109
4269 4300 286
4273 4288 89
4297 4330 288
4301 4317 265
4330 4360 191
4334 4346 143
4358 4380 75
4363 4413 131
4390 4405 293
4419 4437 5
4424 4467 27
4428 4472 147
4439 4459 152
4457 4458 221
4480 4483 160
4488 4523 210
4513 4551 45
4529 4543 296
4540 4587 72
4543 4555 144
4564 4581 257
4585 4620 268
4606 4608 36
4614 4637 127
4632 4652 156
4660 4670 123
4676 4697 292
4687 4701 81
4711 4745 79
4733 4750 156
4754 4769 54
4777 4806 169
4782 4787 45
4790 4820 279
4807 4840 165
4829 4852 182
4844 4861 201
4858 4870 83
4867 4876 97
4877 4909 58
4903 4927 239
4925 4962 16
4948 4949 153
4960 4961 49
4979 5001 261
4997 5010 298
5023 5042 62
5028 5051 189
5045 5046 171
5061 5071 155
5072 5117 293
5097 5139 233
5127 5158 15
5156 5163 46
5162 5202 216
5191 5194 22
5214 5215 188
5218 5226 292
5224 5243 54
5241 5252 71
5247 5282 13
5268 5310 18
5286 5295 200
5311 5316 115
5317 5358 70
5326 5353 253
5330 5332 275
5333 5345 202
5354 5404 199
5373 5394 209
5373 5386 165
5395 5426 172
5423 5433 217
5446 5483 154
5457 5487 230
5483 5519 208
5502 5521 126
5508 5528 30
5516 5563 63
5522 5540 129
5534 5577 141
5549 5591 112
5566 5608 34
5595 5619 143
5614 5644 155
5622 5664 159
5636 5664 223
5649 5670 174
5656 5689 205
5669 5687 123
5682 5728 98
5686 5698 223
5705 5734 190
5728 5747 204
5732 5749 205
5745 5766 257
5752 5753 276
5782 5816 232
5797 5806 42
5826 5862 27
5842 5870 73
5853 5869 293
5858 5895 297
5886 5912 198
5899 5948 154
