500
20 31 112
42 66 75
65 98 94
84 127 297
103 125 248
111 132 31
128 152 87
132 151 45
158 181 278
179 227 31
191 222 36
216 239 154
216 246 189
218 226 86
244 263 23
273 297 93
282 296 219
282 327 257
291 323 205
321 363 186
341 355 103
362 406 7
362 372 272
363 411 247
379 421 149
400 430 256
414 444 34
429 477 123
429 443 244
444 473 207
447 454 108
466 498 269
496 538 262
504 524 145
509 555 252
524 548 134
543 562 209
560 564 80
565 611 93
589 628 168
605 642 231
634 668 242
663 680 261
670 716 27
679 690 118
693 741 37
718 768 130
737 753 4
758 796 259
779 805 283
809 858 156
837 886 151
845 847 280
850 851 146
876 903 144
890 909 52
890 917 133
892 933 213
920 922 72
920 940 266
945 953 240
947 993 161
971 1019 129
989 1034 280
991 1040 276
996 1016 272
1016 1018 62
1021 1040 174
1038 1061 234
1045 1074 158
1060 1080 150
1061 1072 73
1072 1079 118
1100 1135 60
1128 1139 108
1147 1156 26
1175 1182 98
1186 1232 55
1194 1235 199
1218 1248 170
1226 1236 296
1256 1264 255
1286 1293 165
1302 1330 75
1308 1324 146
1329 1337 259
1351 1360 121
1370 1401 77
1377 1415 204
1381 1397 89
1409 1423 249
1432 1471 25
1441 1446 103
1450 1457 141
1450 1473 118
1479 1482 2
1489 1495 130
1507 1551 268
1536 1586 74
1544 1545 42
1555 1588 199
1560 1582 213
1581 1608 158
1599 1632 89
1612 1651 82
1617 1620 294
1635 1684 151
1648 1678 200
1648 1698 180
1652 1682 11
1658 1696 29
1671 1699 217
1694 1740 144
1716 1719 282
1719 1732 293
1722 1745 9
1725 1770 253
1744 1754 138
1760 1775 271
1762 1777 79
1786 1804 89
1811 1813 261
1823 1850 53
1832 1860 12
1832 1868 249
1848 1881 41
1850 1853 257
1871 1885 140
1882 1922 288
1901 1915 298
1907 1932 214
1923 1928 89
1947 1989 102
1969 2007 133
1994 2017 115
2014 2048 272
2017 2050 202
2032 2076 8
2051 2085 106
2077 2092 102
2088 2089 83
2099 2136 15
2126 2129 145
2141 2180 294
2170 2198 222
2178 2194 245
2181 2184 171
2190 2237 275
2196 2236 239
2206 2227 272
2233 2262 66
2237 2282 17
2245 2256 6
2252 2300 292
2275 2279 9
2288 2322 201
2309 2330 199
2339 2362 16
2356 2384 240
2361 2363 85
2391 2439 198
2393 2418 240
2412 2427 115
2430 2443 292
2442 2483 82
2464 2495 72
2476 2477 139
2493 2497 65
2514 2549 284
2535 2579 187
2545 2563 137
2566 2570 300
2567 2603 247
2567 2569 237
2575 2592 181
2580 2624 255
2610 2627 204
2635 2675 127
2661 2698 285
2665 2687 29
2693 2726 128
2717 2742 104
2747 2758 275
2767 2787 111
2781 2784 190
2785 2812 254
2809 2836 159
2814 2862 294
2832 2857 274
2846 2883 148
2872 2873 299
2884 2901 281
2907 2923 190
2925 2974 2
2935 2964 285
2944 2962 185
2956 2970 60
2968 3009 295
2979 2998 265
3004 3029 95
3008 3019 258
3025 3046 126
3055 3076 112
3063 3086 284
3075 3104 270
3105 3145 258
3114 3132 18
3128 3164 94
3149 3163 193
3170 3215 238
3184 3208 95
3200 3201 121
3202 3222 121
3208 3258 95
3217 3241 43
3227 3248 103
3248 3296 299
3270 3320 62
3300 3310 218
3330 3370 56
3333 3340 28
3350 3395 208
3351 3371 125
3377 3410 97
3399 3440 201
3407 3428 265
3408 3415 227
3437 3464 23
3463 3472 127
3484 3517 145
3495 3510 269
3496 3541 52
3496 3516 273
3523 3556 180
3533 3582 112
3533 3556 244
3542 3581 272
3558 3601 224
3563 3588 47
3577 3579 5
3607 3620 233
3627 3670 30
3645 3657 22
3667 3684 100
3686 3702 158
3701 3743 118
3711 3712 204
3736 3781 6
3742 3787 267
3769 3796 10
3788 3820 116
3801 3840 273
3820 3834 211
3820 3824 223
3846 3858 207
3864 3868 6
3882 3926 52
3893 3941 148
3916 3935 179
3922 3924 176
3946 3960 169
3970 3998 96
3970 4001 23
3993 4020 91
4011 4028 20
4037 4080 184
4040 4059 166
4067 4073 245
4071 4078 80
4097 4144 266
4110 4131 241
4112 4147 3
4120 4148 123
4139 4170 232
4152 4177 127
4178 4199 45
4207 4246 72
4212 4250 23
4233 4239 151
4242 4277 11
4255 4267 2
4281 4305 184
4286 4314 99
4316 4346 211
4344 4389 296
4357 4387 129
4363 4382 103
4392 4398 168
4415 4435 34
4429 4455 263
4452 4482 163
4456 4481 244
4465 4500 253
4484 4525 193
4495 4500 266
4523 4545 280
4553 4574 65
4582 4583 254
4606 4649 58
4625 4669 139
4647 4649 284
4653 4679 274
4678 4701 266
4681 4723 201
4688 4700 103
4693 4739 133
4697 4718 88
4701 4708 117
4721 4762 55
4740 4744 34
4763 4767 50
4788 4812 279
4790 4821 277
4812 4822 114
4829 4852 250
4857 4879 121
4887 4928 187
4891 4938 3
4892 4914 143
4904 4909 166
4927 4953 287
4943 4960 173
4962 4989 285
4978 5020 194
4990 5008 160
4995 4997 91
5015 5060 218
5020 5041 15
5036 5058 277
5046 5083 273
5064 5076 210
5076 5106 275
5092 5140 265
5100 5111 28
5104 5150 69
5113 5144 227
5119 5159 266
5124 5160 295
5139 5176 109
5163 5190 117
5179 5209 233
5207 5248 224
5207 5209 269
5220 5244 282
5220 5238 40
5235 5273 158
5242 5284 267
5264 5300 61
5287 5331 88
5291 5339 25
5298 5335 255
5316 5321 213
5342 5368 193
5350 5400 56
5374 5389 75
5376 5381 77
5401 5440 161
5425 5470 69
5438 5454 300
5451 5490 121
5472 5495 266
5487 5489 274
5494 5495 286
5516 5536 152
5536 5537 259
5541 5589 15
5552 5563 52
5554 5598 196
5564 5591 108
5574 5594 195
5602 5635 77
5602 5614 11
5615 5663 36
5634 5655 93
5638 5641 29
5650 5662 270
5651 5654 207
5666 5713 216
5679 5728 275
5686 5703 194
5698 5741 192
5716 5757 292
5725 5737 133
5742 5789 91
5745 5787 44
5755 5805 155
5761 5808 196
5787 5819 138
5813 5854 259
5820 5867 208
5829 5861 223
5851 5882 202
5879 5921 193
5906 5913 50
5906 5937 140
5935 5944 65
5952 5963 9
5972 5989 133
5993 6036 56
5995 6044 292
6003 6018 13
6011 6037 66
6015 6031 215
6026 6056 293
6032 6073 161
6049 6083 174
6066 6079 257
6091 6102 96
6109 6127 180
6120 6142 154
6131 6167 229
6155 6161 244
6162 6193 250
6189 6198 99
6191 6215 5
6194 6215 268
6205 6244 292
6212 6240 156
6212 6251 73
6228 6265 238
6257 6295 48
6259 6294 45
6283 6312 164
6311 6317 103
6329 6344 38
6345 6360 200
6362 6388 68
6362 6402 138
6373 6376 120
6375 6404 128
6401 6436 97
6410 6428 112
6437 6441 24
6439 6467 10
6465 6500 87
6487 6503 249
6499 6530 56
6499 6521 293
6515 6527 192
6539 6585 17
6561 6594 139
6566 6589 297
6575 6620 157
6586 6593 194
6597 6599 93
6599 6624 217
6602 6650 52
6614 6629 158
6641 6658 13
6655 6699 34
6663 6701 235
6677 6721 231
6707 6721 65
6736 6767 20
6753 6797 220
6774 6799 66
6788 6823 18
6801 6810 107
6815 6858 285
6834 6843 206
6846 6882 230
6875 6925 55
6875 6880 245
6883 6929 55
6904 6953 44
6934 6959 93
6954 6966 40
6959 6963 100
6964 6982 18
6990 7004 88
7016 7055 242
7045 7054 255
7062 7078 184
7074 7111 114
7091 7107 24
7113 7123 135
7119 7159 289
7119 7147 44
7126 7176 293
7153 7198 264
7178 7221 115
7190 7196 179
7214 7217 117
7243 7260 273
7264 7278 157
7282 7319 249
7310 7331 276
7315 7346 286
7343 7354 159
7368 7373 192
7379 7384 108
7392 7414 109
7414 7430 169
7419 7457 243
7422 7450 164
7427 7430 275
7441 7477 163
7447 7484 211
7457 7473 270
7473 7514 210
