500
17 25 179
27 38 77
32 45 191
40 56 211
41 46 20
71 109 244
79 82 158
108 109 44
117 147 139
136 168 39
160 203 269
180 214 215
196 202 7
199 227 231
214 225 236
242 268 299
258 306 171
288 325 210
292 307 104
315 333 204
334 360 111
342 352 170
354 372 133
380 384 228
384 395 70
397 423 127
405 414 20
418 450 136
440 449 161
470 473 19
498 501 148
527 540 138
545 558 179
550 579 273
567 595 60
592 612 9
602 632 252
609 625 131
635 672 170
659 662 162
679 726 215
694 739 104
705 750 205
733 757 293
743 784 230
763 776 36
774 783 173
791 830 259
795 814 234
805 814 260
820 824 101
841 866 55
850 866 82
876 894 177
883 910 263
896 922 45
918 932 277
927 943 95
955 975 110
981 1023 45
990 1006 14
1017 1043 7
1047 1088 40
1048 1070 143
1061 1096 207
1072 1088 44
1086 1092 239
1108 1123 57
1109 1118 89
1111 1145 170
1141 1180 4
1152 1164 54
1179 1223 147
1206 1207 177
1209 1234 271
1212 1248 10
1235 1247 238
1258 1307 140
1264 1310 144
1276 1322 122
1287 1331 134
1313 1334 166
1333 1373 218
1333 1334 126
1352 1370 251
1368 1402 95
1368 1397 125
1397 1401 55
1427 1455 3
1443 1474 276
1464 1467 243
1473 1519 45
1494 1503 216
1517 1555 16
1545 1595 299
1565 1569 192
1580 1594 181
1598 1646 25
1607 1614 59
1624 1631 223
1637 1650 77
1646 1680 95
1652 1679 298
1663 1694 43
1669 1674 124
1680 1727 23
1698 1713 23
1708 1744 229
1738 1752 172
1746 1760 37
1753 1774 35
1757 1758 210
1769 1805 20
1782 1803 76
1785 1821 51
1807 1847 273
1808 1823 158
1812 1827 111
1817 1860 49
1829 1866 254
1853 1854 283
1872 1897 210
1900 1932 45
1901 1934 206
1923 1943 45
1926 1935 210
1947 1963 189
1968 2010 35
1996 2024 228
2003 2041 65
2008 2020 128
2028 2066 206
2036 2074 8
2059 2069 32
2086 2121 27
2115 2159 7
2134 2178 196
2142 2149 283
2156 2168 146
2156 2202 243
2182 2226 189
2193 2223 149
2214 2264 33
2238 2268 218
2249 2272 143
2269 2275 40
2284 2295 214
2304 2332 175
2323 2332 259
2346 2369 131
2375 2406 88
2405 2428 164
2420 2444 34
2449 2482 53
2465 2505 190
2465 2506 280
2470 2483 31
2487 2529 285
2513 2537 253
2524 2573 33
2525 2573 180
2538 2558 183
2545 2591 275
2560 2587 13
2577 2598 268
2585 2603 27
2602 2641 196
2617 2622 230
2637 2663 100
2651 2671 298
2659 2672 44
2681 2728 24
2704 2745 282
2732 2778 198
2760 2773 21
2784 2799 222
2804 2849 163
2831 2865 281
2857 2885 17
2881 2925 230
2899 2944 152
2917 2920 207
2918 2964 32
2933 2943 4
2941 2975 26
2969 2985 232
2979 2986 94
2995 3009 48
3020 3042 268
3020 3057 156
3042 3054 236
3051 3058 290
3065 3114 137
3077 3083 110
3084 3109 182
3107 3145 35
3125 3148 262
3128 3162 97
3143 3175 289
3157 3180 83
3186 3210 11
3194 3208 242
3204 3251 135
3207 3235 9
3234 3270 146
3259 3278 223
3285 3292 77
3301 3329 107
3328 3350 67
3333 3368 144
3353 3365 8
3360 3409 54
3365 3407 222
3388 3421 2
3390 3422 293
3419 3431 205
3434 3438 35
3434 3452 247
3438 3447 215
3455 3483 61
3478 3519 266
3504 3536 108
3508 3525 269
3519 3568 108
3519 3529 195
3539 3560 53
3557 3575 58
3565 3580 11
3588 3602 77
3601 3637 31
3621 3651 174
3648 3674 88
3659 3689 110
3678 3689 32
3695 3710 265
3706 3754 277
3726 3735 109
3727 3743 99
3755 3777 151
3774 3819 129
3782 3816 159
3789 3812 64
3816 3823 40
3845 3891 256
3854 3891 266
3857 3886 179
3858 3883 212
3875 3881 41
3896 3946 300
3901 3945 129
3927 3964 30
3939 3948 213
3968 3976 112
3986 4006 244
4008 4009 109
4034 4050 73
4054 4079 257
4076 4102 103
4105 4143 172
4111 4113 79
4117 4161 102
4144 4158 89
4174 4206 255
4196 4217 223
4225 4250 91
4228 4267 41
4241 4245 13
4247 4272 248
4256 4276 284
4257 4285 179
4266 4314 90
4274 4313 84
4303 4340 111
4331 4358 69
4335 4340 111
4353 4399 21
4355 4405 246
4371 4404 252
4377 4417 279
4396 4440 204
4408 4428 226
4409 4439 24
4413 4461 148
4421 4436 220
4421 4422 127
4441 4445 161
4456 4466 234
4459 4460 220
4477 4485 77
4487 4516 141
4494 4544 150
4495 4499 192
4509 4552 33
4532 4577 73
4535 4582 89
4549 4582 34
4551 4565 135
4563 4592 214
4592 4628 155
4622 4651 108
4624 4633 166
4627 4642 111
4633 4679 37
4649 4678 97
4660 4693 60
4667 4717 15
4686 4717 118
4692 4704 252
4703 4731 217
4718 4726 184
4735 4759 79
4762 4798 271
4777 4813 212
4780 4781 83
4789 4804 165
4811 4816 127
4823 4851 113
4827 4840 43
4839 4873 57
4847 4857 60
4870 4879 243
4878 4921 153
4906 4913 276
4910 4911 169
4933 4949 133
4940 4971 222
4942 4966 29
4963 5007 287
4966 4967 17
4973 5016 135
4992 5028 244
4992 5042 36
5012 5046 35
5029 5071 48
5057 5071 6
5084 5118 33
5109 5151 200
5115 5153 63
5117 5140 134
5145 5161 13
5172 5173 287
5189 5192 21
5191 5193 177
5212 5246 230
5237 5244 258
5256 5303 298
5258 5275 216
5275 5283 261
5285 5289 44
5303 5346 265
5323 5365 141
5336 5361 260
5365 5414 260
5390 5410 214
5399 5430 195
5428 5453 127
5429 5471 190
5447 5464 257
5469 5512 37
5490 5502 153
5509 5522 12
5509 5528 216
5513 5556 148
5531 5538 292
5556 5593 65
5577 5587 182
5587 5596 252
5589 5624 77
5592 5608 246
5610 5622 96
5626 5673 49
5647 5679 292
5652 5674 284
5665 5680 4
5686 5736 207
5702 5729 68
5715 5760 280
5727 5752 84
5753 5771 203
5776 5805 61
5798 5817 61
5819 5847 36
5824 5865 156
5832 5863 283
5835 5875 185
5839 5867 222
5858 5884 229
5867 5904 93
5873 5899 104
5884 5899 214
5896 5936 121
5897 5937 42
5922 5958 86
5928 5933 187
5955 5973 289
5972 5980 43
5978 6010 67
5979 6026 145
5995 6002 278
6011 6015 153
6024 6032 62
6029 6041 220
6030 6058 158
6030 6071 228
6037 6073 79
6062 6102 120
6083 6112 296
6089 6099 200
6111 6154 110
6118 6164 260
6139 6148 130
6147 6181 203
6159 6193 6
6163 6208 23
6189 6237 172
6209 6245 129
6217 6261 92
6247 6263 270
6268 6286 236
6270 6274 61
6297 6299 218
6297 6308 52
6317 6365 253
6347 6373 89
6368 6386 253
6383 6390 97
6394 6434 291
6416 6457 202
6424 6457 250
6429 6439 131
6439 6474 296
6464 6501 7
6464 6489 89
6478 6479 94
6484 6493 77
6494 6537 273
6503 6514 191
6522 6558 53
6545 6591 17
6565 6586 178
6589 6603 8
6594 6603 270
6617 6627 25
6644 6659 215
6674 6682 79
6680 6703 187
6709 6738 39
6731 6750 250
6738 6759 58
6762 6804 37
6771 6808 216
6782 6804 32
6790 6837 163
6792 6794 38
6798 6833 149
6814 6863 291
6827 6831 44
6855 6899 142
6871 6896 10
6889 6917 6
6897 6916 79
6920 6959 179
6924 6963 233
6953 6989 120
6971 6997 175
6986 7001 56
7014 7030 279
7030 7056 147
7049 7056 237
7059 7107 7
7075 7078 185
7087 7111 127
7112 7148 101
7132 7148 102
7132 7160 224
7152 7200 65
7162 7203 124
7163 7166 29
7190 7196 213
7217 7244 124
7220 7244 50
7224 7263 238
7244 7280 42
7256 7262 141
7286 7321 204
7309 7314 264
7309 7342 75
7334 7377 280
7364 7407 257
7387 7405 111
7412 7421 146
7422 7425 134
7429 7438 229
7451 7500 112
7479 7526 11
7496 7521 29
7511 7543 90
7526 7535 46
7541 7590 161
7560 7579 292
