500
5 29 187
24 56 92
48 90 94
70 103 229
86 102 158
88 117 21
105 110 74
129 139 4
157 187 59
170 194 15
175 218 158
190 205 105
194 204 54
217 222 245
235 263 66
241 243 203
267 315 273
296 320 19
320 349 41
332 336 5
343 367 68
360 386 25
380 406 109
384 409 299
409 437 81
433 447 253
460 476 41
462 485 217
484 516 138
500 548 71
508 531 27
538 564 126
553 597 76
565 596 112
570 589 268
575 595 274
596 636 185
619 636 278
649 688 267
665 681 179
677 691 26
703 746 100
706 712 154
717 723 282
717 758 173
736 768 256
751 761 92
770 805 172
780 823 300
786 797 210
813 852 17
819 844 290
828 831 87
836 857 218
852 863 102
866 914 245
870 900 70
874 876 49
900 922 33
917 926 11
930 938 204
955 994 37
980 1006 34
981 983 20
1001 1005 51
1006 1038 255
1026 1072 236
1051 1095 133
1074 1105 286
1090 1121 38
1100 1147 226
1101 1123 53
1104 1133 247
1122 1158 114
1123 1133 290
1135 1139 264
1160 1177 100
1184 1190 226
1203 1214 35
1207 1250 106
1221 1223 70
1232 1281 143
1232 1272 18
1233 1235 26
1239 1275 218
1247 1284 5
1266 1304 291
1287 1309 157
1314 1346 205
1316 1365 18
1331 1352 96
1350 1352 206
1355 1392 274
1361 1391 286
1371 1376 277
1398 1402 291
1410 1444 55
1425 1457 245
1433 1444 14
1439 1475 244
1458 1489 35
1464 1488 205
1484 1518 291
1511 1538 67
1511 1536 79
1516 1544 121
1518 1532 168
1546 1562 85
1572 1615 268
1601 1631 51
1631 1663 12
1646 1661 205
1653 1661 25
1668 1678 114
1676 1693 286
1692 1711 145
1698 1720 115
1725 1730 114
1735 1778 97
1745 1766 70
1765 1775 248
1766 1806 158
1779 1823 210
1789 1807 232
1816 1832 68
1833 1873 229
1845 1850 118
1862 1896 26
1882 1910 287
1903 1942 34
1923 1969 286
1941 1959 30
1970 2004 53
1978 2028 44
2002 2005 27
2006 2036 289
2015 2043 260
2021 2052 6
2049 2055 205
2065 2066 223
2069 2119 288
2070 2101 55
2097 2101 103
2118 2123 278
2138 2186 101
2152 2176 35
2153 2196 183
2182 2214 66
2199 2215 78
2217 2233 36
2222 2270 242
2246 2284 278
2249 2252 118
2250 2297 105
2255 2291 108
2265 2313 43
2281 2292 57
2308 2330 244
2338 2342 138
2368 2411 199
2395 2399 68
2395 2427 95
2397 2433 173
2418 2434 259
2432 2472 137
2446 2450 205
2453 2492 240
2476 2517 134
2482 2499 68
2511 2527 178
2539 2564 25
2544 2576 28
2570 2597 185
2588 2608 234
2608 2632 272
2619 2655 36
2628 2639 242
2639 2666 182
2661 2667 11
2672 2708 243
2700 2736 241
2721 2765 170
2746 2768 55
2765 2773 72
2770 2777 45
2796 2819 80
2810 2813 108
2832 2860 80
2835 2881 80
2846 2872 225
2855 2903 147
2878 2913 267
2888 2921 3
2889 2920 157
2919 2958 229
2946 2956 29
2963 3012 39
2964 2991 14
2971 3007 146
2974 2993 284
2986 2994 170
2999 3032 219
3018 3047 49
3038 3083 73
3066 3093 125
3072 3119 199
3080 3120 185
3081 3098 281
3100 3108 229
3120 3170 164
3126 3137 114
3127 3166 148
3138 3149 189
3167 3200 272
3191 3208 241
3205 3244 148
3212 3249 137
3220 3247 120
3249 3266 248
3257 3296 48
3276 3321 230
3299 3332 57
3325 3368 71
3326 3362 135
3344 3365 135
3360 3394 4
3370 3383 221
3392 3424 227
3409 3429 181
3421 3431 187
3440 3478 211
3444 3466 191
3463 3511 272
3477 3509 182
3490 3529 186
3500 3524 105
3529 3563 192
3556 3592 166
3584 3613 79
3588 3633 167
3618 3647 61
3643 3687 168
3662 3665 25
3687 3733 101
3689 3710 294
3689 3722 130
3697 3742 164
3702 3705 172
3704 3710 254
3721 3725 68
3737 3786 213
3749 3785 244
3779 3807 1
3805 3843 220
3821 3825 207
3821 3840 115
3851 3895 233
3861 3894 163
3865 3870 190
3887 3936 108
3901 3934 197
3907 3953 105
3908 3921 7
3934 3942 217
3940 3953 93
3957 3962 141
3967 4003 159
3974 3989 235
3990 4012 133
4014 4022 227
4028 4043 204
4057 4076 272
4057 4087 219
4066 4116 77
4080 4128 43
4090 4130 226
4113 4144 148
4134 4179 76
4153 4191 226
4160 4185 262
4183 4221 244
4195 4200 74
4198 4230 33
4202 4235 38
4209 4236 258
4226 4234 25
4256 4285 198
4283 4308 102
4285 4304 12
4287 4327 89
4311 4315 216
4324 4329 150
4343 4347 90
4359 4377 267
4366 4380 35
4385 4416 34
4403 4411 79
4409 4453 68
4426 4446 53
4427 4432 268
4454 4477 270
4459 4508 234
4461 4502 87
4482 4485 126
4502 4507 276
4526 4559 54
4545 4584 16
4569 4596 184
4596 4599 230
4605 4620 290
4618 4655 29
4635 4672 103
4661 4698 153
4683 4710 177
4691 4704 46
4720 4729 188
4721 4755 252
4748 4772 193
4766 4790 208
4789 4799 113
4792 4842 275
4818 4849 292
4837 4869 71
4847 4890 178
4861 4875 95
4883 4932 19
4898 4942 210
4928 4945 251
4957 5001 80
4979 5022 99
5004 5022 167
5021 5066 10
5042 5046 297
5049 5051 9
5059 5081 216
5083 5097 127
5098 5129 100
5100 5115 61
5106 5125 12
5120 5131 120
5127 5150 245
5151 5198 242
5181 5184 27
5200 5221 252
5209 5227 207
5230 5271 166
5247 5273 18
5260 5283 20
5284 5326 92
5311 5348 178
5324 5363 260
5338 5339 120
5362 5405 21
5385 5429 103
5392 5424 266
5402 5425 186
5423 5444 122
5445 5489 29
5459 5498 297
5484 5519 103
5503 5543 37
5528 5541 47
5554 5570 61
5559 5601 80
5588 5634 134
5594 5629 73
5603 5606 294
5623 5660 10
5640 5675 299
5647 5683 17
5676 5680 101
5690 5707 300
5690 5706 60
5712 5721 159
5727 5759 248
5737 5756 157
5765 5795 74
5795 5823 132
5809 5851 191
5816 5826 204
5824 5862 35
5848 5884 18
5856 5888 181
5881 5909 166
5907 5945 130
5910 5946 88
5928 5942 154
5948 5949 106
5974 6001 75
6003 6034 21
6024 6070 121
6053 6055 254
6082 6095 130
6100 6142 130
6126 6135 213
6146 6173 201
6163 6164 60
6166 6195 216
6188 6238 106
6207 6220 10
6226 6240 128
6228 6231 116
6252 6289 255
6257 6294 188
6268 6277 275
6294 6328 164
6307 6337 89
6308 6327 271
6324 6332 59
6342 6348 3
6368 6418 152
6384 6431 224
6404 6451 282
6410 6451 196
6421 6442 283
6441 6442 172
6458 6477 25
6459 6493 46
6488 6529 7
6515 6557 239
6535 6581 161
6562 6607 211
6565 6581 187
6576 6580 185
6578 6584 212
6588 6626 22
6597 6625 170
6597 6637 246
6604 6610 77
6621 6651 265
6642 6647 188
6666 6711 8
6674 6685 160
6699 6721 198
6705 6734 58
6719 6737 146
6749 6756 156
6759 6762 144
6766 6795 133
6793 6809 261
6794 6820 65
6812 6843 284
6836 6861 279
6863 6909 275
6892 6905 186
6899 6925 153
6918 6919 132
6919 6923 273
6935 6976 205
6950 6974 289
6979 7007 92
6982 7018 125
6984 6989 35
7008 7034 215
7028 7075 15
7044 7086 68
7055 7078 1
7058 7084 243
7088 7094 203
7108 7118 73
7121 7162 140
7145 7155 99
7166 7206 175
7185 7234 80
7191 7232 203
7196 7227 8
7225 7246 183
7236 7246 211
7245 7246 197
7273 7313 63
7286 7288 190
7297 7303 276
7322 7359 179
7336 7386 147
7340 7385 229
7358 7396 112
7388 7430 202
7403 7412 192
7403 7430 7
7420 7423 180
7449 7474 249
7449 7483 61
7474 7524 117
7487 7493 214
7517 7527 92
7545 7586 205
7571 7607 68
7577 7607 42
7577 7611 103
7591 7623 251
7605 7607 263
7606 7614 137
7633 7662 136
7656 7664 175
7683 7686 10
7699 7700 200
7727 7730 74
7748 7789 152
7752 7763 113
7777 7796 16
