500
8 32 213
8 12 261
24 45 32
26 35 248
41 48 296
45 79 157
68 71 232
95 124 74
119 137 8
136 170 1
151 182 172
171 216 226
201 246 216
224 226 270
239 246 190
256 287 187
263 290 30
274 310 205
294 329 288
320 337 177
341 344 278
356 396 142
374 381 274
381 399 206
381 431 130
386 434 6
389 425 5
418 424 81
440 466 244
469 474 60
478 493 87
501 506 223
519 529 218
532 554 242
550 591 190
575 599 211
599 609 133
618 655 235
633 674 8
642 643 185
665 676 258
665 685 162
677 692 154
683 688 192
696 735 167
714 742 245
739 754 213
758 806 49
775 791 211
782 828 69
798 842 131
817 847 265
841 857 250
846 871 233
849 855 297
858 868 288
874 914 86
900 903 123
906 935 244
912 933 229
914 922 274
941 985 180
968 997 168
997 1013 282
1012 1062 47
1024 1051 164
1030 1035 104
1055 1076 181
1062 1108 297
1070 1113 66
1089 1095 147
1111 1152 151
1137 1157 100
1155 1205 24
1169 1218 13
1170 1180 290
1184 1231 105
1212 1258 105
1219 1268 228
1222 1253 158
1250 1271 76
1256 1303 106
1259 1278 64
1264 1296 179
1279 1314 296
1279 1314 121
1283 1284 158
1299 1301 239
1309 1359 30
1313 1352 8
1336 1367 229
1338 1349 247
1351 1374 120
1369 1385 54
1369 1416 258
1383 1422 144
1385 1405 104
1403 1421 3
1421 1432 244
1439 1456 141
1453 1459 167
1473 1507 199
1480 1481 14
1502 1524 120
1507 1527 230
1514 1517 291
1516 1557 159
1524 1555 147
1552 1600 19
1560 1577 13
1575 1603 221
1584 1620 123
1585 1593 85
1602 1646 249
1610 1643 91
1625 1643 161
1652 1659 170
1663 1701 198
1665 1698 142
1674 1710 28
1695 1698 184
1708 1717 54
1720 1767 201
1723 1725 17
1730 1731 184
1753 1759 19
1772 1792 195
1790 1796 179
1794 1808 125
1799 1839 265
1822 1846 259
1851 1881 204
1851 1894 76
1876 1893 185
1906 1934 143
1931 1979 44
1931 1980 141
1961 2008 261
1970 2015 47
1998 2012 58
2017 2064 280
2030 2077 72
2047 2064 224
2048 2060 41
2072 2094 19
2077 2098 278
2078 2098 91
2100 2129 295
2115 2148 279
2128 2153 92
2153 2183 273
2155 2156 114
2171 2172 146
2201 2215 177
2206 2243 20
2227 2251 293
2250 2284 124
2252 2257 234
2281 2308 3
2286 2317 5
2298 2327 215
2309 2312 263
2328 2375 39
2331 2378 271
2331 2378 98
2345 2373 180
2371 2377 266
2371 2372 95
2382 2413 5
2386 2434 66
2390 2439 31
2415 2434 156
2441 2460 48
2466 2478 205
2479 2490 27
2482 2527 263
2499 2541 87
2503 2512 160
2511 2533 246
2535 2549 21
2541 2546 252
2541 2553 224
2548 2588 60
2548 2561 6
2572 2598 135
2582 2583 213
2606 2644 67
2634 2635 277
2659 2666 81
2678 2685 138
2697 2716 110
2716 2749 191
2736 2745 82
2759 2762 75
2788 2801 30
2795 2830 193
2799 2829 100
2814 2828 3
2818 2866 241
2828 2840 18
2848 2863 1
2853 2879 106
2853 2895 297
2862 2863 127
2891 2903 182
2898 2927 3
2926 2974 272
2949 2990 136
2949 2997 254
2967 2982 84
2976 2981 167
2978 3002 129
2991 3008 46
3009 3057 200
3011 3056 131
3018 3029 290
3037 3069 120
3043 3066 3
3045 3077 240
3060 3069 237
3075 3082 133
3102 3110 48
3111 3114 231
3138 3175 283
3166 3212 184
3194 3238 28
3213 3257 154
3234 3236 8
3254 3281 208
3262 3284 219
3279 3286 69
3282 3321 171
3285 3288 15
3301 3337 127
3316 3354 139
3316 3331 171
3327 3344 202
3328 3372 41
3336 3381 265
3340 3357 182
3341 3378 208
3348 3359 273
3351 3359 241
3364 3414 94
3377 3418 240
3396 3435 240
3404 3424 110
3429 3463 168
3434 3450 96
3438 3482 75
3442 3486 173
3444 3479 242
3445 3481 232
3468 3510 50
3473 3506 179
3474 3491 53
3478 3480 261
3492 3500 222
3496 3498 134
3503 3532 168
3528 3577 10
3536 3540 206
3557 3601 20
3557 3582 156
3578 3614 226
3608 3623 159
3630 3637 162
3655 3699 210
3669 3670 134
3698 3714 238
3713 3728 194
3739 3781 254
3767 3769 201
3769 3797 185
3773 3816 135
3783 3803 48
3811 3840 58
3830 3832 134
3845 3865 143
3857 3906 197
3868 3877 22
3891 3927 33
3896 3907 273
3909 3919 238
3922 3946 220
3936 3950 69
3944 3957 261
3960 3994 173
3967 4001 19
3995 4025 204
4003 4008 192
4033 4042 281
4050 4053 94
4075 4113 174
4079 4109 160
4097 4126 102
4119 4131 222
4123 4132 275
4124 4144 67
4148 4154 213
4166 4167 148
4193 4212 246
4210 4246 286
4225 4228 82
4230 4280 29
4257 4301 197
4258 4284 176
4268 4306 237
4278 4314 220
4283 4301 58
4300 4335 162
4327 4361 84
4335 4342 40
4353 4374 269
4364 4376 210
4371 4390 255
4386 4420 86
4399 4409 195
4405 4429 34
4425 4446 233
4426 4456 180
4443 4453 2
4467 4517 155
4469 4483 220
4494 4537 211
4501 4543 241
4501 4517 263
4506 4527 234
4528 4530 232
4539 4586 187
4556 4578 21
4575 4600 173
4589 4624 222
4602 4652 80
4610 4612 138
4620 4648 27
4636 4645 225
4662 4675 32
4673 4706 81
4703 4721 285
4717 4757 244
4720 4759 162
4736 4743 109
4748 4770 138
4754 4789 35
4764 4794 215
4792 4823 129
4802 4811 113
4822 4865 95
4843 4862 57
4855 4873 275
4859 4908 290
4859 4889 88
4885 4903 100
4885 4910 298
4899 4919 181
4912 4917 59
4933 4951 231
4949 4966 187
4961 5007 235
4965 4966 178
4981 5030 35
5004 5050 225
5020 5022 2
5042 5085 251
5064 5073 229
5067 5115 95
5081 5109 107
5105 5138 216
5125 5173 105
5138 5146 25
5152 5187 125
5171 5178 169
5195 5243 217
5222 5242 113
5236 5241 64
5251 5252 80
5253 5255 187
5280 5285 235
5292 5300 58
5302 5315 228
5330 5372 62
5351 5380 184
5381 5412 35
5390 5416 134
5398 5410 63
5423 5461 264
5442 5479 268
5449 5484 133
5449 5496 287
5476 5523 278
5496 5498 133
5523 5532 265
5537 5570 204
5567 5586 41
5596 5606 72
5612 5658 290
5640 5649 123
5659 5665 137
5659 5662 127
5674 5679 137
5701 5717 93
5731 5747 95
5738 5751 42
5763 5765 106
5783 5804 74
5794 5806 238
5821 5840 21
5836 5871 299
5854 5878 172
5872 5875 45
5884 5906 259
5909 5928 247
5914 5918 147
5939 5970 42
5940 5981 254
5944 5990 66
5947 5950 62
5966 5987 190
5995 6036 79
6017 6027 209
6028 6069 228
6029 6069 125
6032 6058 131
6036 6047 218
6054 6066 67
6080 6087 63
6093 6097 216
6109 6140 69
6111 6151 90
6112 6115 149
6140 6165 227
6161 6204 244
6190 6196 287
6199 6241 290
6203 6247 4
6210 6253 220
6240 6257 71
6254 6298 106
6261 6299 4
6284 6302 156
6286 6305 69
6305 6315 255
6320 6368 196
6334 6364 45
6335 6375 1
6349 6367 248
6369 6411 108
6389 6430 152
6404 6448 98
6423 6437 212
6430 6451 229
6449 6460 22
6466 6502 94
6482 6506 247
6491 6512 266
6495 6514 55
6524 6528 264
6539 6568 167
6568 6582 131
6585 6592 175
6597 6604 96
6601 6645 176
6609 6629 73
6627 6629 40
6636 6671 125
6662 6679 10
6671 6684 84
6677 6692 70
6699 6746 32
6699 6725 83
6729 6758 168
6757 6799 48
6773 6778 251
6794 6805 63
6823 6857 227
6845 6856 37
6855 6901 284
6855 6879 80
6872 6886 18
6873 6908 10
6893 6943 26
6917 6919 209
6918 6922 276
6937 6985 64
6940 6953 165
6959 6976 154
6977 7017 35
6983 7011 217
7013 7027 24
7027 7073 263
7048 7090 262
7062 7109 73
7085 7135 284
7087 7125 261
7098 7119 70
7122 7139 74
7135 7171 112
7150 7167 112
7162 7197 137
