500
6 39 119
34 55 203
59 88 170
69 74 233
97 114 219
102 114 130
113 145 115
137 162 50
146 149 67
168 174 83
173 197 152
187 235 264
199 234 299
214 234 19
225 242 97
241 280 67
259 299 196
270 303 221
294 312 257
300 302 220
311 350 278
324 357 195
324 365 121
331 348 84
334 364 275
361 403 196
390 405 254
405 423 46
425 438 2
430 461 244
458 459 158
469 490 120
471 519 285
478 512 68
504 535 266
515 553 92
545 593 172
556 557 30
556 564 283
569 602 127
599 607 159
610 633 175
623 642 109
646 687 193
658 679 273
663 681 153
664 695 150
667 678 75
690 705 118
709 711 290
735 751 235
739 740 203
739 783 218
748 754 53
749 795 80
768 816 131
772 815 91
785 813 241
794 801 149
819 858 281
838 882 54
853 883 74
872 898 297
890 904 21
890 935 210
905 954 286
918 921 176
921 924 72
930 940 43
937 984 269
951 952 196
981 1000 26
1007 1015 36
1024 1071 73
1037 1066 249
1047 1075 129
1073 1122 178
1084 1091 267
1087 1114 47
1098 1105 229
1116 1159 268
1118 1153 75
1123 1126 98
1138 1180 181
1159 1160 266
1166 1204 105
1181 1209 199
1209 1226 229
1220 1243 136
1248 1255 76
1272 1274 237
1285 1327 31
1314 1327 213
1317 1341 7
1331 1381 42
1332 1333 101
1351 1375 268
1352 1354 74
1374 1422 299
1382 1409 6
1386 1417 202
1397 1408 3
1419 1466 210
1430 1451 167
1431 1471 114
1449 1451 220
1456 1481 177
1459 1484 231
1476 1502 138
1478 1513 223
1494 1520 6
1518 1552 123
1537 1545 151
1541 1579 146
1548 1565 217
1557 1558 54
1568 1572 277
1581 1588 82
1582 1615 178
1587 1607 42
1605 1654 173
1634 1661 145
1649 1699 183
1649 1691 42
1657 1681 252
1680 1698 112
1705 1741 40
1733 1755 214
1762 1777 214
1774 1820 15
1784 1798 18
1801 1822 140
1822 1865 115
1849 1898 106
1851 1862 177
1852 1853 172
1871 1894 140
1876 1885 141
1887 1898 221
1904 1939 291
1931 1978 289
1934 1955 165
1951 1985 16
1967 2007 246
1979 1987 73
2005 2028 290
2008 2038 125
2030 2054 129
2037 2039 49
2065 2108 70
2068 2100 258
2097 2131 265
2101 2134 40
2123 2138 143
2124 2134 241
2130 2151 224
2150 2176 201
2166 2174 200
2190 2233 177
2210 2232 234
2215 2259 210
2229 2247 111
2257 2268 228
2270 2315 8
2285 2318 15
2296 2311 25
2314 2359 3
2330 2339 216
2351 2390 190
2378 2418 86
2383 2421 144
2398 2413 126
2401 2411 29
2425 2465 238
2425 2438 140
2442 2446 190
2456 2478 300
2475 2479 256
2488 2499 227
2511 2528 150
2511 2522 19
2511 2521 191
2513 2535 287
2535 2564 64
2535 2563 63
2562 2596 298
2566 2568 80
2582 2619 62
2596 2638 81
2601 2612 57
2602 2619 204
2611 2660 282
2615 2655 232
2635 2674 296
2645 2647 268
2674 2723 153
2693 2714 231
2722 2726 89
2739 2788 300
2761 2773 284
2781 2789 191
2795 2822 63
2810 2824 165
2828 2851 135
2833 2857 140
2854 2889 274
2871 2885 190
2884 2887 242
2904 2948 222
2912 2931 101
2928 2942 251
2948 2975 60
2969 3016 184
2983 3002 85
2986 3035 137
3008 3021 76
3021 3066 14
3031 3047 5
3055 3093 299
3074 3120 26
3093 3127 264
3097 3146 64
3112 3113 128
3117 3146 186
3120 3169 234
3124 3167 9
3141 3156 292
3164 3176 140
3189 3205 136
3189 3238 179
3190 3196 193
3214 3218 39
3218 3221 44
3232 3273 43
3249 3269 109
3256 3303 138
3276 3293 163
3295 3338 209
3312 3345 273
3315 3337 288
3322 3358 220
3340 3368 164
3370 3372 122
3373 3386 294
3385 3432 81
3385 3434 188
3397 3436 114
3408 3443 121
3426 3445 248
3440 3462 121
3455 3503 198
3459 3467 76
3467 3501 274
3492 3500 180
3518 3546 281
3548 3584 14
3577 3618 246
3584 3594 110
3603 3622 267
3622 3665 53
3633 3642 62
3640 3659 243
3663 3675 75
3674 3690 178
3701 3708 153
3725 3758 96
3737 3761 249
3766 3784 137
3774 3782 151
3794 3830 85
3801 3848 200
3815 3865 17
3818 3849 59
3829 3864 241
3833 3881 147
3847 3858 79
3863 3881 226
3869 3884 48
3874 3898 184
3886 3912 44
3894 3905 51
3915 3934 123
3933 3975 186
3962 3999 119
3977 4021 58
3978 3983 97
4003 4029 109
4028 4063 175
4051 4079 123
4056 4073 26
4071 4117 243
4072 4096 57
4073 4114 181
4078 4109 31
4107 4116 15
4117 4123 132
4117 4118 33
4139 4171 211
4159 4205 206
4171 4217 103
4198 4204 238
4209 4249 7
4211 4247 294
4219 4222 285
4237 4247 196
4242 4269 224
4263 4278 91
4276 4285 233
4276 4301 228
4284 4317 292
4307 4338 87
4326 4375 47
4338 4377 157
4348 4360 126
4352 4373 272
4354 4399 297
4375 4389 206
4397 4417 105
4426 4444 132
4431 4479 69
4454 4480 178
4476 4506 237
4489 4501 22
4507 4547 291
4516 4526 283
4535 4536 159
4539 4566 300
4547 4579 162
4563 4567 205
4570 4587 235
4580 4611 256
4586 4603 232
4601 4630 171
4623 4661 185
4643 4644 46
4663 4710 281
4676 4714 200
4704 4720 241
4719 4735 167
4723 4761 218
4740 4790 101
4744 4748 283
4769 4781 46
4789 4835 228
4811 4860 150
4816 4851 25
4835 4857 51
4851 4889 165
4853 4862 151
4859 4900 42
4873 4879 132
4903 4924 83
4909 4944 235
4916 4932 82
4936 4967 166
4941 4973 251
4947 4959 188
4972 4982 4
4997 5043 194
5004 5028 226
5031 5064 19
5051 5093 119
5057 5084 138
5086 5128 267
5115 5163 156
5120 5141 231
5143 5171 55
5145 5165 178
5153 5160 220
5183 5202 151
5205 5249 24
5233 5253 90
5256 5298 8
5269 5293 75
5299 5312 239
5321 5358 180
5342 5351 299
5353 5380 39
5370 5390 283
5388 5412 288
5411 5460 233
5421 5452 16
5438 5468 269
5440 5448 50
5470 5495 5
5472 5494 101
5472 5518 44
5485 5531 189
5497 5514 174
5507 5549 280
5514 5563 131
5530 5544 32
5535 5578 117
5540 5590 36
5567 5614 235
5573 5582 209
5596 5627 139
5606 5643 170
5615 5665 290
5615 5618 242
5624 5664 127
5639 5683 154
5669 5677 107
5698 5705 73
5704 5712 11
5715 5734 197
5725 5764 249
5728 5743 117
5754 5788 207
5776 5803 123
5782 5783 77
5807 5824 49
5811 5829 188
5813 5821 290
5842 5881 258
5858 5899 270
5878 5890 246
5893 5912 112
5900 5943 239
5921 5954 33
5927 5951 148
5933 5960 108
5947 5949 167
5968 5973 27
5976 6001 290
5983 6016 42
6000 6031 271
6017 6030 112
6027 6050 271
6048 6078 278
6068 6102 144
6078 6127 190
6094 6105 293
6110 6128 154
6116 6118 128
6145 6174 236
6153 6175 101
6164 6212 203
6164 6211 173
6171 6209 135
6175 6180 176
6179 6205 291
6203 6242 284
6227 6263 232
6249 6275 115
6252 6279 18
6274 6304 120
6286 6334 235
6297 6303 264
6301 6323 45
6309 6338 171
6323 6368 185
6332 6337 156
6349 6364 141
6375 6384 195
6387 6428 38
6399 6447 151
6413 6444 13
6436 6476 147
6463 6487 113
6492 6515 241
6506 6516 5
6516 6520 38
6536 6581 265
6560 6592 242
6587 6615 250
6596 6603 243
6610 6651 5
6616 6665 41
6616 6654 141
6636 6678 48
6664 6683 128
6668 6675 84
6691 6721 7
6699 6723 87
6727 6766 30
6734 6744 18
6743 6757 166
6751 6775 274
6752 6786 39
6753 6787 52
6776 6784 125
6779 6797 20
6792 6840 125
6793 6802 210
6800 6830 45
6815 6823 118
6831 6871 87
6853 6856 18
6874 6903 87
6895 6926 23
6904 6906 82
6931 6973 203
6936 6948 223
6958 6963 271
6982 6997 139
6995 7033 43
7000 7050 158
7000 7017 168
7029 7054 270
