500
8 26 19
38 58 251
38 88 163
42 61 12
43 80 298
68 111 244
73 101 240
103 130 1
114 149 298
124 145 98
141 182 237
141 178 16
164 212 99
173 218 244
199 218 33
216 224 96
229 239 266
237 266 129
258 287 197
259 275 79
284 298 282
310 316 55
330 346 157
356 369 211
360 384 159
377 405 175
398 416 202
398 436 44
425 460 45
433 450 7
463 475 41
481 516 178
494 534 257
494 511 151
513 526 159
537 560 235
545 579 216
558 585 178
583 596 274
604 613 263
605 638 81
609 627 146
639 673 2
648 697 285
669 688 136
684 722 98
697 736 8
723 769 248
735 753 9
740 762 60
756 784 134
783 809 75
805 809 2
834 880 91
837 844 83
847 887 246
871 874 75
890 929 157
912 918 278
931 952 290
934 954 261
944 976 58
952 962 177
956 985 293
967 986 87
968 1005 88
984 1012 34
994 1025 277
1013 1044 216
1013 1043 103
1041 1066 84
1064 1080 155
1079 1107 264
1082 1083 95
1092 1110 96
1112 1125 84
1125 1163 211
1152 1190 115
1173 1188 126
1189 1212 131
1212 1221 90
1232 1281 276
1246 1261 299
1259 1284 33
1273 1281 79
1280 1288 34
1307 1309 172
1330 1378 286
1340 1390 174
1353 1355 67
1374 1416 19
1380 1391 65
1391 1423 290
1413 1461 249
1430 1457 101
1448 1492 296
1449 1481 260
1479 1483 3
1498 1524 184
1501 1530 295
1509 1528 153
1509 1548 249
1514 1554 1
1519 1554 33
1519 1568 34
1522 1538 52
1532 1569 77
1536 1573 147
1556 1584 128
1556 1605 179
1583 1605 198
1604 1633 174
1627 1659 163
1648 1696 117
1658 1671 235
1670 1687 8
1682 1700 51
1695 1709 122
1717 1730 226
1722 1768 52
1731 1775 133
1752 1784 33
1769 1776 158
1770 1772 178
1775 1784 56
1794 1843 230
1806 1821 24
1824 1843 229
1825 1854 104
1847 1849 121
1860 1891 211
1876 1883 148
1903 1944 108
1914 1922 96
1917 1941 181
1939 1985 36
1954 1988 123
1955 1990 167
1963 1980 223
1980 2010 138
1991 2012 166
2011 2013 104
2033 2034 7
2051 2100 1
2076 2104 57
2100 2108 211
2102 2151 5
2111 2153 78
2115 2139 249
2120 2137 17
2142 2188 166
2168 2196 14
2177 2221 239
2195 2231 221
2215 2224 118
2220 2247 137
2229 2271 94
2249 2280 34
2255 2274 57
2281 2302 236
2282 2300 264
2311 2354 197
2339 2387 70
2365 2400 7
2387 2412 106
2403 2407 228
2411 2451 85
2429 2451 248
2459 2464 196
2480 2487 282
2494 2522 66
2513 2541 53
2534 2538 283
2557 2562 15
2574 2584 68
2593 2614 103
2596 2606 230
2603 2621 172
2632 2656 108
2641 2667 38
2643 2688 258
2673 2679 102
2699 2714 9
2723 2751 198
2727 2738 234
2754 2797 26
2775 2822 139
2777 2791 204
2789 2803 203
2790 2827 56
2808 2814 274
2810 2849 292
2828 2829 294
2835 2850 195
2861 2887 272
2880 2917 22
2892 2901 110
2916 2956 229
2925 2972 79
2946 2995 221
2950 2968 131
2972 3018 19
2991 3020 183
3019 3028 255
3047 3091 32
3059 3064 238
3085 3100 192
3102 3126 288
3107 3112 128
3110 3123 80
3136 3140 43
3147 3182 267
3173 3199 160
3198 3243 196
3206 3216 111
3230 3262 185
3258 3280 56
3284 3325 183
3305 3328 12
3305 3343 17
3307 3347 258
3313 3352 165
3329 3379 93
3353 3402 240
3368 3376 163
3397 3419 29
3415 3417 282
3419 3435 248
3432 3448 77
3435 3479 126
3458 3460 102
3470 3499 253
3485 3526 259
3486 3509 235
3502 3535 106
3522 3543 15
3522 3536 228
3527 3528 96
3535 3556 25
3549 3591 39
3552 3562 2
3552 3594 270
3553 3599 203
3560 3567 72
3576 3596 243
3604 3627 141
3609 3616 81
3614 3636 264
3626 3627 114
3656 3705 101
3672 3683 60
3702 3718 55
3732 3779 84
3754 3774 11
3770 3782 18
3771 3820 176
3784 3818 155
3813 3821 137
3819 3821 74
3843 3871 53
3865 3889 137
3870 3901 117
3898 3929 269
3914 3930 127
3934 3969 8
3943 3978 53
3962 4000 68
3965 3976 114
3979 3990 132
3982 3997 60
3999 4000 75
4028 4038 47
4058 4061 192
4072 4089 111
4094 4113 258
4124 4135 109
4154 4181 210
4183 4213 28
4192 4229 85
4201 4234 286
4208 4241 116
4213 4254 112
4235 4253 297
4238 4251 198
4248 4252 14
4273 4307 124
4285 4297 126
4303 4321 36
4305 4332 191
4330 4375 230
4346 4370 152
4346 4357 84
4348 4396 245
4376 4418 94
4404 4425 201
4406 4423 191
4428 4478 281
4446 4448 220
4456 4505 18
4466 4468 285
4490 4522 78
4504 4526 28
4530 4576 141
4533 4551 175
4560 4608 108
4565 4603 244
4571 4620 213
4593 4625 239
4618 4664 2
4626 4641 10
4637 4648 35
4641 4677 87
4670 4675 284
4675 4697 11
4688 4728 16
4710 4711 296
4717 4748 292
4728 4774 94
4730 4778 281
4730 4743 34
4744 4792 69
4765 4777 38
4765 4812 145
4780 4823 294
4789 4822 79
4791 4798 64
4811 4843 189
4825 4860 256
4850 4888 207
4860 4872 263
4881 4906 158
4891 4936 160
4908 4942 37
4935 4969 60
4959 4996 60
4971 5018 279
4994 4998 35
5019 5031 214
5033 5050 37
5060 5067 64
5063 5095 129
5075 5106 260
5089 5106 166
5117 5123 247
5132 5153 242
5143 5147 96
5167 5198 284
5179 5219 75
5188 5208 271
5211 5256 104
5228 5231 96
5256 5297 182
5263 5269 117
5280 5295 69
5301 5320 176
5315 5330 107
5344 5347 228
5363 5380 216
5374 5375 148
5394 5396 171
5413 5445 242
5440 5456 293
5463 5501 26
5486 5519 33
5497 5546 188
5515 5531 238
5520 5547 25
5530 5533 278
5555 5565 56
5564 5588 178
5594 5610 136
5612 5643 57
5614 5662 198
5641 5688 181
5641 5661 223
5649 5690 238
5658 5700 290
5688 5693 209
5691 5720 144
5716 5758 216
5722 5729 112
5734 5753 231
5758 5780 146
5778 5790 167
5803 5828 185
5825 5831 158
5848 5876 178
5865 5879 225
5889 5909 111
5889 5937 297
5895 5924 265
5900 5902 300
5919 5969 284
5947 5994 14
5965 5991 99
5972 6014 290
5991 6037 93
5996 6045 225
6016 6055 255
6025 6039 44
6040 6080 160
6059 6101 7
6070 6076 211
6081 6088 18
6094 6118 223
6117 6119 267
6125 6164 257
6132 6177 213
6150 6167 277
6165 6169 94
6184 6188 151
6205 6206 241
6219 6259 290
6243 6280 46
6271 6276 167
6289 6334 102
6310 6343 156
6327 6360 231
6349 6391 53
6366 6371 276
6388 6417 19
6409 6410 73
6431 6468 101
6437 6472 290
6463 6506 120
6485 6513 96
6501 6527 46
6521 6557 104
6533 6582 201
6545 6590 100
6555 6602 192
6578 6603 283
6598 6629 58
6622 6661 242
6625 6669 275
6655 6684 142
6666 6705 64
6683 6727 34
6694 6719 95
6716 6740 176
6736 6775 180
6756 6781 205
6768 6802 54
6779 6812 33
6794 6799 28
6810 6837 13
6828 6850 121
6852 6873 163
6868 6882 286
6896 6923 252
6908 6946 17
6937 6970 271
6964 7005 215
6976 7013 283
6976 7008 167
6998 7027 10
7003 7039 61
7029 7076 152
7051 7066 183
7081 7104 284
7098 7103 139
7119 7125 152
7124 7152 87
7125 7165 36
7148 7168 254
7174 7176 66
7189 7191 158
7192 7221 236
7198 7221 73
7211 7236 192
7240 7242 13
7259 7293 56
7259 7279 85
7262 7272 196
7275 7303 184
7298 7315 3
7327 7337 167
7349 7380 269
7361 7387 252
7376 7398 75
7401 7404 23
7401 7436 109
7407 7431 82
7430 7440 272
7459 7480 110
7483 7487 249
7501 7537 190
7512 7557 88
7518 7533 78
7543 7572 208
7560 7577 69
7577 7611 73
7583 7632 34
7613 7636 15
7627 7667 282
7640 7669 164
7670 7684 256
7680 7727 92
7695 7698 20
7713 7731 48
