500
7 20 233
8 36 165
36 64 175
40 67 300
47 64 93
61 83 149
72 112 17
82 115 269
106 133 138
119 160 224
128 173 287
153 190 70
157 185 212
177 192 184
202 206 76
228 256 61
247 269 110
251 256 66
265 313 14
273 283 40
286 314 258
296 325 237
312 359 35
334 364 213
351 361 63
373 401 166
373 385 224
376 400 38
400 437 181
424 427 147
434 462 121
450 454 121
471 516 298
477 508 206
478 493 263
483 500 152
499 506 214
524 539 235
543 544 99
559 588 17
576 599 209
589 626 243
613 650 118
627 651 199
635 648 71
645 678 120
668 683 260
693 713 258
702 720 246
707 754 280
713 740 109
723 750 222
746 784 253
768 795 198
789 814 222
813 853 265
828 875 14
840 857 300
863 866 180
878 906 141
885 913 149
910 913 57
939 971 298
947 949 46
957 992 121
968 1010 247
978 991 112
993 1011 5
993 1024 248
1010 1032 66
1035 1047 166
1045 1073 245
1075 1110 186
1079 1127 99
1103 1143 88
1120 1128 280
1143 1188 38
1148 1195 288
1155 1192 134
1173 1189 244
1185 1187 184
1193 1195 213
1212 1221 105
1236 1274 124
1237 1258 61
1266 1276 190
1289 1306 48
1309 1328 51
1320 1360 300
1335 1348 84
1341 1379 274
1364 1380 83
1367 1371 67
1382 1390 205
1397 1403 299
1400 1444 237
1411 1415 271
1436 1459 274
1444 1488 237
1471 1505 270
1484 1515 210
1514 1519 44
1521 1565 278
1529 1533 68
1533 1580 114
1556 1599 2
1578 1604 116
1583 1585 217
1584 1626 152
1604 1646 187
1612 1635 294
1628 1635 68
1657 1664 215
1660 1698 35
1686 1708 86
1697 1744 180
1697 1718 262
1720 1724 22
1727 1728 236
1738 1774 136
1743 1763 160
1772 1801 67
1793 1805 139
1805 1836 111
1820 1857 5
1826 1834 198
1827 1843 170
1835 1876 99
1838 1880 142
1856 1880 188
1873 1906 47
1886 1912 165
1904 1927 263
1928 1929 242
1938 1968 166
1960 1978 29
1969 1980 183
1969 1971 18
1995 2028 280
2020 2049 53
2042 2090 68
2046 2054 284
2057 2101 295
2070 2088 264
2072 2111 178
2075 2092 291
2098 2117 2
2103 2148 248
2108 2139 259
2125 2170 30
2155 2171 109
2167 2190 206
2196 2241 188
2212 2247 38
2234 2245 278
2243 2289 100
2262 2263 267
2292 2296 100
2305 2309 68
2320 2341 289
2338 2377 38
2345 2358 195
2364 2396 218
2368 2413 186
2376 2413 50
2393 2395 114
2402 2412 125
2403 2406 299
2433 2470 123
2433 2438 18
2460 2482 28
2468 2503 149
2476 2483 53
2477 2521 245
2485 2501 110
2502 2548 97
2529 2556 206
2531 2566 46
2540 2551 186
2562 2604 103
2589 2608 1
2613 2622 277
2630 2678 37
2643 2650 29
2643 2666 207
2647 2688 90
2663 2690 218
2664 2666 232
2679 2716 167
2687 2710 12
2700 2704 252
2703 2733 109
2727 2758 91
2755 2798 148
2765 2774 218
2770 2782 121
2784 2821 168
2794 2826 72
2811 2827 234
2831 2842 107
2849 2899 147
2862 2890 277
2879 2899 295
2899 2927 52
2915 2936 135
2938 2965 23
2965 3012 266
2983 3028 79
3011 3061 20
3041 3065 247
3069 3074 288
3069 3093 150
3093 3127 261
3104 3115 231
3118 3164 65
3128 3148 131
3140 3165 275
3143 3170 5
3168 3214 1
3198 3201 63
3204 3238 288
3209 3258 6
3212 3233 137
3239 3254 113
3249 3258 160
3270 3312 213
3284 3301 117
3287 3333 205
3302 3350 59
3314 3364 36
3342 3349 259
3369 3375 178
3386 3407 231
3403 3410 278
3405 3427 225
3410 3435 247
3417 3452 94
3437 3476 281
3461 3495 56
3463 3507 49
3463 3495 78
3491 3506 298
3503 3550 200
3509 3555 103
3530 3546 73
3542 3543 272
3559 3607 299
3561 3601 279
3587 3607 237
3596 3634 130
3610 3639 77
3620 3639 201
3632 3641 31
3654 3683 119
3671 3687 68
3682 3718 92
3703 3735 40
3726 3749 206
3749 3793 258
3760 3808 94
3765 3788 96
3792 3825 240
3817 3850 184
3842 3863 177
3872 3913 117
3880 3888 285
3905 3947 196
3919 3924 160
3929 3963 49
3957 3990 245
3971 3998 57
3978 3998 104
3987 4023 12
3996 4030 267
4019 4068 77
4037 4047 72
4055 4090 242
4079 4094 139
4099 4140 18
4121 4162 172
4149 4191 184
4155 4181 155
4165 4212 204
4175 4206 53
4192 4193 92
4205 4226 142
4211 4256 16
4225 4259 35
4243 4269 124
4254 4278 147
4281 4316 82
4284 4334 216
4290 4310 109
4320 4342 117
4336 4351 277
4351 4358 207
4370 4402 104
4396 4419 90
4424 4459 170
4425 4444 93
4433 4475 112
4436 4440 266
4440 4487 8
4445 4460 90
4474 4478 29
4500 4503 242
4519 4544 258
4548 4569 288
4568 4585 7
4588 4634 193
4588 4597 143
4602 4651 218
4607 4653 115
4616 4653 127
4626 4650 74
4644 4688 242
4672 4720 137
4695 4719 47
4702 4730 171
4726 4728 139
4741 4742 34
4744 4785 37
4757 4785 230
4761 4811 225
4768 4800 9
4795 4845 152
4815 4845 243
4843 4887 195
4855 4893 10
4881 4911 75
4885 4922 279
4894 4918 239
4908 4939 172
4916 4925 16
4943 4990 260
4963 4971 162
4981 4998 229
4995 5026 163
4995 5035 185
5023 5068 99
5041 5079 197
5042 5077 275
5042 5087 287
5052 5101 235
5054 5103 206
5061 5092 248
5073 5086 245
5095 5108 3
5099 5121 17
5109 5159 104
5114 5141 32
5114 5120 125
5126 5138 297
5151 5195 100
5160 5197 270
5188 5189 58
5191 5200 252
5196 5222 180
5208 5218 103
5229 5275 175
5235 5263 200
5265 5299 225
5295 5305 226
5317 5367 218
5341 5387 289
5348 5384 292
5367 5373 173
5390 5438 294
5420 5424 97
5436 5445 247
5446 5496 197
5455 5480 61
5474 5522 29
5496 5523 71
5499 5542 189
5501 5521 163
5523 5563 28
5543 5569 72
5556 5582 233
5581 5594 14
5609 5645 265
5610 5643 218
5639 5671 98
5655 5668 105
5665 5678 179
5684 5734 33
5705 5717 128
5733 5779 194
5761 5789 290
5787 5803 115
5807 5820 45
5811 5841 265
5812 5848 156
5823 5854 260
5825 5829 91
5830 5865 165
5850 5886 233
5858 5899 147
5866 5875 165
5870 5913 167
5890 5927 60
5900 5908 106
5911 5913 237
5930 5933 29
5948 5958 293
5958 5985 281
5961 5966 231
5985 6026 246
5998 6030 98
6026 6055 141
6046 6066 145
6062 6071 274
6069 6101 200
6080 6086 55
6097 6146 6
6110 6160 26
6132 6164 103
6145 6152 180
6154 6202 204
6158 6175 92
6161 6202 175
6173 6186 185
6197 6220 87
6205 6218 193
6233 6280 177
6238 6263 249
6261 6281 107
6265 6307 255
6267 6298 194
6291 6319 183
6314 6323 280
6327 6345 254
6347 6391 227
6358 6371 6
6375 6398 51
6389 6436 121
6417 6439 136
6435 6438 178
6453 6478 276
6472 6499 179
6501 6510 150
6507 6541 115
6536 6537 160
6552 6599 230
6568 6605 113
6573 6599 238
6585 6610 40
6589 6626 187
6596 6625 78
6615 6663 172
6634 6646 274
6640 6658 243
6664 6694 62
6671 6684 296
6681 6713 56
6695 6729 24
6711 6748 79
6714 6730 100
6742 6771 30
6762 6806 48
6790 6804 134
6811 6844 27
6834 6876 126
6834 6853 130
6845 6847 190
6846 6861 260
6847 6887 203
6871 6880 13
6897 6927 185
6901 6913 222
6924 6954 69
6933 6942 282
6958 6971 58
6966 7004 139
6974 7003 129
6983 6985 242
7013 7052 1
7037 7058 171
7052 7073 285
7052 7097 285
7080 7118 277
7093 7132 232
7119 7129 166
7131 7140 129
7156 7172 137
7163 7171 11
7166 7200 216
7177 7203 187
7187 7234 250
7194 7240 240
7224 7263 174
7236 7280 240
7261 7291 189
7276 7304 238
7303 7346 119
7323 7353 264
7338 7384 21
7344 7361 2
7368 7396 290
7384 7422 145
