500
2 13 50
5 44 256
12 13 121
25 59 251
31 70 232
42 57 7
58 78 94
63 65 103
84 88 7
99 103 22
120 165 183
141 147 211
149 195 176
158 182 68
172 198 14
189 213 227
189 200 264
200 212 88
201 202 140
201 239 172
204 226 35
212 255 285
223 252 90
231 233 169
233 240 153
251 273 238
261 302 81
270 293 117
291 311 197
318 363 9
318 357 84
320 343 261
328 371 54
352 370 227
353 386 43
356 371 69
386 395 114
405 426 237
420 440 237
434 464 119
452 474 104
457 459 158
471 505 265
479 520 14
509 543 91
514 516 224
544 589 46
574 590 264
575 620 196
577 589 230
589 630 259
618 657 129
630 664 291
642 654 149
653 662 237
681 716 72
698 724 52
721 759 278
727 735 80
746 764 273
771 820 72
798 846 271
811 850 183
826 828 165
845 892 171
851 884 52
881 901 55
908 936 279
930 948 240
940 947 121
969 1000 191
993 1040 299
1014 1059 32
1043 1049 162
1073 1117 109
1098 1122 264
1122 1125 285
1123 1131 195
1124 1171 106
1136 1153 299
1151 1173 157
1177 1205 143
1182 1205 94
1187 1196 80
1191 1192 104
1206 1243 23
1219 1268 87
1221 1245 149
1227 1228 35
1245 1252 134
1256 1272 134
1269 1318 68
1294 1314 87
1316 1345 242
1333 1347 47
1340 1369 145
1346 1373 85
1373 1395 52
1378 1384 51
1386 1408 136
1387 1408 136
1417 1431 42
1417 1458 4
1434 1436 132
1440 1483 276
1445 1473 297
1447 1487 298
1455 1462 194
1471 1475 187
1489 1521 150
1517 1557 259
1529 1536 161
1541 1555 134
1546 1589 23
1560 1580 123
1589 1590 195
1592 1630 117
1619 1649 284
1644 1693 225
1668 1675 139
1693 1711 186
1698 1721 60
1721 1743 75
1722 1725 293
1736 1767 25
1743 1785 277
1764 1780 104
1781 1820 79
1810 1847 130
1822 1837 163
1842 1872 150
1855 1898 154
1863 1879 276
1864 1877 108
1884 1893 298
1894 1944 234
1918 1944 112
1927 1928 285
1933 1975 2
1963 2013 38
1988 1991 67
1997 2004 71
2023 2061 168
2032 2066 269
2054 2074 146
2072 2090 55
2074 2092 27
2103 2115 139
2126 2160 74
2150 2163 17
2168 2218 56
2177 2187 212
2202 2227 99
2207 2243 143
2233 2249 44
2236 2263 72
2260 2274 200
2289 2300 275
2313 2350 7
2313 2328 263
2339 2352 164
2345 2381 70
2358 2365 236
2361 2396 296
2370 2403 258
2373 2374 241
2374 2379 291
2381 2390 152
2400 2432 159
2413 2440 30
2439 2458 120
2464 2484 200
2489 2494 68
2494 2528 115
2508 2541 121
2520 2570 147
2540 2541 103
2551 2582 37
2554 2566 160
2570 2618 11
2578 2602 263
2595 2635 9
2609 2630 30
2620 2629 223
2623 2661 29
2638 2653 237
2658 2690 162
2688 2718 66
2706 2754 113
2715 2719 174
2729 2755 292
2731 2750 262
2746 2791 222
2754 2802 22
2766 2776 182
2778 2783 27
2793 2813 284
2809 2821 290
2826 2855 196
2845 2892 3
2848 2866 295
2871 2905 116
2901 2923 147
2910 2922 122
2920 2941 224
2933 2980 218
2949 2965 256
2949 2977 42
2961 2962 34
2967 3008 245
2977 2979 141
2982 3018 109
3009 3011 292
3009 3031 296
3026 3073 215
3033 3045 39
3046 3050 184
3046 3055 50
3074 3111 74
3095 3120 165
3114 3129 210
3128 3138 253
3137 3154 238
3165 3204 194
3176 3187 106
3180 3206 132
3190 3234 54
3191 3197 174
3194 3210 172
3222 3250 141
3229 3264 169
3232 3248 159
3236 3254 104
3257 3288 273
3274 3310 51
3298 3329 23
3311 3354 35
3330 3355 118
3357 3389 180
3363 3412 106
3375 3415 15
3390 3397 75
3400 3438 42
3407 3448 205
3429 3471 199
3431 3458 18
3431 3434 67
3457 3460 20
3468 3501 281
3482 3514 144
3492 3524 295
3492 3532 294
3522 3539 102
3524 3560 25
3548 3564 133
3570 3611 203
3571 3615 40
3586 3626 130
3615 3643 102
3620 3639 14
3635 3662 22
3647 3657 184
3650 3667 211
3676 3722 147
3684 3688 3
3698 3742 167
3704 3750 67
3718 3737 221
3740 3778 174
3770 3793 94
3774 3809 45
3789 3793 63
3813 3843 3
3836 3859 46
3850 3884 212
3880 3909 258
3893 3907 251
3897 3947 230
3897 3947 252
3908 3953 140
3935 3965 205
3962 3999 67
3990 4035 220
4000 4042 239
4011 4054 47
4021 4048 176
4045 4087 276
4052 4067 158
4059 4082 131
4070 4090 130
4080 4081 210
4098 4141 144
4124 4152 197
4142 4154 49
4170 4219 263
4200 4219 178
4203 4233 222
4217 4253 6
4220 4230 34
4238 4250 74
4262 4304 114
4268 4279 198
4289 4312 259
4296 4316 270
4318 4319 217
4327 4329 298
4354 4380 175
4375 4378 119
4384 4431 182
4413 4431 179
4426 4432 179
4454 4484 285
4465 4490 188
4470 4493 76
4482 4497 61
4501 4543 32
4516 4539 167
4535 4570 137
4557 4597 195
4559 4601 46
4566 4616 285
4593 4618 53
4598 4646 230
4603 4645 242
4623 4629 127
4644 4663 47
4663 4713 177
4690 4716 272
4697 4727 165
4719 4721 107
4735 4783 109
4764 4810 149
4767 4780 195
4780 4784 241
4798 4846 14
4799 4845 157
4814 4859 217
4843 4853 242
4847 4850 119
4872 4919 249
4882 4889 280
4894 4931 123
4905 4923 220
4919 4929 46
4926 4952 85
4944 4957 178
4960 4998 32
4961 5008 32
4969 5003 133
4988 4989 175
4997 5036 115
5025 5072 80
5045 5084 43
5054 5087 6
5081 5116 118
5105 5144 132
5113 5139 267
5133 5148 179
5141 5176 255
5170 5179 213
5172 5186 12
5180 5188 173
5185 5208 32
5186 5216 30
5186 5229 25
5204 5225 178
5204 5207 30
5223 5225 252
5229 5254 172
5255 5303 91
5284 5302 72
5288 5322 231
5291 5312 293
5321 5336 102
5348 5355 39
5353 5389 170
5383 5385 76
5392 5404 135
5418 5440 82
5438 5474 85
5456 5466 157
5475 5520 163
5477 5524 66
5497 5539 239
5516 5539 222
5544 5565 236
5558 5606 101
5580 5590 235
5608 5635 131
5610 5652 299
5623 5654 182
5638 5670 204
5653 5688 236
5677 5717 223
5692 5734 188
5714 5741 196
5725 5746 254
5728 5757 280
5750 5782 90
5777 5780 165
5793 5810 103
5794 5797 102
5800 5843 260
5811 5851 203
5824 5867 75
5837 5848 143
5847 5890 294
5864 5912 7
5884 5907 49
5914 5960 173
5914 5944 143
5929 5970 263
5938 5967 107
5947 5990 273
5971 6014 71
5975 6012 132
6001 6033 261
6011 6015 127
6029 6069 291
6052 6053 95
6064 6065 248
6064 6069 65
6069 6119 19
6093 6132 300
6118 6151 38
6123 6170 231
6143 6176 101
6162 6189 5
6189 6228 256
6214 6221 115
6224 6239 146
6241 6269 198
6269 6272 55
6269 6288 274
6271 6307 32
6298 6318 60
6328 6334 275
6350 6377 211
6373 6401 143
6400 6415 147
6428 6438 113
6449 6458 112
6469 6497 88
6499 6528 281
6501 6525 14
6522 6554 35
6543 6571 63
6547 6583 262
6560 6605 281
6570 6586 2
6599 6613 113
6617 6622 99
6622 6632 287
6636 6680 70
6641 6686 142
6649 6681 11
6651 6680 115
6679 6693 204
6682 6684 207
6688 6718 159
6701 6702 167
6702 6734 267
6724 6767 36
6748 6785 11
6774 6779 97
6796 6835 45
6799 6841 29
6804 6813 212
6807 6845 238
6816 6866 128
6832 6836 119
6836 6846 215
6837 6842 282
6842 6886 126
6844 6884 239
6859 6902 12
6866 6909 171
6894 6941 258
6899 6923 95
6926 6967 122
6950 6977 203
6951 6978 239
6959 7008 57
6983 6984 42
6984 6993 80
7012 7051 291
7037 7044 225
7041 7091 5
7058 7094 61
7070 7073 77
7096 7137 110
7098 7130 152
7121 7125 97
7123 7162 90
7133 7171 15
7134 7182 207
7163 7166 183
7170 7174 147
7191 7222 229
7207 7223 95
