500
3 26 10
30 51 105
52 92 234
77 119 149
98 141 164
111 159 292
114 141 98
120 138 122
139 144 272
147 190 247
162 180 7
190 233 190
198 235 53
209 226 249
213 263 194
243 289 233
248 263 144
268 272 253
283 317 216
312 356 280
324 372 16
347 351 1
350 376 85
361 364 46
383 398 229
389 400 221
419 423 190
420 436 105
430 435 50
455 492 144
464 469 252
484 500 296
486 532 16
486 521 224
503 544 66
506 512 230
532 576 143
542 576 197
556 597 176
558 563 215
580 602 136
606 634 167
621 669 182
625 634 279
642 657 250
663 710 189
674 715 121
685 696 295
708 748 131
728 774 273
750 781 190
764 769 257
786 791 293
812 817 99
832 857 239
849 858 54
863 896 9
873 902 87
895 924 113
904 926 246
929 936 170
937 964 100
954 981 229
971 988 161
975 998 289
985 1013 120
1015 1031 163
1016 1025 251
1023 1053 133
1027 1038 279
1047 1082 221
1060 1107 137
1090 1127 101
1096 1139 288
1114 1164 173
1118 1140 2
1139 1157 82
1152 1191 171
1152 1160 198
1157 1182 226
1179 1208 37
1199 1203 92
1224 1250 20
1230 1248 7
1237 1277 117
1254 1304 161
1257 1290 265
1262 1275 117
1264 1301 135
1273 1292 210
1285 1327 138
1305 1307 221
1309 1322 28
1313 1329 275
1337 1357 261
1352 1374 52
1359 1364 85
1363 1384 96
1378 1423 105
1384 1433 289
1400 1428 266
1420 1447 19
1430 1473 227
1456 1464 196
1466 1487 205
1474 1496 238
1475 1495 252
1499 1548 49
1504 1534 118
1506 1555 235
1536 1542 46
1540 1542 263
1560 1598 266
1579 1603 269
1600 1614 109
1621 1645 238
1645 1674 139
1650 1667 164
1651 1698 40
1670 1700 222
1694 1696 118
1715 1763 11
1731 1769 167
1736 1752 263
1757 1803 169
1772 1805 56
1781 1797 278
1802 1841 123
1824 1849 116
1831 1834 230
1837 1876 52
1849 1878 144
1878 1894 297
1885 1934 90
1897 1913 259
1926 1933 125
1954 1958 66
1961 1981 242
1971 1977 175
1996 2043 175
2017 2062 77
2034 2083 38
2054 2067 227
2058 2075 76
2072 2073 284
2079 2092 49
2107 2132 54
2133 2167 233
2136 2158 191
2147 2180 250
2157 2192 199
2185 2226 140
2206 2234 241
2229 2258 101
2237 2272 45
2254 2271 193
2279 2321 296
2298 2326 23
2315 2345 254
2327 2333 157
2336 2382 174
2343 2376 263
2371 2410 13
2395 2422 52
2406 2433 225
2431 2438 102
2460 2476 234
2476 2524 66
2480 2482 127
2506 2545 104
2533 2535 108
2553 2590 23
2577 2620 221
2593 2596 175
2611 2659 63
2639 2641 136
2646 2673 116
2649 2691 137
2664 2714 249
2688 2719 156
2707 2712 245
2720 2730 184
2726 2733 246
2739 2773 108
2750 2784 242
2762 2790 203
2784 2806 58
2804 2811 59
2817 2846 144
2844 2858 164
2853 2892 292
2870 2913 263
2874 2913 104
2902 2931 240
2913 2916 58
2918 2931 125
2920 2954 218
2941 2980 101
2964 2989 56
2974 3008 16
2988 2992 260
2988 3003 248
3002 3015 218
3006 3017 227
3017 3020 211
3019 3055 5
3031 3073 195
3058 3061 100
3065 3073 39
3078 3126 25
3104 3111 82
3131 3154 72
3146 3149 146
3160 3184 280
3180 3226 224
3209 3247 133
3222 3238 264
3222 3229 94
3251 3296 81
3267 3269 157
3270 3275 108
3275 3288 152
3303 3344 228
3322 3368 156
3340 3360 165
3361 3376 220
3381 3429 286
3393 3397 265
3407 3450 256
3428 3432 120
3447 3476 142
3447 3470 49
3461 3462 186
3487 3507 44
3490 3537 201
3520 3550 192
3521 3535 289
3547 3587 225
3553 3578 200
3565 3569 139
3581 3622 247
3602 3609 65
3602 3622 41
3603 3648 171
3622 3633 115
3622 3639 161
3642 3682 8
3664 3704 100
3683 3705 11
3712 3749 285
3726 3754 238
3747 3789 264
3768 3796 245
3791 3804 83
3806 3849 259
3830 3872 38
3855 3877 116
3866 3915 276
3870 3883 142
3873 3897 100
3882 3906 13
3896 3923 216
3899 3947 70
3900 3904 172
3906 3930 78
3922 3927 163
3952 3957 135
3954 3955 6
3971 3975 292
3972 3991 272
3994 4038 231
4004 4029 156
4020 4040 173
4046 4051 270
4057 4075 175
4085 4101 35
4085 4102 204
4088 4108 251
4109 4154 153
4112 4161 272
4124 4156 216
4152 4202 299
4177 4183 23
4183 4222 293
4186 4196 234
4204 4252 288
4230 4273 105
4252 4269 238
4269 4293 77
4289 4329 207
4307 4324 68
4320 4350 219
4336 4351 158
4341 4354 256
4361 4406 121
4361 4373 183
4370 4407 221
4384 4388 102
4403 4448 68
4421 4464 279
4424 4461 39
4437 4458 122
4444 4449 276
4447 4448 55
4467 4478 75
4481 4518 128
4500 4530 136
4511 4555 49
4539 4574 200
4561 4587 241
4580 4608 21
4583 4598 216
4593 4614 292
4610 4639 268
4616 4642 7
4632 4675 209
4649 4690 114
4657 4696 165
4676 4726 300
4691 4720 264
4702 4708 195
4722 4727 53
4730 4731 221
4737 4780 138
4753 4801 250
4777 4797 169
4782 4807 66
4806 4830 275
4835 4866 206
4837 4879 23
4847 4862 275
4848 4893 32
4859 4891 175
4886 4894 47
4886 4889 187
4901 4918 13
4928 4933 47
4958 4979 175
4959 4964 156
4973 4974 49
4985 5018 246
4992 5005 137
4993 5030 24
5002 5042 159
5022 5052 207
5051 5059 88
5066 5109 31
5088 5136 208
5098 5122 39
5102 5128 47
5125 5148 7
5153 5165 124
5158 5180 258
5171 5181 273
5195 5234 78
5213 5260 183
5216 5264 202
5225 5273 250
5227 5256 40
5234 5273 156
5246 5263 20
5247 5274 4
5270 5279 166
5285 5330 17
5299 5316 214
5303 5353 226
5306 5336 26
5317 5322 136
5328 5364 220
5346 5371 170
5372 5390 2
5379 5422 268
5393 5414 162
5410 5455 64
5423 5426 104
5441 5464 219
5453 5495 72
5454 5481 47
5460 5475 152
5489 5526 54
5498 5536 12
5513 5551 222
5540 5549 152
5553 5599 20
5560 5601 47
5576 5616 71
5591 5620 29
5612 5625 250
5642 5647 125
5654 5659 28
5681 5682 121
5692 5719 294
5709 5711 194
5725 5730 77
5739 5746 69
5766 5810 298
5780 5819 98
5797 5807 230
5823 5846 280
5838 5888 227
5853 5896 179
5863 5894 17
5887 5908 190
5913 5914 261
5920 5950 88
5931 5961 281
5959 5962 211
5969 6016 277
5988 6034 88
6006 6052 23
6019 6044 249
6025 6061 259
6042 6051 209
6056 6100 169
6062 6086 292
6072 6081 62
6088 6120 185
6107 6153 61
6136 6182 27
6161 6201 68
6170 6191 147
6180 6194 182
6206 6233 102
6236 6249 258
6237 6252 265
6263 6273 283
6273 6301 281
6292 6318 149
6310 6329 60
6325 6329 121
6328 6348 145
6334 6340 76
6353 6354 268
6361 6403 121
6387 6413 10
6390 6434 133
6394 6423 67
6420 6463 31
6422 6461 88
6436 6441 204
6459 6474 65
6465 6477 109
6493 6504 199
6508 6532 243
6518 6519 97
6541 6582 23
6560 6591 241
6577 6583 102
6602 6624 156
6607 6626 119
6611 6615 107
6637 6679 64
6660 6681 164
6670 6679 71
6678 6715 88
6685 6694 220
6712 6731 118
6741 6772 59
6767 6796 10
6778 6801 117
6794 6835 135
6824 6828 287
6838 6853 167
6846 6890 290
6868 6909 196
6894 6940 48
6910 6936 80
6927 6932 98
6951 6980 94
6952 6991 17
6974 6999 262
6998 7028 86
7000 7012 279
7006 7018 107
7032 7056 63
7057 7073 52
7076 7108 262
7085 7101 195
7106 7115 283
7117 7164 259
7125 7166 242
7148 7189 284
7172 7182 90
7186 7191 209
7205 7210 153
7214 7223 161
7228 7242 252
7249 7292 75
7270 7271 249
7275 7313 242
7286 7315 108
7315 7334 274
7340 7347 63
7362 7380 235
7384 7394 78
7391 7437 78
7417 7450 253
7423 7463 129
7446 7459 94
7454 7458 191
