500
8 37 123
11 55 282
29 48 188
33 37 120
45 78 129
48 76 104
77 81 115
100 138 132
128 141 73
145 162 97
151 198 93
172 214 221
191 196 151
206 238 198
235 249 273
259 303 151
265 303 291
269 284 18
298 341 254
315 318 95
322 324 117
342 389 223
343 369 34
345 348 190
349 376 276
376 419 33
405 444 146
417 419 80
424 445 264
428 444 120
440 477 138
466 468 241
480 490 202
508 534 10
514 515 19
543 567 106
573 582 268
575 622 275
601 629 149
602 650 158
614 638 22
632 639 256
638 663 201
645 667 292
658 688 215
677 705 181
703 713 74
729 760 199
751 800 257
751 775 46
753 758 275
768 799 261
796 812 84
806 846 16
821 836 183
839 859 66
850 880 220
859 905 2
865 877 23
893 908 184
897 934 50
923 933 117
944 981 206
959 975 161
961 1006 139
965 990 272
985 1008 231
1008 1023 247
1029 1066 237
1044 1085 289
1066 1085 299
1066 1069 197
1077 1097 190
1084 1108 59
1089 1115 226
1099 1137 257
1107 1130 161
1126 1154 57
1150 1169 210
1157 1201 286
1157 1201 107
1169 1212 266
1197 1221 159
1224 1253 46
1225 1267 131
1233 1269 81
1261 1281 177
1269 1313 237
1281 1309 35
1302 1348 22
1323 1367 79
1343 1393 25
1360 1378 242
1380 1421 146
1390 1396 145
1418 1440 286
1418 1444 170
1420 1454 147
1443 1492 276
1447 1488 120
1454 1497 77
1472 1522 239
1479 1487 108
1502 1544 67
1512 1543 137
1534 1575 31
1536 1572 89
1550 1576 86
1579 1608 20
1609 1639 164
1610 1630 234
1638 1649 173
1642 1662 174
1664 1707 223
1680 1723 251
1702 1723 69
1727 1776 296
1743 1748 186
1747 1787 265
1772 1817 286
1800 1811 279
1806 1810 6
1835 1841 177
1861 1897 82
1875 1912 44
1877 1881 121
1880 1920 108
1897 1942 20
1914 1957 169
1914 1916 198
1926 1931 225
1941 1980 295
1953 1962 225
1972 1985 123
1977 2021 158
1992 2000 87
2020 2047 188
2021 2043 280
2025 2034 84
2055 2098 247
2077 2104 169
2086 2122 139
2108 2155 183
2135 2177 229
2141 2170 14
2165 2178 160
2182 2202 126
2195 2228 216
2213 2236 120
2228 2230 140
2247 2297 26
2257 2287 137
2277 2283 193
2287 2329 226
2309 2327 266
2320 2358 228
2349 2383 167
2365 2413 277
2369 2381 228
2386 2398 73
2395 2443 282
2403 2438 34
2407 2425 81
2416 2443 211
2416 2425 297
2420 2460 269
2447 2472 181
2450 2471 75
2454 2502 163
2469 2509 98
2485 2526 170
2511 2526 199
2527 2538 227
2541 2580 84
2560 2596 144
2585 2597 238
2598 2602 54
2610 2652 77
2632 2640 290
2658 2672 16
2662 2692 89
2689 2694 163
2717 2727 103
2746 2755 113
2757 2775 155
2780 2781 227
2785 2827 206
2792 2830 196
2799 2825 159
2817 2831 280
2831 2854 118
2847 2875 165
2876 2883 84
2887 2912 264
2915 2946 183
2922 2923 185
2928 2931 227
2953 2994 62
2972 2985 129
2977 2981 204
2991 3016 56
3005 3042 165
3019 3041 278
3049 3092 19
3070 3096 203
3085 3097 111
3102 3124 47
3121 3123 194
3146 3155 187
3160 3200 90
3164 3184 14
3186 3201 214
3200 3224 174
3208 3256 247
3228 3239 10
3255 3288 119
3275 3288 277
3287 3321 45
3289 3323 201
3308 3353 214
3316 3320 218
3322 3358 80
3342 3356 113
3349 3357 104
3373 3388 163
3378 3397 196
3399 3411 277
3424 3465 90
3431 3464 236
3435 3466 3
3460 3503 149
3467 3499 194
3497 3502 228
3504 3506 90
3510 3518 150
3525 3547 30
3537 3556 51
3560 3562 154
3573 3621 157
3582 3628 298
3606 3643 282
3619 3662 141
3619 3644 250
3639 3665 285
3646 3659 202
3675 3697 75
3693 3720 277
3705 3711 244
3722 3741 44
3747 3763 242
3766 3797 142
3766 3771 150
3791 3837 172
3819 3829 293
3825 3829 27
3839 3873 77
3857 3884 71
3886 3915 225
3896 3924 193
3896 3925 162
3925 3974 194
3938 3980 132
3952 3992 46
3956 3962 236
3963 4007 77
3971 3982 270
3989 4001 246
3991 3995 36
4002 4052 230
4022 4064 65
4043 4061 267
4045 4095 169
4075 4118 171
4085 4135 272
4085 4093 12
4093 4096 44
4119 4161 227
4137 4156 234
4147 4182 53
4172 4214 286
4179 4221 70
4182 4190 227
4190 4222 228
4205 4230 25
4212 4222 139
4215 4224 223
4235 4249 238
4255 4298 39
4259 4305 7
4270 4311 82
4299 4347 175
4308 4357 24
4337 4382 122
4337 4341 267
4364 4389 208
4364 4385 297
4376 4419 226
4388 4428 158
4401 4446 131
4419 4456 146
4428 4441 70
4444 4494 155
4459 4493 264
4484 4534 6
4499 4540 25
4500 4531 217
4523 4572 256
4533 4571 135
4551 4568 230
4578 4580 75
4580 4596 47
4583 4607 192
4583 4611 114
4591 4613 57
4613 4642 101
4631 4663 175
4647 4653 47
4677 4679 86
4701 4723 62
4724 4760 269
4726 4751 81
4735 4739 201
4752 4758 18
4770 4777 156
4770 4787 93
4785 4827 292
4805 4827 154
4811 4815 50
4817 4861 190
4845 4852 203
4868 4914 246
4878 4923 298
4901 4908 204
4927 4932 212
4943 4946 275
4957 4963 180
4970 5011 51
4975 5015 64
4989 4990 184
5000 5045 248
5009 5040 136
5026 5063 292
5026 5060 76
5038 5043 67
5042 5069 296
5047 5095 247
5068 5109 91
5075 5087 65
5077 5115 274
5093 5131 91
5111 5156 162
5128 5175 12
5139 5166 58
5154 5162 111
5172 5220 275
5188 5227 85
5189 5215 210
5197 5227 255
5200 5237 107
5205 5213 165
5221 5254 94
5241 5286 62
5245 5249 181
5255 5270 119
5255 5303 227
5280 5289 191
5296 5304 34
5322 5371 151
5350 5396 131
5370 5396 180
5400 5446 173
5400 5449 268
5426 5455 298
5456 5476 104
5471 5476 146
5499 5543 23
5518 5564 69
5518 5561 279
5538 5542 43
5559 5605 146
5559 5582 58
5579 5580 97
5605 5618 29
5611 5658 22
5627 5637 43
5628 5643 132
5641 5674 144
5644 5666 155
5671 5716 63
5701 5707 273
5710 5749 209
5738 5782 201
5762 5778 70
5777 5778 249
5777 5788 189
5798 5808 74
5808 5855 44
5812 5824 8
5841 5854 163
5866 5882 84
5869 5894 221
5893 5907 253
5919 5928 5
5924 5968 275
5941 5951 132
5944 5976 292
5969 6006 141
5999 6026 242
6017 6056 147
6038 6075 233
6064 6065 85
6077 6079 86
6081 6131 63
6101 6148 230
6104 6141 30
6120 6168 215
6134 6176 95
6157 6181 183
6165 6212 130
6194 6205 293
6202 6242 264
6229 6261 65
6234 6264 201
6236 6243 295
6243 6292 132
6273 6284 142
6294 6316 49
6302 6333 178
6304 6322 244
6332 6360 231
6353 6372 16
6356 6368 137
6376 6420 117
6402 6421 187
6404 6432 268
6416 6439 77
6442 6459 83
6442 6444 21
6463 6475 227
6492 6517 34
6494 6526 250
6521 6558 67
6531 6567 228
6538 6555 70
6564 6584 206
6582 6586 112
6604 6622 247
6623 6673 206
6652 6690 10
6668 6677 118
6668 6669 128
6690 6703 165
6710 6728 105
6728 6765 179
6752 6787 176
6754 6794 187
6782 6798 252
6797 6830 176
6809 6859 199
6838 6852 280
6859 6907 175
6870 6881 243
6884 6912 80
6914 6964 48
6929 6963 73
6944 6974 3
6966 6995 5
6991 7025 5
6997 7039 100
7009 7040 263
7034 7037 69
7037 7068 89
7057 7068 201
7058 7079 90
7062 7106 282
7077 7090 210
7083 7123 44
7104 7142 196
7126 7128 139
7145 7171 235
7168 7176 251
7192 7224 279
7202 7222 155
7216 7250 169
7234 7271 134
7263 7285 28
7264 7271 12
7288 7330 294
7298 7313 250
7303 7329 69
7322 7350 5
7332 7350 55
7353 7368 11
7377 7411 230
7406 7430 241
7411 7432 203
7424 7471 279
7427 7432 195
7456 7497 91
7471 7491 8
