500
13 28 253
19 25 254
38 82 65
61 70 101
89 95 151
94 107 81
106 146 5
129 130 226
150 177 185
153 179 235
177 184 121
181 205 208
204 234 251
232 274 239
236 272 178
239 274 2
259 299 155
264 267 244
270 278 47
287 293 115
290 318 187
290 312 138
299 310 225
305 325 241
308 324 88
311 343 282
335 371 53
341 363 257
347 383 77
373 395 287
387 407 61
416 456 55
443 460 25
450 493 195
477 479 72
484 532 296
501 550 136
530 548 289
552 570 265
557 597 150
582 591 87
592 622 240
592 600 66
592 614 256
605 650 148
612 648 191
628 672 38
629 637 213
655 693 185
664 687 102
669 696 239
677 709 201
682 720 245
700 710 180
730 762 66
731 749 237
756 768 68
782 798 226
784 798 150
793 821 255
801 831 299
806 853 75
819 831 95
836 853 152
840 882 16
857 861 59
863 874 157
871 884 118
872 904 239
901 936 263
902 943 135
902 932 101
911 959 33
913 916 227
941 973 240
953 975 269
970 1000 68
985 1002 145
1008 1031 71
1031 1046 251
1050 1082 49
1057 1077 241
1073 1085 210
1088 1130 206
1101 1143 49
1129 1176 132
1156 1179 40
1164 1179 2
1190 1225 292
1212 1223 226
1232 1242 121
1253 1278 26
1257 1298 294
1287 1294 244
1289 1335 187
1289 1323 17
1315 1362 229
1335 1342 137
1349 1353 111
1371 1395 196
1371 1382 168
1392 1405 27
1394 1419 7
1416 1444 42
1421 1445 48
1451 1461 86
1456 1478 254
1478 1526 53
1494 1530 213
1505 1508 252
1523 1567 93
1546 1565 207
1575 1593 223
1591 1638 138
1615 1647 287
1639 1644 243
1653 1658 155
1662 1675 174
1683 1732 50
1686 1722 297
1702 1707 151
1712 1762 80
1716 1736 35
1726 1760 48
1738 1746 143
1768 1781 135
1782 1806 51
1812 1823 39
1836 1876 279
1840 1878 225
1860 1907 188
1865 1910 126
1874 1902 99
1887 1907 5
1890 1940 235
1909 1930 22
1934 1974 222
1960 1993 165
1990 2028 227
1993 2009 233
1993 1998 201
2020 2032 214
2045 2052 17
2071 2084 223
2079 2080 240
2091 2105 42
2111 2160 200
2135 2171 56
2162 2197 94
2165 2197 160
2183 2224 38
2196 2243 83
2221 2256 274
2229 2239 101
2239 2289 58
2246 2254 131
2274 2278 42
2295 2345 281
2297 2306 201
2319 2322 93
2322 2353 249
2330 2373 274
2342 2343 20
2363 2393 59
2383 2392 297
2402 2432 96
2426 2431 26
2444 2454 161
2447 2458 8
2472 2515 141
2481 2510 264
2495 2524 179
2523 2541 40
2524 2569 113
2553 2591 82
2560 2569 236
2566 2612 212
2576 2622 267
2603 2635 265
2627 2656 296
2641 2653 76
2642 2686 243
2660 2689 266
2668 2677 189
2695 2739 133
2724 2742 7
2727 2768 131
2739 2740 146
2762 2775 35
2770 2811 41
2770 2775 7
2784 2808 39
2798 2820 43
2820 2865 179
2843 2857 83
2860 2871 158
2860 2904 52
2890 2920 289
2893 2915 112
2919 2927 27
2941 2959 117
2954 3003 179
2977 3024 94
2999 3000 75
3016 3060 192
3028 3060 62
3034 3069 186
3052 3079 6
3082 3117 100
3097 3138 104
3105 3125 104
3129 3165 230
3134 3176 66
3136 3152 20
3160 3182 93
3167 3206 225
3169 3216 207
3199 3242 43
3219 3263 3
3246 3247 142
3256 3289 165
3276 3299 160
3276 3324 277
3277 3288 142
3294 3309 83
3316 3318 285
3328 3364 52
3350 3398 150
3374 3421 267
3403 3447 175
3416 3449 20
3431 3476 43
3444 3445 132
3459 3485 115
3479 3499 127
3497 3521 75
3516 3536 242
3533 3569 298
3545 3588 100
3575 3587 73
3583 3612 297
3591 3606 242
3612 3628 150
3636 3650 52
3661 3689 217
3661 3679 201
3690 3740 103
3703 3750 35
3720 3739 169
3721 3746 53
3736 3776 47
3755 3786 193
3769 3785 43
3775 3825 23
3777 3799 67
3805 3814 90
3808 3817 98
3820 3824 9
3836 3852 232
3861 3867 227
3885 3925 51
3906 3921 231
3915 3944 190
3930 3957 131
3945 3988 189
3961 4003 215
3969 3992 87
3997 4001 30
4015 4054 42
4040 4079 109
4063 4106 170
4073 4116 36
4080 4125 216
4098 4105 271
4113 4117 214
4119 4154 182
4129 4134 104
4132 4140 158
4158 4171 86
4170 4196 182
4181 4190 63
4201 4211 100
4212 4243 289
4217 4223 238
4218 4224 187
4239 4280 165
4265 4301 22
4289 4314 181
4306 4322 77
4336 4362 203
4356 4374 12
4356 4378 297
4379 4383 189
4404 4429 70
4405 4420 292
4426 4462 238
4445 4482 295
4457 4493 19
4457 4479 165
4464 4497 144
4473 4517 244
4481 4531 26
4502 4527 207
4521 4548 101
4541 4559 210
4556 4570 257
4576 4600 85
4585 4589 102
4591 4613 51
4593 4613 90
4621 4644 140
4624 4648 203
4632 4656 118
4647 4693 45
4676 4699 37
4706 4723 55
4714 4743 288
4739 4756 111
4763 4785 16
4793 4803 168
4816 4861 177
4819 4824 229
4842 4870 117
4872 4901 94
4880 4889 289
4901 4947 90
4909 4940 47
4924 4960 124
4951 4969 293
4978 5007 247
4980 5030 174
4987 5030 112
5008 5028 103
5028 5044 190
5054 5104 36
5069 5085 19
5071 5113 163
5097 5112 82
5099 5123 190
5124 5168 216
5137 5161 29
5162 5183 253
5175 5206 47
5175 5197 272
5175 5194 251
5181 5207 66
5204 5235 181
5223 5268 1
5226 5265 3
5253 5291 205
5257 5300 147
5276 5312 281
5290 5300 249
5302 5340 96
5302 5345 197
5304 5324 278
5324 5360 29
5333 5341 199
5354 5377 79
5371 5377 170
5382 5394 284
5382 5396 158
5390 5426 89
5402 5405 176
5407 5428 61
5418 5454 242
5435 5449 127
5449 5477 160
5451 5482 61
5460 5476 221
5476 5510 225
5484 5533 55
5506 5523 143
5518 5550 123
5528 5552 14
5531 5543 37
5536 5580 240
5553 5571 10
5557 5574 45
5560 5581 186
5586 5611 1
5606 5651 296
5632 5681 141
5662 5665 25
5676 5679 97
5695 5716 42
5704 5735 147
5709 5730 172
5712 5717 94
5740 5769 85
5747 5782 173
5775 5812 254
5781 5823 23
5793 5810 290
5798 5843 270
5828 5868 170
5828 5871 173
5845 5895 244
5866 5905 201
5881 5886 278
5892 5927 267
5905 5916 117
5926 5943 127
5930 5971 20
5957 5983 101
5959 5962 160
5968 6003 157
5991 6001 101
6018 6056 85
6034 6066 64
6052 6095 141
6067 6093 275
6096 6137 134
6123 6172 95
6133 6139 12
6149 6190 31
6179 6180 45
6204 6227 81
6214 6261 75
6233 6259 156
6256 6303 53
6277 6288 111
6297 6307 143
6303 6329 183
6316 6365 60
6338 6383 161
6348 6372 39
6375 6404 129
6387 6421 78
6396 6433 18
6404 6435 97
6407 6410 143
6431 6463 238
6434 6447 136
6464 6494 29
6464 6472 245
6479 6519 26
6498 6514 153
6498 6506 65
6526 6571 205
6533 6555 235
6535 6580 256
6555 6591 150
6570 6600 97
6587 6636 205
6593 6594 24
6615 6625 228
6619 6653 157
6619 6627 144
6641 6645 26
6646 6665 140
6660 6677 257
6689 6692 205
6689 6703 33
6716 6761 168
6735 6746 152
6742 6743 118
6764 6789 25
6782 6813 165
6802 6851 142
6816 6843 299
6823 6857 52
6835 6872 230
6845 6863 75
6870 6879 231
6892 6919 11
6892 6942 207
6900 6926 213
6906 6950 223
6932 6941 112
6951 6971 81
6954 7002 42
6959 6980 221
6972 6994 228
6996 6998 195
7011 7014 39
7011 7060 42
7020 7027 4
7025 7051 217
7051 7071 43
7080 7112 56
7091 7132 215
7107 7140 180
7125 7154 271
7139 7141 21
7156 7175 101
7160 7191 201
7181 7203 185
7209 7216 186
7223 7229 17
7227 7247 145
7249 7285 130
7270 7295 127
7299 7320 124
7316 7326 4
7319 7324 98
7322 7369 40
7322 7356 265
7327 7376 219
7347 7378 75
