500
24 38 99
41 43 104
56 81 298
81 107 253
90 140 273
113 147 122
117 155 182
117 125 262
133 171 297
133 144 93
147 172 7
163 186 141
190 203 148
200 224 140
204 247 245
214 215 47
224 272 197
235 267 22
248 294 4
274 311 80
282 312 103
290 316 25
303 324 67
326 337 272
347 361 122
365 388 192
376 395 35
402 406 164
416 446 228
421 465 90
438 486 240
450 470 238
467 501 260
474 509 26
492 532 135
507 514 257
533 541 1
558 566 122
558 586 8
567 614 15
592 602 140
616 652 255
628 651 14
655 685 58
664 698 255
673 683 253
677 719 296
704 737 47
727 745 64
736 785 130
751 754 33
755 781 60
773 777 31
779 795 75
792 795 98
819 855 127
824 854 208
835 854 230
852 899 119
882 894 298
904 910 94
913 936 169
919 956 272
927 947 294
951 962 239
972 1018 104
994 1008 42
1024 1049 166
1051 1055 229
1064 1067 185
1077 1086 25
1086 1090 177
1101 1133 268
1126 1141 173
1145 1163 289
1146 1186 23
1148 1193 123
1165 1167 263
1173 1216 124
1177 1193 37
1207 1239 192
1225 1262 165
1242 1270 130
1263 1281 55
1285 1325 208
1299 1315 138
1305 1329 269
1316 1359 76
1335 1338 279
1337 1368 41
1341 1361 281
1362 1383 91
1385 1433 285
1411 1458 147
1434 1482 250
1435 1444 210
1440 1463 69
1450 1477 80
1455 1490 149
1466 1489 158
1475 1502 60
1489 1506 270
1498 1548 249
1508 1550 99
1516 1561 79
1521 1565 114
1546 1592 98
1567 1604 269
1587 1597 115
1589 1602 194
1603 1607 277
1603 1610 38
1624 1628 143
1632 1647 68
1643 1685 53
1652 1688 75
1671 1715 129
1681 1682 165
1683 1696 192
1686 1705 278
1700 1747 93
1721 1748 145
1750 1776 114
1766 1792 160
1785 1824 83
1793 1833 61
1796 1813 124
1810 1825 105
1829 1838 153
1831 1833 159
1850 1885 59
1852 1888 125
1856 1903 139
1865 1875 260
1883 1886 237
1902 1939 272
1902 1943 285
1908 1935 51
1914 1933 197
1939 1984 100
1963 1984 107
1969 1985 190
1988 2021 218
1990 1995 114
1997 2019 148
2015 2057 47
2040 2045 292
2067 2085 157
2075 2080 180
2100 2101 21
2106 2113 91
2127 2150 20
2156 2205 251
2179 2214 159
2190 2217 212
2220 2221 210
2245 2276 236
2247 2267 23
2272 2310 112
2297 2322 87
2313 2327 296
2330 2344 239
2342 2351 102
2371 2417 10
2398 2420 216
2408 2436 145
2416 2440 3
2444 2450 269
2463 2509 65
2480 2499 95
2480 2495 121
2487 2527 227
2493 2530 33
2501 2543 244
2508 2546 91
2526 2563 24
2549 2565 16
2561 2582 255
2584 2633 74
2590 2638 212
2600 2611 119
2612 2640 63
2622 2631 30
2651 2696 229
2664 2666 97
2686 2706 86
2710 2724 115
2717 2733 96
2725 2731 88
2728 2751 45
2754 2755 242
2781 2802 34
2800 2826 192
2806 2840 209
2826 2860 88
2837 2874 48
2851 2876 233
2866 2880 64
2892 2926 78
2898 2911 15
2924 2946 144
2953 2966 42
2973 3014 223
2975 3014 213
2993 3020 65
3014 3033 236
3014 3016 113
3020 3032 24
3037 3055 36
3042 3060 284
3043 3075 180
3072 3105 127
3082 3095 274
3098 3146 255
3115 3154 110
3128 3135 12
3152 3190 140
3177 3205 108
3197 3223 123
3219 3254 250
3225 3272 125
3234 3272 53
3262 3290 84
3282 3289 190
3288 3306 281
3293 3325 81
3303 3339 37
3310 3337 187
3337 3375 269
3349 3374 248
3365 3401 91
3386 3430 124
3396 3425 150
3403 3412 237
3404 3424 216
3411 3430 107
3425 3462 221
3444 3454 55
3450 3483 14
3479 3523 254
3494 3522 111
3524 3567 20
3542 3567 103
3565 3588 59
3589 3594 137
3599 3628 77
3610 3639 14
3639 3643 173
3650 3682 130
3659 3697 31
3678 3679 198
3705 3749 149
3728 3758 53
3744 3747 152
3761 3771 140
3780 3824 114
3781 3806 227
3785 3818 95
3803 3823 171
3806 3835 257
3812 3835 73
3840 3884 172
3860 3899 29
3888 3898 51
3911 3943 29
3931 3949 172
3959 3988 42
3966 4010 254
3987 4007 198
4010 4011 120
4037 4086 28
4049 4085 278
4059 4077 136
4065 4091 61
4071 4086 161
4095 4125 34
4116 4150 290
4132 4152 178
4157 4181 224
4178 4186 163
4201 4249 255
4212 4241 260
4226 4250 296
4230 4259 54
4248 4251 264
4278 4284 148
4287 4334 139
4293 4325 59
4299 4317 2
4310 4323 120
4332 4334 26
4337 4383 83
4364 4409 177
4372 4413 160
4380 4399 242
4386 4412 49
4396 4422 112
4426 4435 105
4452 4474 216
4453 4495 256
4479 4491 211
4493 4532 252
4497 4519 181
4513 4548 293
4539 4573 2
4564 4594 227
4580 4595 176
4604 4629 118
4631 4672 221
4653 4671 179
4675 4698 16
4684 4688 270
4713 4759 13
4714 4738 135
4720 4721 1
4731 4758 236
4747 4772 283
4773 4791 132
4775 4787 291
4800 4812 20
4828 4846 26
4831 4870 265
4861 4896 35
4878 4885 146
4890 4920 162
4919 4924 149
4940 4957 260
4941 4976 151
4941 4982 250
4946 4959 187
4957 4971 191
4975 4983 117
5004 5035 124
5005 5026 68
5014 5016 35
5040 5084 127
5054 5065 231
5065 5067 230
5066 5112 62
5092 5106 102
5104 5115 88
5122 5138 206
5150 5181 179
5176 5226 227
5197 5246 263
5200 5243 102
5207 5255 300
5207 5215 39
5222 5241 220
5234 5248 177
5263 5299 29
5272 5306 161
5294 5329 220
5296 5324 214
5302 5333 180
5306 5327 217
5335 5367 91
5358 5398 11
5380 5406 198
5405 5443 292
5409 5419 204
5431 5449 105
5432 5455 171
5433 5446 287
5455 5479 175
5482 5517 147
5509 5556 2
5519 5562 55
5547 5551 75
5547 5580 249
5570 5616 162
5592 5610 35
5594 5614 160
5594 5599 146
5594 5611 206
5606 5622 183
5617 5633 141
5628 5675 173
5638 5674 209
5651 5657 174
5651 5668 153
5671 5677 197
5687 5691 249
5690 5711 92
5710 5735 233
5729 5779 248
5757 5766 276
5786 5825 11
5802 5823 190
5814 5820 1
5843 5853 113
5862 5908 151
5878 5906 92
5897 5904 114
5910 5911 234
5912 5931 266
5934 5949 183
5959 5960 241
5966 6007 140
5966 6007 112
5992 6015 180
6021 6071 267
6048 6072 209
6054 6068 246
6056 6082 232
6058 6065 292
6086 6123 40
6115 6150 78
6126 6141 112
6150 6164 241
6172 6216 159
6194 6216 114
6224 6262 154
6245 6293 298
6266 6313 118
6275 6310 26
6287 6289 12
6293 6317 199
6302 6314 108
6307 6310 72
6317 6367 138
6325 6361 236
6348 6382 18
6353 6358 297
6364 6381 48
6389 6410 24
6403 6411 206
6433 6463 266
6454 6501 128
6458 6483 237
6467 6516 40
6490 6537 123
6510 6546 208
6528 6534 289
6529 6540 276
6530 6550 264
6535 6545 65
6536 6545 92
6566 6590 180
6582 6624 121
6589 6633 151
6599 6614 173
6621 6637 44
6634 6680 95
6638 6661 90
6653 6663 229
6681 6683 48
6696 6705 266
6696 6740 157
6707 6752 290
6720 6745 168
6735 6738 63
6754 6790 76
6770 6801 256
6785 6814 268
6798 6801 120
6806 6821 255
6829 6847 5
6854 6870 217
6859 6905 226
6874 6877 42
6879 6924 248
6896 6924 280
6909 6924 147
6912 6925 8
6913 6918 291
6919 6923 187
6948 6990 287
6948 6973 148
6967 6998 196
6992 7019 158
7010 7039 4
7039 7054 35
7066 7096 123
7073 7117 39
7099 7137 170
7126 7158 177
7143 7151 178
7143 7175 210
7173 7202 261
7197 7199 119
7209 7234 66
7228 7231 278
7230 7265 49
7253 7254 151
7266 7299 264
7296 7309 82
7301 7325 130
7305 7352 238
7335 7337 197
7335 7358 229
7358 7372 179
7370 7414 223
7371 7411 107
7382 7420 200
7397 7417 64
7404 7447 212
7427 7464 290
7438 7474 25
7465 7503 167
