500
23 27 200
30 72 214
56 89 285
57 79 68
81 121 66
95 120 191
100 127 222
102 110 125
112 142 180
129 168 101
154 159 140
184 215 145
211 213 169
234 264 119
260 295 139
262 266 184
273 279 300
284 314 224
295 326 299
298 308 181
318 346 272
323 348 46
323 329 20
345 390 36
364 411 106
378 421 171
397 417 68
420 432 234
427 464 237
455 481 78
462 478 61
470 504 209
493 535 34
497 542 162
519 564 199
519 545 171
531 574 227
550 598 249
568 600 260
569 583 171
596 599 217
615 656 261
617 640 126
621 633 15
639 647 77
661 682 216
676 684 174
694 695 65
721 726 82
739 747 64
768 778 86
793 804 168
818 860 202
826 843 116
836 868 222
863 875 17
879 898 89
891 922 273
891 918 130
911 930 55
935 936 70
964 985 277
990 1024 23
1005 1007 72
1014 1034 249
1040 1053 103
1048 1052 31
1068 1092 154
1070 1075 251
1098 1107 282
1125 1152 205
1141 1162 152
1160 1193 268
1187 1235 99
1215 1219 38
1233 1277 188
1259 1292 62
1269 1288 54
1278 1316 213
1292 1322 293
1302 1336 135
1307 1328 250
1322 1353 121
1343 1351 141
1346 1354 5
1356 1381 119
1374 1417 189
1383 1413 101
1406 1421 83
1409 1435 234
1409 1454 75
1439 1462 133
1455 1486 291
1469 1473 223
1486 1531 30
1514 1540 276
1532 1554 295
1536 1554 25
1541 1572 207
1560 1605 4
1568 1616 105
1589 1593 24
1594 1607 84
1607 1630 191
1613 1614 282
1634 1661 20
1662 1668 51
1662 1686 52
1687 1705 121
1688 1723 80
1707 1730 68
1737 1776 74
1742 1789 101
1744 1750 279
1770 1795 12
1784 1816 251
1786 1817 62
1808 1849 293
1825 1873 203
1830 1851 83
1847 1863 225
1869 1909 238
1878 1905 12
1878 1897 129
1903 1923 250
1930 1948 181
1935 1984 103
1953 1975 155
1959 1990 99
1967 1974 291
1982 2024 117
2006 2019 93
2010 2014 194
2024 2032 25
2028 2029 34
2040 2042 30
2069 2088 125
2087 2105 70
2092 2112 89
2108 2147 280
2115 2163 181
2120 2155 122
2133 2138 271
2161 2164 22
2171 2215 280
2198 2247 85
2204 2229 85
2214 2254 283
2244 2285 209
2274 2311 264
2291 2293 218
2313 2329 144
2314 2333 186
2344 2364 148
2365 2411 179
2385 2388 7
2391 2427 264
2417 2435 56
2423 2427 97
2451 2461 67
2478 2516 248
2492 2522 139
2509 2541 102
2518 2522 190
2533 2562 196
2554 2602 125
2567 2590 213
2574 2582 28
2601 2630 219
2609 2611 142
2609 2628 120
2634 2661 25
2641 2673 5
2644 2684 235
2649 2693 163
2674 2715 144
2692 2713 44
2696 2730 245
2704 2705 127
2709 2726 198
2726 2736 60
2742 2772 35
2749 2783 206
2776 2794 174
2790 2840 107
2792 2821 281
2820 2858 161
2820 2860 156
2842 2849 142
2849 2868 296
2874 2918 254
2889 2934 105
2902 2934 142
2904 2910 222
2913 2928 182
2943 2965 49
2971 2990 68
2971 2980 15
2983 3005 74
3003 3034 111
3028 3051 251
3040 3085 292
3058 3073 25
3069 3116 234
3096 3137 29
3105 3149 59
3135 3165 140
3149 3169 116
3177 3212 61
3196 3241 23
3209 3229 63
3216 3236 185
3243 3246 23
3273 3295 145
3284 3319 214
3301 3311 272
3319 3355 136
3326 3374 77
3332 3381 228
3360 3367 228
3390 3423 270
3406 3418 235
3433 3462 93
3448 3466 34
3455 3472 62
3473 3522 40
3473 3504 6
3497 3527 279
3518 3527 245
3524 3533 234
3538 3559 35
3568 3583 3
3598 3606 137
3617 3619 28
3626 3658 281
3634 3665 67
3664 3705 279
3667 3706 298
3682 3707 71
3694 3725 295
3694 3705 222
3694 3714 13
3697 3728 170
3725 3750 154
3725 3734 270
3727 3754 165
3752 3797 186
3754 3756 74
3779 3791 247
3795 3828 29
3817 3866 13
3836 3858 113
3853 3874 103
3882 3903 111
3912 3931 202
3912 3951 134
3932 3978 195
3936 3938 52
3941 3985 172
3967 4001 152
3991 4008 300
3998 4034 217
4003 4035 21
4028 4073 49
4030 4045 46
4060 4095 88
4067 4071 94
4077 4104 237
4078 4090 282
4089 4128 155
4116 4158 253
4116 4162 289
4130 4132 151
4154 4165 269
4167 4172 169
4171 4174 225
4194 4242 99
4196 4245 93
4220 4224 133
4243 4293 116
4259 4262 180
4269 4283 256
4292 4301 261
4292 4303 218
4311 4323 28
4319 4337 87
4323 4329 241
4339 4386 37
4358 4390 91
4378 4393 262
4381 4416 197
4385 4416 257
4396 4403 64
4416 4431 202
4437 4458 229
4438 4457 189
4455 4478 294
4458 4504 31
4482 4485 34
4511 4549 163
4515 4534 61
4545 4584 220
4564 4605 84
4568 4588 198
4583 4589 229
4596 4604 42
4621 4628 74
4628 4631 182
4631 4638 246
4640 4643 194
4656 4699 74
4656 4696 223
4686 4719 33
4693 4737 196
4698 4738 286
4713 4734 74
4727 4757 206
4747 4787 120
4773 4802 165
4785 4821 154
4794 4818 99
4823 4848 210
4829 4839 276
4856 4893 107
4858 4890 244
4876 4924 215
4879 4925 167
4890 4922 171
4896 4922 193
4900 4943 222
4901 4941 137
4912 4961 156
4937 4945 143
4952 4966 293
4959 4993 224
4967 4993 263
4995 5014 37
5010 5031 50
5034 5037 138
5055 5063 55
5064 5087 72
5081 5126 90
5104 5136 145
5105 5112 51
5115 5131 127
5126 5159 3
5146 5153 105
5155 5193 89
5178 5195 154
5195 5202 212
5221 5236 170
5241 5290 107
5262 5289 199
5276 5279 241
5297 5309 219
5300 5323 19
5325 5368 263
5333 5337 57
5360 5398 7
5381 5386 199
5410 5417 158
5427 5466 219
5442 5444 275
5470 5492 161
5477 5510 228
5493 5500 12
5498 5530 290
5499 5516 114
5526 5536 80
5554 5598 253
5565 5590 103
5576 5587 201
5576 5583 166
5602 5631 67
5602 5629 26
5611 5652 132
5616 5652 17
5644 5684 29
5659 5661 58
5687 5713 166
5703 5727 5
5725 5734 156
5727 5742 241
5757 5778 267
5762 5778 40
5767 5811 26
5791 5825 45
5814 5839 242
5823 5833 112
5832 5863 300
5843 5862 157
5843 5866 151
5861 5894 17
5867 5886 33
5870 5920 42
5874 5906 42
5897 5899 293
5918 5945 220
5944 5966 231
5971 5993 44
5983 6007 259
6008 6044 168
6025 6026 239
6039 6067 288
6047 6075 74
6060 6101 298
6088 6089 181
6096 6135 207
6101 6151 106
6116 6156 65
6145 6176 78
6161 6184 125
6185 6210 151
6189 6237 197
6195 6237 130
6222 6258 234
6238 6257 3
6262 6299 63
6266 6275 175
6271 6283 7
6271 6301 123
6278 6311 17
6304 6335 121
6315 6336 246
6317 6318 153
6335 6360 260
6337 6358 146
6359 6389 137
6360 6384 76
6377 6423 23
6390 6399 76
6407 6417 243
6409 6456 24
6421 6463 77
6441 6477 18
6441 6456 229
6444 6448 82
6459 6464 23
6471 6474 294
6476 6516 297
6497 6501 91
6498 6529 190
6525 6538 9
6555 6574 242
6558 6599 15
6578 6587 190
6605 6610 296
6608 6637 283
6615 6646 222
6632 6673 241
6658 6671 221
6671 6682 11
6686 6727 44
6697 6737 143
6708 6730 140
6722 6734 253
6736 6752 252
6752 6784 25
6760 6798 81
6779 6794 272
6782 6787 43
6785 6820 230
6790 6799 169
6814 6834 87
6825 6842 266
6844 6883 276
6867 6875 219
6876 6924 271
6904 6941 288
6923 6964 106
6940 6983 271
6951 6961 133
6968 6975 23
6975 6983 133
6998 7046 201
7019 7045 245
7032 7034 115
7045 7075 21
7070 7094 133
7098 7111 126
7123 7153 32
7123 7141 292
7138 7177 10
7152 7165 218
7179 7218 72
7188 7221 235
7218 7222 284
7230 7233 251
7247 7275 88
7251 7279 255
7265 7279 208
7293 7341 288
7313 7351 55
7322 7330 175
7328 7333 145
7333 7376 231
7337 7345 119
7367 7369 42
7367 7388 16
7384 7422 110
