500
23 69 93
29 41 105
35 38 256
58 104 67
70 117 215
73 90 105
99 144 28
116 123 222
130 155 82
158 179 110
179 195 225
197 228 55
207 210 293
215 225 67
222 264 86
243 275 79
260 286 64
265 299 300
292 297 170
311 352 135
338 343 265
360 369 147
360 402 241
383 411 165
402 407 182
417 437 10
417 448 128
447 485 291
464 498 42
483 521 174
500 520 132
513 537 228
537 551 97
546 594 124
548 586 105
565 608 20
576 619 221
604 648 186
619 624 65
624 664 297
632 679 235
634 662 233
641 677 233
648 691 300
656 679 262
677 719 186
696 700 23
700 716 222
722 763 288
726 775 252
748 768 289
776 824 294
788 834 210
804 810 91
829 850 85
854 881 168
858 866 172
870 917 114
893 934 41
915 938 277
917 919 172
942 974 55
966 967 234
977 1021 102
989 1036 16
1000 1027 135
1015 1022 227
1039 1074 74
1069 1092 39
1092 1141 138
1092 1127 153
1101 1134 186
1105 1136 243
1122 1171 241
1141 1166 140
1159 1193 27
1172 1196 121
1190 1199 81
1192 1199 209
1193 1195 122
1199 1212 218
1224 1240 136
1246 1265 84
1260 1291 20
1275 1298 268
1301 1334 245
1303 1341 205
1306 1346 138
1324 1371 150
1339 1353 72
1349 1364 117
1357 1364 101
1378 1385 55
1382 1402 184
1387 1418 239
1400 1428 252
1413 1434 171
1442 1466 155
1452 1477 26
1480 1486 52
1485 1525 277
1515 1552 86
1521 1553 216
1526 1559 100
1550 1577 60
1573 1614 71
1602 1624 123
1609 1642 262
1624 1643 234
1627 1633 143
1629 1673 235
1655 1693 284
1668 1669 173
1695 1738 74
1710 1728 202
1713 1746 234
1721 1736 250
1738 1771 3
1764 1782 241
1772 1775 164
1802 1837 292
1814 1849 124
1818 1847 132
1847 1878 90
1871 1875 41
1899 1917 20
1924 1949 253
1951 1987 164
1961 1983 240
1980 1994 193
1999 2026 16
1999 2030 161
2006 2038 180
2015 2022 298
2032 2038 163
2045 2075 197
2059 2083 290
2065 2073 229
2084 2107 14
2087 2120 157
2110 2138 48
2134 2184 226
2137 2167 284
2144 2186 259
2156 2175 9
2179 2188 6
2188 2220 220
2209 2243 31
2232 2267 286
2246 2290 197
2251 2263 219
2278 2292 31
2293 2331 198
2299 2340 136
2309 2314 216
2320 2357 10
2325 2343 290
2348 2377 145
2366 2390 223
2377 2378 19
2401 2412 293
2431 2444 58
2454 2492 1
2475 2499 300
2496 2527 198
2504 2512 284
2523 2526 29
2531 2575 179
2545 2566 48
2567 2607 106
2586 2589 176
2616 2640 203
2640 2651 122
2655 2703 74
2661 2699 190
2687 2691 116
2706 2735 32
2733 2750 204
2739 2749 83
2761 2800 42
2766 2795 111
2782 2825 162
2808 2825 157
2836 2845 192
2861 2892 185
2891 2932 159
2913 2925 265
2936 2954 253
2945 2995 193
2971 2977 28
2998 3012 144
3026 3046 172
3053 3057 31
3073 3090 205
3087 3091 9
3090 3110 120
3097 3109 212
3119 3155 119
3148 3179 178
3176 3182 297
3186 3188 105
3191 3237 264
3192 3236 279
3215 3225 259
3228 3273 21
3258 3275 42
3287 3336 66
3317 3328 113
3333 3360 116
3357 3389 239
3367 3392 67
3381 3383 192
3394 3421 18
3407 3412 1
3422 3432 47
3440 3486 294
3461 3468 131
3471 3510 183
3491 3501 32
3506 3554 261
3509 3556 158
3527 3556 260
3532 3565 42
3554 3585 209
3556 3593 85
3581 3589 125
3581 3589 91
3608 3653 164
3609 3654 129
3631 3667 281
3643 3651 277
3644 3650 180
3648 3656 142
3649 3660 80
3664 3696 133
3666 3697 5
3694 3705 78
3705 3740 192
3724 3754 254
3726 3745 161
3733 3753 255
3757 3773 108
3784 3789 288
3811 3820 35
3825 3846 249
3834 3884 218
3847 3886 106
3855 3866 91
3879 3928 62
3885 3933 226
3885 3911 84
3892 3929 50
3899 3934 239
3900 3937 60
3912 3916 175
3930 3959 15
3944 3970 185
3974 3993 99
3976 4026 98
3978 4013 52
4008 4031 127
4035 4050 123
4054 4081 75
4078 4124 245
4103 4113 206
4109 4153 64
4118 4127 30
4119 4137 61
4130 4143 32
4157 4183 207
4172 4213 266
4191 4205 176
4195 4206 23
4223 4269 272
4245 4291 38
4268 4297 203
4272 4322 95
4300 4307 148
4309 4359 5
4327 4354 93
4352 4374 85
4380 4388 62
4399 4404 133
4404 4436 59
4431 4481 179
4432 4448 73
4462 4477 167
4486 4534 190
4514 4524 23
4516 4556 114
4541 4561 165
4551 4560 300
4568 4569 263
4582 4594 288
4584 4614 239
4587 4629 118
4615 4616 291
4637 4676 225
4642 4653 249
4644 4686 259
4647 4652 89
4667 4690 207
4683 4712 214
4686 4697 106
4690 4719 248
4693 4718 142
4703 4727 11
4726 4759 73
4752 4782 204
4782 4832 214
4786 4813 294
4796 4821 256
4814 4846 41
4815 4837 100
4829 4844 30
4856 4861 187
4878 4920 264
4892 4942 257
4892 4897 281
4908 4909 54
4932 4977 262
4942 4951 100
4948 4964 37
4956 4982 86
4983 5016 60
5004 5035 204
5006 5046 65
5011 5031 99
5021 5040 231
5046 5074 279
5064 5079 213
5090 5094 268
5112 5143 174
5142 5184 26
5146 5178 146
5165 5208 98
5194 5220 41
5198 5235 93
5222 5246 238
5244 5254 169
5254 5259 275
5284 5311 280
5294 5320 42
5311 5327 60
5332 5376 117
5345 5381 45
5361 5389 264
5363 5395 208
5393 5407 256
5420 5450 143
5424 5464 289
5432 5472 224
5454 5488 199
5484 5526 61
5511 5526 142
5535 5539 55
5543 5553 270
5561 5603 260
5578 5595 283
5604 5609 41
5622 5631 80
5630 5673 152
5644 5692 240
5664 5689 63
5684 5720 145
5690 5723 184
5710 5756 28
5711 5730 7
5732 5748 277
5741 5750 264
5744 5779 83
5751 5760 3
5772 5774 29
5782 5792 134
5782 5788 298
5796 5839 119
5798 5836 117
5823 5861 280
5841 5850 113
5869 5895 290
5882 5912 121
5908 5926 60
5912 5961 6
5914 5948 103
5922 5928 67
5940 5986 98
5957 6000 80
5963 6006 22
5974 6022 102
5990 6036 98
6007 6020 166
6034 6071 158
6063 6071 151
6077 6099 176
6084 6107 185
6088 6094 149
6102 6119 261
6115 6142 146
6120 6123 12
6141 6176 55
6142 6170 38
6149 6159 218
6151 6152 220
6169 6218 42
6188 6211 197
6214 6234 282
6241 6271 226
6244 6255 251
6264 6280 226
6284 6301 214
6300 6335 52
6308 6343 237
6316 6326 70
6346 6381 245
6356 6405 172
6369 6397 21
6381 6413 19
6404 6446 182
6432 6443 49
6434 6458 219
6460 6472 43
6474 6485 289
6477 6506 14
6494 6534 16
6521 6542 266
6544 6583 126
6547 6570 97
6548 6585 14
6576 6609 263
6598 6639 182
6626 6632 241
6628 6655 282
6641 6648 141
6644 6686 224
6648 6656 7
6660 6667 14
6671 6696 247
6675 6723 211
6692 6719 20
6719 6747 230
6744 6756 16
6748 6769 134
6759 6761 209
6777 6821 162
6779 6820 12
6797 6801 142
6815 6863 195
6841 6889 231
6857 6861 202
6873 6878 138
6896 6912 144
6918 6945 293
6927 6975 206
6935 6962 289
6947 6975 77
6970 6992 233
6975 6986 41
6983 7003 258
6988 6996 161
7003 7040 97
7021 7060 226
7030 7076 112
7056 7062 229
7058 7088 174
7074 7114 11
7099 7128 48
7126 7128 172
7152 7156 140
7167 7176 288
7177 7194 298
7197 7245 198
7217 7249 2
7227 7237 102
7236 7238 201
7266 7309 50
7296 7298 97
7320 7355 70
7322 7325 249
7334 7362 286
7338 7378 88
7344 7375 201
7357 7405 297
7376 7408 263
7380 7414 12
7406 7444 98
7434 7448 107
7452 7453 122
7470 7504 7
7473 7480 267
7492 7496 148
7504 7520 6
7529 7535 93
7555 7566 33
7564 7571 60
7572 7614 70
7579 7589 170
7592 7613 113
7603 7646 30
7613 7652 34
7617 7653 256
