500
27 53 33
46 91 130
49 82 224
61 87 141
91 125 270
111 119 205
118 125 273
144 172 78
146 160 177
146 179 296
155 203 120
166 190 174
169 209 58
170 175 161
184 198 36
192 227 147
199 214 125
224 250 15
226 230 34
238 255 70
249 260 245
255 287 35
284 292 108
290 312 45
305 311 282
312 361 95
323 355 149
346 372 259
346 354 159
346 383 74
363 405 26
376 380 82
385 393 60
409 459 171
430 466 296
431 441 274
434 459 47
462 471 261
479 498 100
491 525 46
494 513 215
502 522 299
532 547 48
540 582 113
553 582 204
560 586 287
568 586 268
569 600 50
581 617 147
601 627 237
627 668 267
649 689 63
674 718 76
686 719 91
705 744 135
714 748 278
726 734 234
730 753 280
741 783 33
767 789 154
778 798 33
802 846 79
817 846 292
818 834 132
819 853 80
824 862 192
843 867 123
866 881 173
882 932 217
896 911 265
912 957 88
931 979 295
946 969 60
970 1017 75
976 1013 4
995 1010 112
999 1029 189
1022 1066 13
1033 1081 216
1045 1083 145
1048 1058 63
1059 1082 71
1073 1101 167
1098 1141 227
1107 1152 41
1123 1142 274
1138 1158 169
1161 1194 125
1191 1219 52
1198 1219 228
1210 1249 33
1216 1228 244
1219 1246 125
1234 1284 22
1244 1281 14
1274 1295 157
1287 1319 91
1296 1312 155
1312 1333 31
1323 1339 50
1349 1380 64
1364 1409 158
1364 1395 165
1388 1434 166
1408 1456 97
1424 1445 50
1440 1470 123
1443 1448 137
1460 1476 94
1487 1502 297
1507 1544 142
1510 1511 239
1536 1547 64
1563 1605 14
1581 1582 62
1605 1635 180
1610 1615 200
1635 1663 46
1649 1697 222
1673 1674 27
1702 1738 146
1702 1706 268
1727 1737 241
1743 1777 163
1761 1811 116
1785 1819 199
1798 1834 109
1828 1855 12
1839 1869 217
1859 1877 178
1875 1896 285
1877 1898 114
1896 1904 151
1919 1942 237
1920 1960 33
1950 1968 113
1980 1998 34
2004 2037 145
2025 2066 142
2054 2094 60
2054 2069 287
2074 2102 279
2102 2129 134
2116 2151 6
2116 2131 83
2133 2160 25
2149 2156 142
2149 2174 258
2170 2214 144
2197 2232 283
2204 2213 18
2233 2239 188
2261 2265 60
2268 2314 120
2287 2333 298
2310 2329 69
2325 2371 173
2352 2401 164
2372 2417 25
2401 2416 175
2429 2431 161
2447 2462 225
2473 2500 32
2485 2512 87
2505 2530 244
2527 2563 188
2547 2582 247
2576 2583 35
2592 2634 236
2611 2615 277
2613 2630 208
2625 2651 242
2655 2669 3
2657 2700 129
2664 2710 135
2685 2688 175
2707 2722 250
2737 2753 37
2743 2757 185
2760 2784 227
2772 2804 72
2779 2824 9
2781 2798 261
2784 2831 81
2805 2817 157
2820 2823 178
2838 2843 65
2864 2870 226
2879 2908 202
2904 2916 6
2928 2933 93
2945 2948 70
2957 2991 267
2983 2984 132
2998 3035 243
3024 3058 137
3045 3047 97
3054 3074 42
3084 3107 10
3084 3102 24
3104 3148 54
3106 3134 84
3136 3158 25
3166 3167 179
3168 3200 277
3182 3229 189
3198 3226 230
3209 3227 81
3226 3250 164
3227 3264 89
3230 3255 195
3234 3264 276
3234 3268 266
3235 3274 130
3263 3284 204
3266 3296 118
3290 3325 183
3298 3309 154
3304 3339 61
3306 3346 110
3331 3363 212
3343 3355 116
3358 3364 50
3379 3410 162
3396 3416 137
3419 3447 202
3443 3493 141
3452 3469 270
3464 3490 223
3477 3499 147
3506 3515 251
3508 3516 143
3534 3575 183
3562 3587 126
3582 3587 227
3609 3637 142
3611 3627 236
3611 3612 23
3632 3651 157
3644 3676 141
3651 3667 145
3677 3680 204
3687 3705 203
3687 3712 47
3714 3726 3
3733 3749 7
3758 3769 244
3787 3799 195
3813 3827 158
3814 3833 84
3822 3832 109
3838 3886 78
3844 3845 75
3865 3872 1
3871 3908 144
3892 3913 165
3911 3954 223
3919 3939 285
3943 3977 296
3968 3982 139
3979 3995 50
4000 4049 249
4023 4024 42
4043 4054 119
4051 4085 65
4059 4082 207
4072 4118 227
4087 4113 279
4094 4136 214
4119 4161 134
4130 4140 11
4136 4138 149
4142 4148 268
4165 4176 196
4165 4201 225
4168 4218 31
4179 4225 290
4180 4194 126
4189 4233 218
4200 4247 34
4204 4229 155
4209 4223 148
4234 4271 52
4257 4291 62
4260 4263 94
4271 4272 56
4297 4301 73
4298 4302 202
4321 4332 246
4330 4369 58
4342 4345 257
4365 4393 189
4393 4409 40
4419 4434 182
4448 4455 99
4455 4493 37
4481 4511 129
4494 4502 19
4508 4543 199
4510 4538 129
4513 4550 14
4533 4541 212
4554 4583 202
4579 4581 204
4603 4646 59
4623 4659 238
4651 4664 118
4651 4672 46
4664 4700 292
4667 4681 213
4671 4694 297
4690 4717 52
4692 4730 171
4715 4721 264
4725 4751 226
4728 4775 69
4752 4757 108
4775 4797 37
4777 4783 87
4793 4830 237
4820 4833 107
4838 4867 74
4866 4906 209
4893 4939 144
4904 4938 85
4923 4938 181
4944 4993 292
4957 4958 75
4959 4969 235
4977 5008 189
4998 5046 65
5006 5049 238
5024 5057 241
5024 5060 292
5042 5045 204
5071 5106 70
5072 5099 4
5088 5093 84
5117 5164 238
5128 5171 143
5150 5175 203
5171 5185 178
5186 5204 215
5194 5202 283
5216 5219 247
5245 5286 70
5267 5310 219
5289 5335 163
5303 5328 232
5333 5356 175
5334 5364 280
5347 5359 12
5368 5375 39
5398 5418 222
5406 5454 115
5408 5424 169
5414 5461 202
5417 5432 82
5447 5454 44
5469 5489 239
5469 5481 219
5484 5502 164
5490 5501 206
5514 5560 60
5529 5556 24
5535 5536 130
5536 5583 262
5565 5582 14
5590 5624 70
5610 5617 86
5616 5666 58
5624 5657 19
5648 5694 30
5670 5703 197
5699 5739 274
5723 5747 134
5731 5753 86
5757 5786 223
5759 5783 128
5789 5835 216
5797 5838 91
5814 5815 186
5831 5877 296
5847 5866 292
5873 5877 295
5901 5948 53
5906 5934 87
5922 5958 182
5950 6000 82
5979 5990 299
5982 5988 117
5986 6024 241
5999 6029 172
6015 6043 139
6022 6072 169
6036 6056 34
6041 6089 168
6065 6076 116
6071 6080 293
6097 6105 233
6105 6109 32
6118 6127 243
6146 6171 253
6162 6196 298
6187 6218 48
6201 6217 46
6205 6234 36
6224 6238 245
6241 6247 12
6243 6292 246
6256 6275 273
6260 6299 116
6262 6304 28
6283 6319 273
6308 6356 77
6317 6331 260
6330 6339 281
6360 6404 61
6373 6411 185
6378 6383 223
6392 6416 291
6400 6411 195
6406 6414 279
6418 6448 283
6443 6472 146
6443 6480 152
6445 6466 121
6463 6483 236
6485 6528 231
6501 6525 269
6501 6519 45
6527 6554 98
6545 6572 221
6547 6561 164
6563 6573 279
6591 6628 251
6617 6636 51
6628 6648 68
6655 6691 134
6683 6712 216
6708 6717 16
6715 6716 275
6724 6765 247
6748 6763 125
6753 6771 181
6763 6779 211
6790 6821 46
6819 6831 29
6849 6868 128
6853 6860 90
6879 6906 239
6908 6916 171
6909 6914 275
6922 6944 223
6933 6958 6
6953 6964 14
6958 6978 160
6982 6984 276
6992 6995 225
7004 7048 242
7016 7062 149
7046 7068 137
7053 7075 50
7064 7076 298
7073 7081 84
7073 7099 15
7076 7122 52
7079 7091 61
7094 7096 291
7098 7109 53
7117 7154 175
7146 7185 34
7170 7212 239
7177 7184 147
7202 7209 183
7211 7222 61
7237 7272 242
7257 7298 284
7276 7314 67
7293 7333 197
7312 7347 200
7341 7386 151
7345 7379 30
7347 7348 284
7375 7401 267
7398 7419 4
7404 7409 1
7431 7450 105
7452 7491 56
7475 7489 219
7502 7521 226
7509 7536 194
7538 7568 118
7555 7560 194
7569 7614 166
7593 7625 18
7616 7635 107
7637 7683 91
7646 7678 102
7651 7656 206
