500
23 51 193
44 75 37
50 70 119
51 78 200
64 85 104
67 101 194
82 85 288
112 129 147
122 134 57
132 155 67
149 195 297
167 213 144
171 213 108
188 216 35
201 243 79
216 266 32
229 241 260
234 264 161
263 280 75
273 323 86
289 302 240
306 354 152
317 335 12
322 369 105
323 328 196
337 379 160
344 349 11
348 392 8
351 352 84
358 376 263
385 435 270
396 446 270
421 457 300
424 436 89
432 457 32
432 455 240
444 450 169
452 492 145
465 487 7
467 482 15
489 534 292
506 556 48
527 549 242
541 544 174
550 590 207
557 598 174
582 602 234
594 601 36
619 651 121
622 671 6
639 640 192
658 660 109
674 676 232
695 729 144
712 744 213
729 767 216
737 752 275
765 791 113
791 796 180
812 818 297
834 841 119
859 890 81
860 898 56
867 915 33
868 881 130
875 915 134
892 922 77
901 926 8
914 928 166
921 967 141
946 972 58
967 996 175
986 989 119
995 1028 212
998 1013 292
1011 1037 197
1040 1056 87
1049 1055 231
1070 1114 55
1078 1111 289
1105 1148 47
1107 1128 278
1128 1172 78
1157 1168 131
1166 1200 81
1194 1228 263
1213 1239 40
1242 1290 296
1268 1290 158
1272 1316 22
1283 1327 34
1287 1315 148
1290 1292 152
1306 1320 206
1309 1320 187
1312 1319 126
1342 1370 223
1358 1378 296
1387 1402 288
1394 1417 269
1422 1424 166
1422 1446 293
1436 1450 93
1452 1488 170
1462 1464 224
1463 1506 173
1489 1498 89
1499 1527 247
1524 1542 245
1541 1547 53
1563 1570 13
1578 1606 280
1594 1600 227
1598 1613 182
1619 1623 23
1638 1640 105
1664 1673 194
1682 1691 205
1682 1721 268
1694 1736 91
1694 1736 273
1715 1720 217
1742 1782 178
1746 1774 245
1767 1771 212
1793 1801 100
1797 1801 124
1824 1853 123
1850 1886 56
1864 1888 82
1893 1931 245
1903 1906 285
1916 1941 197
1923 1971 28
1945 1958 145
1953 2001 1
1973 1997 130
1995 2037 293
1998 2031 111
2016 2063 124
2046 2048 38
2076 2108 239
2104 2113 135
2109 2115 132
2136 2160 218
2136 2160 157
2151 2177 48
2168 2195 116
2168 2192 282
2197 2223 126
2224 2241 253
2224 2266 241
2249 2274 212
2251 2266 14
2263 2264 280
2270 2278 138
2288 2290 193
2313 2314 38
2319 2359 262
2344 2361 174
2346 2347 94
2367 2411 75
2367 2377 168
2384 2430 85
2407 2441 189
2420 2458 12
2427 2463 227
2451 2482 116
2465 2484 11
2470 2503 4
2471 2475 14
2500 2534 46
2518 2523 281
2538 2575 194
2568 2613 130
2585 2610 280
2596 2627 69
2602 2607 239
2603 2635 53
2615 2642 120
2629 2638 33
2655 2695 200
2670 2709 61
2698 2748 248
2724 2730 111
2730 2763 210
2754 2761 201
2767 2784 285
2795 2827 212
2818 2855 197
2829 2856 277
2838 2855 114
2855 2897 90
2877 2882 103
2894 2896 103
2895 2907 177
2909 2943 112
2910 2921 108
2936 2941 57
2956 2965 147
2978 3024 14
3004 3052 133
3033 3075 189
3059 3106 18
3062 3107 276
3068 3112 36
3072 3107 22
3092 3118 223
3093 3106 189
3119 3136 153
3129 3148 207
3144 3150 197
3146 3181 250
3161 3194 268
3175 3207 133
3185 3200 280
3196 3202 60
3212 3235 157
3223 3236 113
3226 3241 158
3248 3295 223
3270 3315 101
3286 3292 179
3308 3317 126
3329 3371 62
3357 3384 243
3384 3395 204
3388 3427 120
3390 3440 297
3406 3447 253
3425 3433 4
3425 3450 167
3437 3482 39
3454 3455 5
3457 3480 260
3477 3490 228
3499 3514 211
3526 3544 152
3556 3578 185
3557 3579 36
3579 3585 285
3597 3643 106
3614 3620 295
3637 3657 195
3640 3689 77
3664 3672 20
3683 3729 202
3711 3736 212
3738 3786 37
3746 3772 161
3751 3768 300
3776 3789 218
3783 3796 173
3801 3848 13
3807 3813 276
3831 3842 3
3852 3899 240
3864 3889 159
3880 3905 74
3883 3889 243
3906 3956 130
3920 3952 18
3945 3975 101
3961 4004 193
3987 3989 165
3988 4016 233
3997 4013 281
3999 4000 75
4011 4024 192
4030 4067 198
4031 4050 279
4053 4067 88
4072 4096 115
4101 4127 223
4121 4142 149
4126 4174 103
4129 4156 243
4137 4154 94
4140 4161 275
4142 4190 2
4162 4193 272
4168 4217 41
4193 4226 49
4198 4207 274
4208 4223 287
4214 4241 264
4221 4266 254
4250 4258 243
4268 4287 23
4298 4322 2
4319 4362 258
4324 4374 84
4338 4377 170
4349 4372 170
4364 4384 60
4375 4385 130
4402 4430 273
4407 4417 104
4422 4449 270
4431 4452 237
4460 4505 203
4472 4515 68
4502 4512 142
4528 4566 279
4556 4557 229
4558 4592 202
4569 4613 13
4596 4634 227
4613 4649 141
4626 4632 14
4642 4647 53
4649 4692 63
4667 4694 69
4675 4685 259
4689 4697 281
4705 4736 279
4734 4736 38
4747 4781 297
4751 4800 244
4757 4795 281
4785 4833 122
4793 4828 284
4807 4821 123
4833 4840 148
4846 4892 51
4873 4919 88
4901 4934 102
4924 4949 107
4943 4987 273
4972 4974 81
4999 5011 110
5003 5032 51
5025 5070 141
5033 5078 103
5042 5088 233
5043 5076 58
5051 5072 238
5070 5103 241
5073 5074 133
5089 5134 212
5118 5154 198
5144 5164 206
5149 5165 24
5172 5196 176
5189 5207 284
5205 5220 171
5213 5250 61
5240 5270 172
5257 5286 100
5283 5321 258
5311 5359 240
5338 5376 43
5351 5353 81
5366 5386 44
5386 5430 186
5389 5411 210
5400 5436 292
5426 5456 155
5435 5452 169
5459 5497 19
5479 5488 110
5505 5507 2
5515 5533 215
5539 5543 102
5549 5578 47
5570 5596 146
5576 5618 299
5584 5597 51
5590 5623 85
5604 5654 240
5621 5657 41
5643 5658 19
5660 5665 147
5688 5726 55
5694 5718 195
5723 5753 264
5741 5758 192
5755 5803 299
5763 5782 185
5775 5782 83
5805 5827 270
5830 5840 269
5847 5863 146
5861 5873 226
5883 5907 176
5891 5939 168
5916 5941 202
5916 5929 66
5945 5985 34
5974 6003 97
5979 6000 67
6009 6025 101
6037 6079 292
6040 6081 259
6060 6086 136
6071 6121 60
6101 6148 56
6128 6151 4
6143 6169 247
6173 6192 5
6175 6177 147
6175 6183 9
6199 6226 124
6226 6249 94
6239 6283 24
6242 6282 285
6262 6266 93
6270 6306 142
6270 6283 262
6275 6300 192
6282 6308 205
6290 6325 154
6302 6346 17
6309 6350 227
6327 6348 289
6328 6365 263
6334 6349 251
6348 6378 18
6368 6377 109
6374 6418 206
6375 6419 31
6387 6404 80
6405 6412 183
6411 6446 74
6418 6421 206
6445 6446 158
6459 6486 170
6473 6516 190
6487 6504 280
6498 6544 298
6499 6532 29
6503 6544 55
6512 6550 277
6521 6535 298
6530 6566 234
6539 6581 177
6568 6617 218
6576 6626 212
6589 6600 151
6601 6616 81
6608 6635 276
6628 6655 228
6649 6692 281
6666 6680 36
6680 6719 198
6698 6723 292
6718 6726 96
6742 6752 177
6764 6780 41
6767 6773 37
6780 6787 169
6809 6843 108
6823 6853 161
6828 6844 230
6828 6872 119
6843 6893 281
6865 6877 214
6876 6877 243
6898 6933 137
6926 6953 162
6953 6964 234
6959 6964 19
6983 7003 65
6992 6998 291
7011 7045 183
7022 7033 85
7041 7087 212
7057 7060 160
7066 7109 257
7079 7093 242
7105 7139 188
7111 7144 117
7128 7146 214
7145 7193 129
7147 7194 135
7163 7167 229
7178 7181 107
7190 7205 11
7204 7212 252
7231 7250 93
7254 7270 217
7257 7301 177
7269 7277 249
7295 7327 80
7318 7360 106
7340 7368 133
7360 7409 115
7380 7386 167
7395 7405 262
7414 7459 99
7435 7461 283
7452 7463 93
7476 7524 2
7476 7510 300
7503 7547 107
7515 7539 153
7517 7522 117
7519 7546 98
7542 7578 248
7555 7599 71
