500
2 4 211
13 20 67
42 81 109
53 62 260
60 83 6
67 94 46
92 139 234
100 122 159
110 133 114
138 148 239
147 162 129
171 182 243
185 228 191
211 259 11
216 260 187
234 264 174
237 256 232
259 267 228
281 306 187
294 303 155
316 329 50
333 358 25
336 351 26
350 395 135
372 374 175
402 441 244
408 432 49
424 460 255
424 439 98
431 462 223
446 448 50
473 494 139
494 536 281
499 519 63
511 539 105
516 520 68
523 532 98
534 559 191
544 588 259
572 607 57
575 622 18
594 600 162
623 638 173
625 655 91
650 654 239
662 700 117
664 695 34
688 696 111
704 750 13
705 743 247
731 766 274
757 761 125
765 788 211
795 818 7
819 863 250
819 865 256
831 872 26
837 843 69
856 861 141
859 908 6
879 929 277
891 897 53
914 963 220
944 959 238
954 969 225
981 996 206
1005 1053 193
1007 1040 237
1033 1053 163
1040 1083 139
1058 1094 130
1080 1086 280
1084 1119 94
1100 1102 166
1103 1114 40
1123 1128 13
1146 1161 34
1148 1159 222
1157 1173 67
1184 1204 46
1205 1227 161
1208 1243 290
1228 1265 134
1233 1263 247
1256 1276 116
1279 1321 144
1281 1327 261
1285 1321 236
1302 1346 107
1316 1341 77
1327 1370 183
1348 1384 57
1363 1411 24
1369 1370 61
1398 1427 268
1400 1404 253
1403 1433 3
1406 1430 116
1413 1418 12
1429 1461 140
1439 1460 223
1441 1470 220
1441 1457 24
1451 1479 207
1476 1509 31
1492 1521 227
1522 1555 73
1545 1595 234
1573 1622 68
1580 1612 203
1588 1632 40
1599 1600 102
1611 1629 277
1640 1655 96
1657 1675 145
1669 1697 131
1696 1730 118
1718 1761 218
1722 1750 169
1722 1736 186
1735 1738 129
1738 1788 75
1752 1773 287
1754 1761 126
1757 1766 41
1783 1807 272
1786 1802 86
1811 1824 124
1839 1848 207
1857 1871 271
1882 1911 84
1892 1916 94
1913 1939 163
1934 1974 234
1961 1996 48
1966 1991 138
1970 1999 12
1986 2026 296
1987 2023 241
1992 2035 146
2007 2037 129
2013 2014 148
2043 2056 116
2052 2092 140
2057 2064 89
2084 2102 155
2089 2113 213
2101 2103 129
2130 2158 86
2154 2197 285
2170 2173 111
2182 2184 286
2192 2226 271
2203 2232 276
2217 2251 175
2221 2229 227
2244 2285 101
2257 2293 95
2257 2272 251
2286 2323 85
2306 2315 80
2324 2354 233
2333 2335 94
2347 2363 92
2372 2391 241
2395 2416 9
2405 2441 132
2421 2424 90
2428 2445 223
2429 2450 58
2449 2467 219
2472 2492 13
2476 2491 184
2506 2510 118
2519 2569 160
2549 2564 176
2575 2593 101
2593 2623 149
2610 2614 217
2628 2643 192
2628 2645 31
2647 2652 141
2649 2656 17
2679 2714 31
2695 2718 206
2712 2749 176
2725 2738 278
2745 2771 291
2758 2789 81
2768 2806 40
2797 2845 173
2798 2818 116
2810 2837 91
2830 2859 126
2840 2861 136
2847 2896 243
2868 2908 222
2894 2899 109
2914 2947 222
2938 2960 299
2953 2981 193
2971 2995 84
2991 3012 218
3002 3006 22
3030 3043 105
3036 3061 144
3040 3076 192
3043 3068 234
3068 3102 242
3079 3088 264
3079 3106 194
3081 3113 67
3089 3105 103
3093 3106 203
3096 3146 75
3126 3176 115
3143 3147 208
3150 3158 171
3167 3214 282
3178 3208 204
3181 3219 159
3211 3224 66
3215 3259 252
3226 3236 178
3255 3276 43
3284 3332 153
3301 3317 261
3324 3338 265
3331 3339 121
3348 3393 153
3375 3420 52
3397 3447 26
3402 3404 164
3407 3409 107
3416 3423 287
3424 3448 89
3443 3463 11
3451 3495 27
3471 3508 66
3487 3513 72
3495 3502 72
3500 3534 154
3529 3540 297
3546 3593 140
3574 3623 112
3574 3596 7
3602 3645 20
3611 3661 192
3614 3637 215
3622 3651 34
3652 3669 274
3675 3697 109
3678 3713 121
3694 3739 7
3704 3735 59
3731 3746 7
3734 3762 149
3756 3788 166
3784 3820 255
3801 3829 270
3819 3853 124
3826 3875 183
3831 3876 32
3851 3888 95
3851 3898 83
3866 3906 155
3896 3943 89
3918 3927 241
3928 3929 256
3936 3937 242
3936 3980 203
3959 3993 33
3971 4021 272
3987 4013 25
4011 4040 89
4026 4049 71
4052 4080 280
4065 4072 293
4079 4116 158
4096 4131 270
4109 4136 96
4118 4121 120
4134 4149 141
4148 4168 110
4172 4178 121
4178 4217 29
4205 4245 165
4219 4236 132
4226 4271 125
4243 4285 19
4273 4281 155
4273 4275 93
4300 4302 100
4309 4321 290
4311 4323 131
4316 4343 9
4318 4348 61
4343 4351 156
4373 4390 254
4403 4450 294
4425 4460 109
4448 4480 105
4457 4464 34
4467 4514 226
4481 4518 22
4489 4498 279
4510 4543 218
4513 4555 110
4514 4531 182
4514 4536 27
4541 4557 103
4546 4580 295
4560 4567 81
4572 4574 85
4579 4609 210
4608 4618 4
4618 4624 242
4621 4662 227
4648 4667 284
4667 4713 154
4697 4700 16
4715 4730 238
4732 4740 42
4762 4810 185
4770 4783 39
4792 4811 251
4809 4850 218
4826 4831 98
4851 4895 53
4851 4861 7
4864 4878 213
4872 4916 295
4886 4935 188
4911 4925 131
4919 4962 185
4926 4967 247
4955 4987 184
4974 5022 105
4979 4980 179
5004 5046 259
5027 5076 83
5035 5049 272
5054 5066 108
5075 5082 142
5095 5097 81
5107 5152 214
5121 5166 114
5131 5141 265
5160 5202 9
5187 5212 96
5189 5204 242
5198 5231 177
5204 5232 20
5208 5249 150
5233 5262 254
5252 5254 187
5277 5287 65
5282 5332 122
5289 5323 155
5300 5344 225
5311 5320 190
5330 5347 141
5345 5387 116
5350 5354 6
5376 5401 131
5398 5439 275
5401 5411 274
5427 5475 77
5449 5482 24
5479 5515 278
5484 5491 66
5488 5538 172
5490 5534 220
5516 5550 155
5529 5572 296
5552 5585 214
5558 5585 144
5575 5602 289
5581 5596 7
5599 5616 222
5606 5638 151
5626 5675 190
5635 5671 251
5665 5700 242
5684 5698 155
5695 5742 135
5710 5757 101
5723 5751 245
5732 5774 292
5762 5774 4
5784 5807 222
5787 5835 174
5792 5830 131
5798 5824 100
5804 5835 260
5832 5872 149
5849 5866 266
5866 5868 170
5866 5880 142
5894 5935 230
5911 5918 232
5927 5929 130
5938 5965 73
5962 6010 279
5986 6017 118
6007 6039 216
6025 6061 195
6051 6067 129
6069 6099 139
6072 6083 59
6094 6138 181
6116 6143 137
6138 6159 136
6138 6174 93
6158 6208 151
6173 6177 43
6193 6198 109
6214 6230 38
6243 6290 158
6250 6281 274
6276 6300 247
6285 6312 159
6295 6317 259
6313 6327 230
6340 6371 88
6363 6389 43
6370 6412 299
6394 6439 277
6394 6403 120
6421 6468 199
6446 6473 179
6455 6479 104
6464 6505 242
6490 6531 211
6513 6546 112
6514 6563 103
6531 6552 62
6544 6579 134
6544 6559 198
6569 6578 60
6581 6595 252
6585 6629 85
6588 6614 161
6606 6610 208
6619 6649 41
6637 6653 77
6650 6670 290
6680 6709 104
6708 6724 190
6717 6736 93
6743 6789 248
6753 6796 230
6781 6790 27
6781 6787 76
6785 6796 187
6815 6832 32
6827 6873 233
6844 6846 231
6844 6858 270
6860 6871 193
6879 6880 230
6908 6925 285
6925 6940 96
6939 6954 106
6942 6987 151
6958 6960 21
6969 7006 272
6997 7025 113
7021 7045 235
7051 7101 11
7052 7093 277
7072 7073 47
7073 7078 104
7077 7114 252
7098 7129 189
7102 7135 275
7112 7118 194
7119 7135 96
7144 7161 195
7156 7202 148
7178 7180 72
7202 7233 254
7222 7225 138
7240 7258 9
7250 7298 284
7257 7261 258
7259 7282 235
7285 7311 123
7298 7306 251
7314 7351 174
7337 7384 206
7341 7375 106
7360 7389 265
7388 7435 28
7402 7403 35
7432 7433 176
7448 7469 110
7467 7489 171
7471 7496 40
7480 7488 76
