500
10 42 293
28 73 220
30 61 180
60 76 292
86 126 152
95 101 32
101 145 30
117 122 58
129 136 297
136 159 24
165 178 160
165 185 195
192 207 93
205 213 72
220 257 298
232 264 295
243 255 169
252 269 223
260 291 277
264 276 98
267 291 1
274 296 22
291 305 269
291 334 199
295 340 44
320 364 92
338 380 261
348 376 38
377 414 239
388 398 187
397 421 58
406 422 230
420 450 299
421 449 45
433 473 300
441 463 50
445 456 176
445 470 25
451 495 296
469 491 209
489 501 89
516 536 95
526 567 287
533 537 172
541 549 275
561 588 160
590 639 71
591 604 191
606 608 266
619 643 273
630 657 282
634 682 135
656 678 197
685 733 210
707 752 148
729 763 78
739 753 180
759 766 95
766 791 49
782 813 179
795 835 216
814 849 156
829 856 282
831 849 59
859 898 278
859 885 24
881 929 56
895 900 183
922 933 129
949 998 108
966 974 115
996 1022 43
1008 1020 99
1031 1057 128
1043 1082 214
1056 1073 282
1084 1128 133
1093 1106 86
1111 1138 222
1120 1121 226
1127 1154 102
1153 1156 91
1183 1199 207
1191 1213 73
1210 1260 10
1222 1231 298
1234 1239 37
1263 1288 15
1286 1314 125
1290 1292 292
1296 1346 225
1319 1357 232
1349 1372 91
1361 1397 53
1373 1420 232
1392 1415 107
1421 1430 51
1450 1469 73
1459 1478 16
1465 1513 177
1472 1505 164
1482 1531 286
1490 1516 216
1503 1549 58
1531 1577 11
1560 1587 198
1581 1586 252
1587 1597 99
1591 1621 117
1591 1600 62
1609 1621 145
1635 1684 93
1638 1685 146
1649 1679 158
1663 1675 103
1670 1687 243
1698 1735 118
1728 1774 167
1753 1780 217
1776 1804 135
1800 1843 79
1807 1823 110
1835 1844 229
1846 1873 227
1846 1855 89
1876 1880 102
1896 1922 257
1919 1934 5
1934 1981 74
1957 2003 276
1975 2008 242
1998 2032 245
2007 2011 155
2016 2053 219
2016 2053 11
2034 2079 298
2058 2107 76
2067 2096 280
2093 2126 93
2116 2144 231
2120 2145 26
2130 2162 171
2149 2153 263
2158 2188 268
2169 2189 91
2188 2193 273
2205 2243 208
2219 2236 243
2243 2247 107
2243 2275 212
2265 2287 10
2273 2274 152
2302 2329 90
2310 2352 97
2335 2381 293
2363 2389 64
2366 2370 141
2388 2409 169
2388 2416 268
2411 2459 198
2427 2462 228
2451 2455 156
2469 2512 287
2499 2522 144
2524 2545 75
2544 2572 21
2553 2593 257
2580 2593 147
2594 2617 16
2610 2617 95
2627 2643 33
2642 2668 99
2658 2689 100
2668 2708 12
2676 2683 265
2693 2727 43
2699 2749 165
2699 2718 105
2726 2767 223
2739 2775 123
2757 2802 97
2759 2794 202
2787 2800 177
2803 2838 219
2824 2849 77
2834 2848 300
2860 2875 125
2866 2913 49
2888 2915 53
2908 2923 40
2931 2967 132
2945 2967 13
2954 2998 105
2954 2958 36
2967 3013 167
2985 2990 154
2998 3041 194
3024 3059 248
3043 3073 163
3047 3072 288
3067 3089 80
3076 3122 259
3093 3099 154
3117 3158 266
3137 3153 31
3146 3196 151
3174 3214 16
3194 3225 43
3197 3236 194
3219 3250 202
3244 3260 101
3245 3270 259
3264 3285 288
3291 3324 33
3316 3348 280
3326 3368 35
3335 3383 12
3358 3400 4
3387 3409 130
3409 3433 81
3414 3447 255
3418 3434 175
3439 3458 33
3446 3496 285
3474 3524 234
3481 3521 27
3509 3521 147
3511 3534 274
3522 3531 35
3532 3537 97
3561 3587 124
3576 3618 220
3597 3625 32
3613 3627 64
3614 3626 153
3627 3673 33
3646 3653 176
3650 3696 62
3670 3697 39
3692 3722 138
3712 3742 299
3728 3775 97
3749 3768 233
3757 3760 30
3774 3804 112
3797 3830 263
3819 3842 223
3819 3829 48
3840 3848 267
3855 3879 260
3883 3911 46
3897 3936 252
3926 3976 121
3938 3967 56
3968 3974 263
3970 4017 114
3975 4023 90
3997 4039 186
4003 4033 147
4024 4025 290
4028 4074 227
4043 4050 54
4046 4059 245
4061 4083 122
4077 4094 84
4101 4106 21
4103 4112 9
4106 4154 4
4112 4141 33
4124 4172 206
4142 4178 263
4162 4211 59
4181 4224 173
4199 4203 41
4201 4232 113
4218 4250 288
4247 4260 64
4274 4296 85
4277 4278 149
4292 4341 65
4310 4355 13
4334 4348 113
4359 4391 202
4380 4417 3
4397 4425 146
4404 4452 5
4427 4430 117
4455 4475 163
4465 4496 24
4469 4490 114
4474 4488 141
4497 4517 249
4520 4548 223
4548 4550 261
4557 4583 118
4574 4580 10
4579 4618 41
4598 4614 91
4628 4637 248
4628 4651 197
4647 4662 190
4650 4678 298
4657 4703 103
4663 4674 37
4674 4707 70
4701 4735 9
4715 4728 44
4729 4773 193
4742 4760 286
4763 4772 240
4765 4793 257
4776 4802 112
4783 4830 46
4790 4812 32
4807 4837 234
4812 4853 177
4815 4825 189
4840 4879 115
4865 4903 96
4871 4912 38
4889 4903 2
4908 4923 139
4919 4952 248
4944 4954 59
4972 4994 272
4987 4998 221
5012 5026 142
5027 5056 187
5034 5035 108
5064 5109 31
5072 5110 72
5077 5100 121
5091 5111 122
5119 5132 173
5136 5170 19
5143 5179 259
5166 5186 63
5184 5204 183
5204 5214 285
5215 5262 285
5223 5242 145
5236 5281 88
5236 5261 41
5260 5288 291
5267 5316 129
5267 5279 233
5283 5290 200
5289 5296 92
5290 5298 63
5308 5325 140
5315 5359 158
5320 5321 140
5326 5357 82
5345 5353 138
5359 5382 41
5372 5417 90
5379 5427 206
5409 5423 233
5423 5435 29
5431 5436 270
5432 5457 275
5462 5482 202
5479 5493 236
5484 5492 268
5493 5524 19
5498 5518 237
5508 5556 270
5528 5542 272
5540 5569 270
5551 5597 48
5571 5609 171
5601 5643 216
5608 5620 16
5618 5638 59
5626 5651 70
5635 5682 275
5639 5676 48
5657 5665 263
5683 5698 237
5710 5725 112
5728 5770 268
5751 5783 297
5752 5794 138
5756 5768 213
5773 5820 30
5783 5823 118
5813 5827 297
5832 5873 142
5854 5890 138
5876 5882 119
5901 5912 112
5903 5921 155
5917 5950 48
5932 5940 113
5962 5988 236
5984 6002 52
6012 6045 16
6036 6038 290
6064 6105 295
6080 6113 242
6107 6118 255
6119 6121 152
6132 6171 272
6161 6192 111
6178 6183 106
6203 6204 214
6207 6245 60
6207 6247 227
6228 6234 131
6228 6239 154
6253 6283 89
6259 6295 73
6284 6310 274
6306 6308 55
6311 6361 39
6337 6385 181
6367 6412 281
6395 6420 276
6399 6447 171
6424 6471 288
6446 6477 297
6453 6466 287
6478 6517 250
6478 6496 120
6488 6497 194
6501 6547 72
6512 6547 73
6524 6548 128
6554 6601 139
6579 6595 118
6580 6602 151
6606 6653 273
6609 6620 70
6617 6664 201
6642 6651 221
6662 6704 225
6671 6699 99
6673 6699 159
6683 6717 119
6697 6699 123
6699 6707 227
6728 6736 135
6743 6783 272
6743 6764 244
6766 6815 132
6788 6797 115
6797 6820 161
6807 6842 273
6817 6818 19
6842 6880 180
6867 6880 257
6871 6903 8
6893 6902 222
6899 6945 59
6926 6940 127
6951 7000 90
6972 7000 4
6993 7027 280
7023 7038 80
7029 7033 21
7055 7086 243
7061 7106 259
7072 7079 169
7084 7102 280
7098 7103 71
7116 7158 121
7135 7185 231
7163 7184 151
7163 7197 84
7179 7186 132
7200 7221 238
7222 7229 35
7238 7244 148
7248 7290 76
7253 7256 52
7279 7306 63
7290 7291 273
7316 7331 170
7323 7340 9
7325 7350 293
7351 7369 8
7356 7400 67
7384 7397 28
7412 7430 101
7432 7433 169
7432 7479 124
7444 7452 200
7463 7505 191
7473 7502 256
7489 7519 254
7506 7509 266
7531 7561 259
7547 7575 81
7550 7586 221
7565 7568 243
7584 7632 2
7592 7639 86
7620 7650 197
7625 7674 278
7649 7691 100
