500
2 49 106
27 54 2
40 72 267
44 63 264
46 70 173
71 82 161
93 113 211
120 169 131
145 172 165
151 163 271
171 181 39
192 236 212
216 231 45
231 261 288
257 277 154
266 281 197
266 275 14
287 290 93
291 317 117
317 363 262
347 386 3
350 351 173
376 387 268
406 452 265
427 454 53
445 489 166
457 486 262
471 483 140
497 502 216
526 565 117
553 588 174
555 602 258
582 621 253
602 645 277
631 656 100
636 647 142
640 642 133
659 685 281
671 710 264
672 685 25
680 710 54
686 695 124
702 713 291
704 740 19
719 757 41
722 744 36
726 752 173
745 762 216
748 762 16
749 751 46
750 798 237
768 773 57
775 805 240
801 822 137
812 848 113
835 875 78
852 858 14
865 886 205
894 910 134
918 947 64
940 990 72
953 989 296
956 1000 11
957 990 300
969 999 50
993 1015 276
1012 1047 157
1013 1056 288
1018 1050 195
1036 1049 32
1057 1061 26
1058 1083 290
1066 1079 239
1093 1105 221
1108 1153 40
1117 1141 108
1144 1152 235
1144 1153 142
1147 1187 37
1160 1206 7
1181 1183 108
1207 1228 250
1222 1268 47
1243 1267 135
1256 1277 6
1260 1284 2
1273 1279 265
1292 1297 221
1301 1340 27
1311 1357 60
1336 1373 219
1363 1399 239
1363 1400 128
1387 1425 110
1406 1425 109
1407 1412 277
1423 1455 54
1437 1472 251
1452 1481 234
1478 1527 280
1505 1545 22
1526 1550 107
1556 1588 35
1578 1616 132
1594 1597 124
1615 1642 109
1629 1652 48
1658 1695 148
1678 1694 10
1708 1748 257
1734 1737 297
1762 1811 32
1778 1787 295
1785 1835 25
1814 1829 35
1826 1872 84
1855 1876 139
1862 1885 91
1868 1887 97
1873 1885 282
1893 1914 174
1912 1947 115
1931 1956 69
1939 1967 281
1941 1973 179
1952 1995 248
1976 1980 278
1992 2010 94
2010 2025 71
2017 2040 185
2022 2048 5
2046 2088 138
2068 2085 135
2070 2101 128
2073 2108 114
2075 2083 241
2091 2129 185
2119 2132 265
2146 2164 276
2171 2204 37
2187 2193 66
2206 2211 204
2224 2253 22
2248 2254 297
2250 2258 253
2263 2273 179
2274 2276 118
2274 2299 133
2299 2329 281
2302 2335 226
2327 2342 164
2345 2351 120
2369 2400 216
2393 2440 69
2423 2437 290
2431 2433 74
2440 2471 100
2440 2443 205
2449 2469 224
2457 2491 82
2476 2513 260
2493 2508 29
2508 2540 280
2522 2540 199
2541 2574 258
2561 2579 7
2580 2599 285
2605 2655 290
2635 2664 245
2639 2663 105
2647 2652 100
2649 2692 162
2665 2701 53
2693 2737 204
2701 2742 229
2714 2738 123
2724 2771 205
2730 2741 2
2760 2770 254
2788 2797 13
2811 2824 42
2812 2820 124
2834 2854 63
2837 2870 161
2846 2869 150
2857 2860 54
2858 2867 109
2884 2895 67
2914 2962 255
2927 2952 58
2946 2965 299
2957 3005 28
2969 2985 268
2990 3010 110
2998 3018 218
2998 3008 160
3012 3040 295
3025 3064 29
3030 3035 167
3059 3099 203
3073 3094 261
3096 3133 294
3118 3136 68
3148 3154 84
3152 3181 199
3152 3184 262
3167 3213 141
3186 3218 51
3196 3212 173
3202 3220 244
3218 3241 17
3228 3260 298
3249 3278 241
3257 3269 1
3279 3329 75
3302 3336 142
3325 3375 77
3355 3364 155
3374 3391 132
3381 3397 280
3387 3403 10
3408 3454 159
3424 3446 190
3444 3458 131
3454 3470 37
3484 3511 254
3499 3508 111
3511 3520 148
3528 3545 275
3558 3577 247
3574 3609 183
3585 3593 244
3601 3647 267
3601 3624 30
3627 3675 178
3644 3645 141
3655 3688 295
3673 3704 239
3695 3743 145
3708 3710 162
3724 3742 126
3738 3744 248
3742 3767 87
3767 3805 287
3788 3797 273
3800 3837 85
3821 3836 130
3834 3867 76
3855 3884 145
3862 3903 270
3864 3894 150
3877 3896 261
3883 3926 263
3901 3933 219
3925 3959 270
3933 3943 10
3953 3987 29
3972 3999 199
3975 3997 224
3986 4031 82
3989 4012 28
4009 4034 123
4010 4012 297
4021 4061 59
4024 4025 56
4032 4073 41
4043 4074 78
4073 4083 114
4096 4115 270
4123 4169 103
4131 4160 242
4141 4161 32
4142 4164 162
4146 4171 144
4165 4177 15
4177 4193 49
4177 4205 125
4203 4248 286
4213 4263 272
4227 4237 251
4248 4284 186
4249 4288 142
4249 4269 144
4267 4307 27
4274 4313 125
4300 4315 227
4316 4319 255
4326 4345 161
4343 4365 282
4348 4396 261
4369 4393 182
4392 4428 260
4414 4454 102
4424 4435 68
4441 4470 198
4447 4475 245
4467 4502 196
4489 4513 294
4505 4519 243
4527 4574 64
4539 4587 84
4566 4573 149
4572 4584 39
4588 4600 164
4590 4593 116
4610 4630 218
4636 4671 190
4655 4659 237
4662 4680 66
4674 4682 182
4676 4717 239
4679 4719 256
4692 4738 128
4719 4769 155
4724 4774 213
4745 4782 158
4760 4776 240
4781 4802 89
4787 4821 250
4802 4815 81
4806 4823 137
4814 4845 60
4826 4841 231
4835 4837 186
4850 4869 16
4862 4870 234
4873 4914 149
4882 4927 293
4884 4914 230
4898 4935 164
4917 4924 17
4941 4987 266
4963 4970 58
4979 5008 59
4986 4988 242
4987 5002 13
4990 5012 167
5001 5039 103
5021 5065 285
5045 5086 239
5064 5104 21
5082 5125 138
5106 5114 122
5128 5144 232
5131 5135 44
5147 5150 274
5173 5183 102
5189 5223 251
5197 5212 255
5222 5225 21
5226 5253 107
5251 5300 127
5255 5261 76
5269 5285 172
5270 5304 154
5270 5312 181
5281 5314 65
5291 5328 175
5299 5323 94
5300 5339 216
5310 5318 246
5336 5337 76
5340 5341 296
5348 5362 150
5365 5410 84
5367 5397 284
5394 5412 72
5401 5435 213
5421 5422 184
5424 5460 246
5429 5460 280
5446 5492 31
5458 5497 160
5487 5501 93
5492 5494 266
5510 5549 118
5534 5566 266
5560 5575 105
5586 5616 271
5596 5621 245
5609 5635 7
5626 5672 168
5638 5644 127
5654 5691 221
5684 5692 56
5712 5716 38
5737 5755 172
5739 5745 166
5757 5802 217
5765 5774 122
5769 5819 138
5793 5810 96
5814 5850 80
5827 5839 52
5856 5883 246
5886 5889 275
5896 5932 155
5915 5957 15
5941 5980 100
5953 5967 142
5980 6025 86
6008 6021 76
6030 6055 257
6047 6053 32
6057 6105 10
6084 6116 159
6088 6120 131
6090 6118 131
6108 6127 15
6116 6152 282
6116 6150 253
6119 6122 99
6140 6160 140
6163 6190 77
6191 6222 35
6207 6248 291
6207 6210 162
6224 6236 252
6227 6235 231
6238 6263 114
6252 6273 136
6272 6286 285
6299 6325 107
6329 6339 56
6346 6386 213
6373 6391 235
6377 6415 220
6407 6444 216
6421 6439 225
6443 6478 290
6451 6462 151
6457 6486 120
6465 6509 154
6485 6533 114
6500 6507 56
6518 6540 251
6535 6542 188
6537 6543 95
6542 6549 232
6555 6605 165
6561 6584 179
6574 6618 265
6596 6635 184
6626 6672 287
6630 6663 154
6645 6657 171
6671 6702 143
6693 6722 16
6696 6708 263
6717 6762 252
6743 6774 121
6767 6790 140
6784 6811 94
6806 6856 204
6820 6822 177
6828 6860 56
6832 6849 85
6850 6874 48
6867 6872 178
6872 6892 52
6882 6928 254
6908 6916 295
6928 6942 298
6953 6955 147
6978 7003 286
6988 7019 291
6999 7048 167
7002 7004 85
7010 7043 143
7017 7058 83
7021 7030 125
7043 7089 83
7050 7065 180
7070 7116 255
7096 7134 52
7115 7142 226
7131 7146 145
7155 7180 220
7160 7161 23
7172 7202 207
7197 7221 80
7198 7242 225
7215 7242 152
7216 7240 192
7223 7242 299
7237 7240 96
7256 7299 197
7286 7335 175
7306 7347 229
7323 7359 135
7342 7344 2
7342 7343 52
7367 7369 127
7396 7422 42
7407 7428 60
7420 7426 167
7433 7436 175
7441 7481 112
7459 7493 264
7468 7489 117
