500
29 34 179
29 79 56
30 76 164
50 63 3
68 114 133
88 132 279
106 119 171
133 148 258
137 174 134
159 182 8
166 175 269
189 222 16
200 206 39
209 229 257
227 266 207
239 273 233
268 305 54
298 332 256
314 351 224
342 343 185
356 404 260
373 400 8
389 413 8
389 413 285
399 409 197
417 426 248
432 469 140
445 464 236
468 509 207
468 517 118
475 516 62
497 509 174
498 520 129
525 549 293
529 579 245
547 573 223
566 615 149
596 604 53
621 667 73
621 640 68
622 660 243
629 670 233
653 685 145
660 688 14
668 707 167
688 725 163
712 756 185
739 758 123
752 791 231
754 804 264
769 771 40
771 776 203
790 819 254
799 807 287
805 821 252
825 847 237
854 896 151
876 926 170
903 927 66
906 913 97
929 974 28
932 971 3
953 974 88
959 994 273
969 1006 49
996 1032 238
1004 1052 62
1023 1063 179
1026 1035 218
1044 1061 260
1051 1060 182
1070 1091 91
1099 1128 148
1126 1134 282
1156 1167 101
1156 1204 217
1171 1216 134
1179 1187 163
1209 1219 32
1232 1244 123
1239 1265 251
1253 1288 57
1261 1289 71
1275 1314 297
1283 1291 44
1294 1325 9
1305 1330 150
1315 1337 92
1341 1363 191
1360 1390 108
1367 1417 200
1388 1434 181
1415 1422 158
1417 1445 53
1423 1473 218
1439 1441 24
1466 1513 284
1485 1505 149
1513 1559 229
1516 1550 204
1545 1585 20
1566 1588 273
1575 1616 158
1582 1600 298
1585 1618 193
1598 1635 215
1611 1626 255
1636 1650 88
1637 1653 180
1661 1704 235
1670 1710 52
1679 1706 139
1709 1711 283
1720 1727 138
1723 1731 285
1734 1742 178
1740 1774 17
1745 1771 6
1762 1809 68
1764 1806 164
1793 1811 274
1819 1841 221
1828 1874 26
1846 1852 127
1873 1890 20
1897 1914 40
1907 1914 118
1929 1934 192
1932 1937 147
1944 1983 296
1962 1988 56
1962 1992 254
1976 2007 211
2001 2051 34
2009 2019 206
2024 2052 229
2049 2058 69
2060 2081 279
2088 2106 292
2111 2127 291
2128 2153 254
2128 2144 19
2132 2176 166
2156 2181 48
2167 2208 73
2190 2236 263
2202 2220 183
2219 2253 75
2237 2270 181
2266 2287 171
2284 2310 48
2299 2312 150
2317 2348 295
2334 2380 48
2338 2346 90
2367 2394 177
2376 2379 286
2378 2402 88
2395 2441 296
2421 2438 271
2443 2451 141
2454 2486 108
2469 2518 290
2494 2504 30
2521 2539 145
2522 2537 179
2542 2577 39
2554 2603 287
2576 2616 150
2600 2625 130
2607 2636 47
2619 2664 159
2622 2668 188
2622 2647 162
2645 2646 15
2671 2700 80
2672 2694 22
2682 2694 74
2701 2721 174
2713 2759 230
2715 2735 266
2741 2748 199
2744 2780 27
2770 2786 9
2792 2826 52
2809 2811 192
2839 2874 102
2857 2884 85
2887 2888 56
2911 2951 8
2916 2926 215
2919 2936 63
2919 2939 95
2940 2973 107
2941 2978 112
2969 2975 12
2980 3014 142
2999 3041 145
3021 3051 119
3025 3070 139
3035 3045 180
3059 3104 292
3085 3096 196
3096 3110 87
3118 3141 5
3131 3154 133
3145 3158 173
3170 3214 22
3190 3192 126
3209 3238 192
3235 3273 7
3240 3267 254
3262 3273 238
3262 3307 238
3272 3301 66
3284 3285 122
3284 3312 237
3293 3298 288
3322 3367 204
3350 3355 2
3363 3380 105
3373 3414 85
3384 3391 60
3407 3420 20
3410 3432 280
3440 3487 4
3440 3442 94
3456 3460 245
3483 3494 34
3512 3536 232
3540 3561 174
3549 3561 70
3576 3609 298
3598 3610 299
3617 3648 173
3641 3676 211
3647 3696 299
3658 3664 162
3675 3722 264
3696 3741 274
3696 3720 253
3707 3743 142
3721 3735 293
3736 3782 113
3747 3783 49
3763 3803 150
3778 3815 185
3789 3806 133
3789 3831 17
3804 3807 246
3816 3847 130
3828 3868 274
3848 3865 173
3867 3883 95
3879 3902 229
3907 3911 296
3907 3957 252
3931 3958 25
3940 3986 173
3957 3958 185
3965 3985 106
3990 3998 74
4019 4037 280
4035 4073 256
4047 4057 153
4052 4090 53
4062 4099 143
4079 4081 292
4080 4130 257
4104 4116 77
4112 4126 175
4138 4186 180
4151 4184 93
4173 4175 31
4193 4203 69
4223 4235 202
4228 4243 59
4257 4264 93
4275 4279 108
4288 4331 247
4314 4341 15
4322 4360 254
4323 4328 128
4348 4376 260
4349 4357 109
4363 4381 177
4371 4416 2
4380 4428 147
4388 4393 97
4388 4407 46
4390 4428 208
4400 4435 55
4400 4441 187
4408 4410 59
4412 4426 63
4438 4441 44
4457 4485 223
4459 4506 142
4476 4496 30
4486 4515 284
4513 4560 252
4540 4574 228
4543 4556 13
4560 4598 257
4578 4627 32
4593 4630 230
4604 4623 82
4617 4630 140
4638 4651 234
4639 4671 9
4663 4666 156
4672 4711 155
4698 4707 286
4707 4731 203
4716 4763 137
4721 4749 215
4735 4736 211
4762 4780 143
4784 4821 109
4800 4801 22
4801 4829 64
4814 4848 157
4826 4872 195
4840 4874 242
4862 4902 47
4871 4877 234
4887 4889 257
4917 4940 222
4928 4940 113
4948 4964 290
4968 5007 7
4983 5000 248
4991 5024 150
5005 5026 51
5020 5029 90
5031 5040 178
5036 5071 61
5047 5089 75
5064 5081 258
5078 5098 99
5082 5108 134
5105 5136 293
5133 5144 57
5161 5188 71
5165 5190 16
5171 5208 93
5172 5201 280
5201 5203 23
5220 5236 250
5238 5270 143
5261 5291 121
5268 5270 256
5293 5296 266
5317 5326 27
5331 5338 224
5333 5369 49
5361 5367 175
5361 5390 91
5385 5416 217
5392 5438 71
5402 5416 281
5419 5456 25
5423 5463 126
5447 5463 120
5459 5481 143
5463 5486 166
5490 5501 114
5506 5547 127
5521 5525 162
5532 5534 3
5540 5581 108
5543 5549 46
5543 5576 88
5544 5554 93
5559 5605 295
5575 5598 15
5605 5646 182
5613 5615 118
5642 5653 269
5660 5708 131
5686 5708 278
5708 5733 116
5715 5723 184
5717 5762 40
5737 5778 184
5742 5753 227
5753 5769 2
5757 5785 82
5787 5820 210
5804 5806 287
5833 5856 167
5838 5857 18
5847 5884 36
5858 5866 23
5859 5876 113
5865 5905 39
5885 5921 111
5907 5921 90
5935 5967 178
5946 5996 95
5966 6003 247
5984 6011 172
5999 6039 203
6002 6011 190
6023 6057 234
6040 6066 280
6055 6094 239
6071 6091 245
6101 6106 266
6126 6131 263
6138 6165 44
6150 6158 192
6167 6211 282
6175 6221 259
6181 6189 297
6201 6207 178
6208 6229 139
6209 6210 76
6221 6247 82
6245 6292 13
6272 6316 127
6281 6299 73
6292 6309 185
6304 6323 295
6329 6334 274
6359 6400 3
6361 6377 30
6374 6408 153
6402 6426 296
6432 6439 49
6433 6472 86
6448 6484 59
6462 6485 113
6486 6501 84
6500 6503 135
6500 6514 193
6530 6574 84
6556 6605 115
6577 6617 33
6600 6628 58
6630 6661 270
6632 6643 159
6643 6672 210
6664 6679 30
6671 6712 56
6679 6697 138
6694 6722 1
6711 6713 120
6736 6781 263
6742 6783 233
6742 6780 160
6754 6768 152
6775 6821 20
6788 6807 226
6795 6823 37
6795 6831 24
6811 6861 272
6839 6882 215
6844 6884 44
6855 6864 45
6877 6920 281
6883 6916 285
6913 6935 10
6916 6919 75
6917 6943 280
6943 6968 80
6960 7009 196
6960 7001 269
6962 7000 203
6987 7001 125
6999 7025 161
7011 7041 99
7013 7047 236
7019 7043 228
7027 7028 168
7053 7063 273
7073 7090 222
7074 7100 96
7094 7142 295
7104 7134 145
7107 7154 39
7127 7149 232
7155 7197 139
7174 7188 79
7183 7229 79
7201 7213 247
7226 7272 231
7231 7236 38
7245 7258 138
7254 7303 106
7274 7324 186
7282 7312 45
7298 7321 48
7311 7346 25
7340 7384 73
7369 7402 22
7377 7389 5
7406 7414 229
7415 7427 264
7437 7469 126
