500
3 34 205
19 59 297
36 75 204
37 80 242
44 61 160
57 102 243
74 120 197
83 101 240
94 143 54
113 159 282
140 180 283
165 203 146
194 199 163
220 235 100
227 244 227
236 272 154
266 276 9
284 320 30
304 345 145
332 339 89
358 386 26
362 379 77
390 418 188
402 429 54
423 426 125
443 458 207
461 505 92
467 480 143
485 522 51
499 535 169
517 539 92
517 557 170
519 532 50
538 544 112
566 595 1
572 616 126
585 627 168
600 630 262
625 653 290
654 697 159
659 691 293
681 731 154
686 687 269
703 727 91
713 733 164
713 718 244
743 772 65
770 775 24
772 798 270
784 786 90
803 808 122
825 833 94
853 889 223
859 890 68
873 889 288
876 883 199
898 902 82
911 931 272
941 947 239
966 994 228
987 1003 278
1012 1048 17
1026 1040 144
1039 1082 260
1048 1096 219
1074 1109 88
1100 1149 18
1115 1132 217
1117 1131 101
1124 1173 64
1125 1163 247
1142 1182 243
1151 1157 159
1168 1201 42
1171 1203 185
1195 1230 264
1225 1264 43
1246 1295 134
1255 1268 165
1276 1279 168
1277 1293 17
1288 1306 198
1303 1344 185
1332 1382 242
1336 1348 88
1362 1393 1
1369 1373 296
1388 1393 97
1391 1419 146
1396 1426 170
1424 1430 232
1445 1469 6
1451 1492 216
1477 1500 203
1499 1506 201
1517 1537 296
1522 1557 17
1530 1550 35
1555 1578 37
1561 1607 268
1576 1583 218
1597 1606 109
1604 1626 285
1624 1630 245
1649 1653 292
1666 1697 236
1683 1687 9
1709 1716 67
1722 1734 57
1729 1745 117
1752 1762 151
1767 1813 6
1767 1784 239
1780 1801 129
1800 1847 171
1808 1843 243
1838 1844 81
1864 1878 127
1866 1888 217
1871 1905 111
1895 1897 276
1898 1922 293
1906 1915 39
1909 1916 75
1933 1961 113
1941 1982 4
1969 1973 60
1973 1991 159
1977 2004 120
2002 2033 146
2009 2018 81
2035 2055 20
2045 2088 204
2072 2120 99
2093 2133 54
2096 2126 102
2100 2135 240
2123 2163 26
2140 2181 114
2140 2190 119
2145 2158 28
2166 2192 195
2169 2193 288
2187 2199 5
2198 2242 298
2217 2264 12
2218 2247 119
2240 2244 297
2264 2309 230
2285 2286 116
2285 2295 66
2304 2352 56
2310 2315 250
2328 2341 72
2347 2384 199
2366 2413 94
2395 2429 210
2413 2443 67
2436 2444 12
2439 2470 255
2441 2470 282
2457 2467 279
2466 2480 22
2492 2528 118
2516 2546 18
2521 2568 101
2543 2563 287
2565 2574 156
2584 2634 298
2603 2616 273
2610 2615 277
2623 2629 118
2634 2645 251
2639 2655 261
2665 2688 124
2683 2686 51
2710 2730 20
2720 2726 237
2726 2740 51
2756 2803 65
2778 2798 156
2797 2798 10
2803 2841 100
2818 2851 240
2838 2844 219
2842 2850 33
2853 2880 88
2880 2926 172
2883 2928 147
2903 2927 88
2923 2946 66
2943 2956 268
2958 2990 281
2967 2992 164
2994 3002 109
3021 3029 220
3044 3068 95
3065 3101 74
3077 3105 147
3088 3096 285
3102 3112 132
3111 3142 290
3139 3155 238
3146 3152 142
3150 3194 274
3177 3208 63
3177 3178 115
3196 3210 74
3200 3205 60
3202 3242 25
3225 3263 264
3245 3261 161
3258 3305 88
3264 3271 270
3270 3287 183
3288 3296 44
3307 3323 259
3330 3341 198
3354 3386 58
3380 3415 81
3398 3442 10
3419 3421 21
3443 3483 178
3464 3502 152
3466 3500 12
3493 3502 89
3499 3549 219
3510 3525 82
3518 3530 251
3519 3550 227
3526 3533 153
3527 3547 248
3555 3586 264
3570 3580 278
3593 3603 276
3620 3641 200
3621 3623 59
3635 3678 235
3654 3696 180
3662 3669 154
3665 3698 19
3667 3711 270
3668 3684 5
3668 3708 6
3682 3715 94
3709 3725 130
3731 3738 14
3747 3776 261
3752 3771 48
3768 3778 156
3771 3776 82
3795 3817 153
3802 3843 58
3819 3863 39
3833 3850 260
3837 3865 40
3846 3888 207
3870 3909 17
3893 3920 287
3895 3920 6
3918 3934 144
3921 3922 215
3925 3952 269
3943 3956 10
3947 3986 225
3972 4018 286
3980 4017 33
3985 3994 3
3988 4002 95
3996 4015 4
4015 4041 16
4018 4061 71
4043 4081 108
4043 4088 228
4053 4092 98
4079 4119 274
4085 4126 9
4103 4108 74
4113 4160 206
4126 4134 286
4152 4159 83
4154 4192 149
4170 4175 271
4185 4235 171
4204 4205 232
4234 4277 231
4248 4263 183
4263 4287 158
4268 4275 45
4298 4333 35
4324 4353 40
4335 4351 25
4336 4339 255
4344 4370 10
4351 4357 181
4372 4409 53
4400 4441 235
4400 4427 279
4426 4461 164
4428 4455 221
4445 4451 153
4454 4493 199
4481 4519 68
4487 4518 252
4513 4515 281
4518 4538 191
4541 4565 199
4564 4584 183
4564 4573 22
4564 4569 136
4588 4621 226
4602 4643 114
4610 4657 64
4637 4646 257
4653 4699 34
4682 4723 114
4691 4735 6
4703 4746 40
4717 4750 134
4729 4766 282
4729 4778 219
4730 4731 76
4740 4790 216
4768 4792 17
4787 4800 273
4804 4852 203
4827 4848 296
4852 4885 46
4861 4907 247
4863 4889 258
4874 4916 145
4890 4940 10
4912 4937 209
4912 4938 34
4917 4926 146
4927 4935 215
4927 4952 150
4940 4985 231
4962 5006 278
4990 5028 45
5003 5014 162
5032 5079 223
5032 5065 119
5034 5075 291
5038 5070 234
5043 5089 72
5053 5093 275
5054 5067 11
5072 5078 182
5083 5086 81
5094 5103 126
5111 5133 80
5127 5144 34
5147 5159 259
5174 5203 209
5179 5195 295
5200 5237 20
5203 5223 278
5232 5246 112
5234 5256 108
5253 5271 61
5270 5312 11
5281 5328 242
5304 5344 65
5320 5322 103
5320 5355 79
5350 5381 206
5377 5398 198
5401 5428 102
5408 5458 82
5417 5420 7
5436 5483 1
5444 5450 206
5446 5486 35
5451 5466 29
5464 5497 69
5465 5496 96
5478 5513 98
5507 5534 279
5512 5514 22
5528 5567 144
5544 5560 143
5560 5570 65
5560 5596 157
5578 5587 177
5578 5586 139
5588 5627 167
5618 5624 204
5638 5653 297
5641 5684 129
5655 5681 209
5669 5719 192
5669 5695 77
5695 5717 191
5712 5736 3
5715 5764 19
5728 5757 172
5748 5755 194
5751 5792 64
5775 5800 149
5805 5848 107
5821 5836 261
5849 5854 10
5866 5875 282
5871 5908 17
5880 5902 216
5883 5913 191
5910 5949 197
5919 5947 178
5949 5997 254
5974 6017 249
6001 6044 173
6020 6042 54
6043 6044 278
6066 6091 14
6090 6107 24
6103 6143 77
6126 6169 194
6151 6154 13
6170 6195 129
6195 6224 180
6199 6218 289
6225 6233 42
6232 6265 279
6260 6272 121
6261 6274 149
6286 6334 91
6311 6334 132
6338 6351 289
6357 6367 186
6361 6408 213
6387 6435 174
6406 6436 192
6413 6422 143
6440 6451 298
6467 6516 212
6477 6485 226
6505 6522 289
6526 6540 50
6550 6582 119
6562 6595 296
6583 6626 214
6586 6600 208
6615 6657 146
6634 6653 299
6661 6670 121
6691 6737 73
6698 6723 1
6709 6750 16
6720 6724 249
6730 6770 263
6760 6784 41
6789 6791 16
6815 6822 17
6842 6847 189
6868 6874 186
6894 6900 154
6895 6914 174
6901 6904 270
6912 6935 296
6915 6942 280
6926 6932 63
6943 6947 28
6954 6979 195
6957 6982 253
6976 7008 259
7002 7011 25
7008 7043 143
7037 7042 180
7058 7065 299
7067 7078 230
7088 7090 239
7098 7122 247
7101 7139 160
7123 7165 189
7124 7140 250
7134 7146 149
7145 7147 146
7174 7176 279
7202 7252 271
7229 7277 168
7242 7274 254
7256 7301 106
7271 7318 228
7294 7335 148
7311 7345 134
7323 7336 81
7329 7356 29
7343 7390 8
7349 7369 72
7374 7393 84
7379 7402 278
7386 7396 54
7408 7447 58
7408 7410 102
7429 7473 158
7457 7464 104
7459 7505 32
7467 7491 269
7482 7498 287
