500
6 52 72
34 54 49
48 51 220
69 111 206
79 127 216
102 103 161
113 121 189
125 144 28
143 166 149
165 198 13
167 192 186
178 216 63
190 233 3
214 218 128
228 259 268
254 259 257
276 300 89
278 322 132
281 313 108
287 294 39
316 327 128
332 379 95
356 392 224
369 371 273
384 417 103
386 399 169
391 425 13
418 422 218
436 462 117
451 452 114
479 506 77
507 539 101
516 549 256
531 561 26
544 592 188
549 555 200
559 578 218
581 627 31
602 638 25
628 661 251
647 682 53
676 686 275
696 729 109
726 732 29
731 748 271
747 778 202
756 792 148
768 797 204
788 824 272
803 809 255
825 844 300
838 845 18
844 894 14
845 890 187
867 899 49
875 908 67
891 931 49
913 959 196
930 934 184
960 979 156
968 1018 15
971 998 64
979 986 122
985 991 193
1008 1013 185
1010 1015 211
1040 1077 7
1064 1069 3
1068 1099 65
1077 1102 253
1106 1135 190
1113 1153 277
1118 1154 22
1124 1159 293
1154 1162 209
1177 1219 180
1195 1198 244
1216 1236 73
1244 1283 188
1259 1279 91
1289 1327 101
1319 1324 75
1321 1338 237
1351 1396 74
1378 1424 19
1408 1453 288
1428 1446 96
1440 1446 96
1441 1476 62
1457 1474 43
1482 1501 103
1506 1512 68
1513 1555 25
1525 1542 277
1543 1586 260
1547 1553 56
1565 1581 221
1591 1611 109
1597 1635 212
1613 1653 241
1628 1675 185
1631 1659 72
1657 1680 69
1687 1716 43
1708 1734 249
1720 1740 230
1750 1760 70
1767 1798 63
1797 1823 185
1805 1821 10
1820 1830 244
1828 1840 215
1857 1875 170
1863 1894 177
1886 1936 49
1894 1944 291
1919 1955 131
1943 1955 152
1963 2002 217
1988 2025 133
1988 2015 55
2015 2040 226
2020 2065 154
2047 2065 136
2071 2098 15
2083 2125 118
2110 2134 138
2134 2136 25
2155 2185 154
2164 2207 176
2177 2214 140
2200 2203 31
2227 2232 139
2232 2262 65
2245 2246 142
2255 2265 93
2259 2289 287
2261 2276 209
2283 2316 90
2287 2300 239
2300 2344 3
2316 2338 252
2337 2387 93
2346 2359 293
2354 2393 49
2377 2427 75
2406 2427 296
2427 2461 5
2433 2463 20
2460 2473 101
2475 2494 85
2491 2524 232
2513 2543 98
2524 2530 99
2544 2567 35
2567 2610 271
2597 2639 277
2626 2656 41
2653 2679 233
2664 2682 242
2685 2702 44
2701 2711 87
2712 2756 110
2739 2783 268
2749 2792 191
2757 2762 5
2770 2791 290
2787 2798 134
2808 2824 119
2819 2867 18
2826 2830 63
2847 2859 220
2855 2904 248
2883 2919 274
2909 2940 277
2925 2930 192
2935 2975 44
2945 2982 178
2965 2996 132
2994 3035 79
3015 3064 160
3023 3068 118
3024 3046 224
3029 3065 232
3034 3045 219
3060 3095 290
3070 3107 248
3070 3072 129
3071 3116 89
3085 3111 27
3104 3138 258
3118 3139 111
3131 3136 95
3140 3167 40
3144 3171 135
3145 3192 187
3165 3187 51
3189 3226 297
3191 3212 43
3209 3216 74
3233 3275 266
3250 3287 260
3277 3324 291
3277 3285 7
3278 3289 254
3278 3308 92
3291 3341 287
3308 3342 257
3328 3334 299
3356 3405 13
3384 3419 66
3386 3388 181
3403 3423 272
3417 3445 164
3434 3449 229
3460 3491 6
3477 3517 191
3487 3520 130
3512 3540 214
3516 3536 163
3538 3542 116
3563 3567 132
3567 3588 93
3596 3632 187
3602 3632 192
3610 3639 145
3630 3668 139
3639 3663 217
3660 3683 117
3668 3699 206
3680 3683 11
3696 3713 187
3713 3718 186
3731 3767 78
3753 3760 139
3759 3797 56
3768 3771 241
3794 3822 150
3819 3841 194
3847 3858 248
3869 3875 73
3882 3921 47
3911 3940 117
3934 3972 112
3951 3964 75
3976 4004 90
3992 4016 65
4004 4040 258
4027 4054 62
4033 4054 122
4059 4086 225
4060 4084 227
4073 4096 70
4088 4123 270
4101 4120 64
4110 4114 255
4126 4128 263
4140 4160 259
4161 4166 144
4174 4198 198
4185 4227 36
4189 4220 3
4199 4229 149
4200 4215 259
4220 4243 255
4222 4259 24
4226 4245 222
4250 4289 35
4250 4283 45
4260 4274 81
4267 4299 251
4293 4304 181
4322 4370 40
4335 4355 174
4335 4369 3
4342 4355 35
4350 4351 111
4372 4387 205
4390 4420 95
4391 4413 111
4418 4452 52
4436 4446 71
4436 4482 184
4458 4467 270
4466 4501 213
4468 4502 26
4498 4538 278
4505 4531 212
4519 4548 115
4529 4530 282
4535 4557 247
4548 4592 181
4564 4576 47
4576 4608 113
4577 4601 19
4605 4609 112
4606 4628 195
4616 4633 126
4621 4669 281
4624 4657 68
4641 4688 251
4643 4652 66
4643 4668 221
4648 4681 298
4654 4680 127
4662 4699 153
4669 4699 163
4677 4721 263
4686 4733 261
4690 4726 189
4692 4712 181
4692 4710 252
4693 4696 64
4718 4734 47
4732 4739 76
4738 4782 192
4747 4797 136
4754 4767 286
4765 4811 102
4782 4831 50
4788 4811 26
4814 4818 185
4833 4837 111
4858 4874 200
4882 4901 119
4906 4912 280
4916 4929 43
4944 4957 271
4966 4989 137
4995 5027 179
5010 5044 161
5036 5062 189
5041 5052 295
5071 5074 278
5094 5113 189
5107 5121 129
5115 5159 168
5118 5147 125
5121 5142 295
5140 5182 273
5145 5176 295
5147 5194 208
5167 5176 288
5196 5197 268
5198 5244 232
5209 5235 150
5238 5276 19
5262 5281 227
5278 5311 161
5294 5330 151
5301 5317 276
5308 5350 138
5320 5363 16
5345 5365 225
5361 5390 130
5364 5411 246
5381 5405 19
5409 5442 286
5432 5444 6
5447 5477 27
5475 5511 225
5492 5499 164
5494 5536 43
5501 5528 181
5522 5559 219
5532 5543 159
5552 5581 206
5554 5582 139
5567 5600 113
5587 5630 138
5600 5613 201
5629 5637 163
5634 5663 70
5648 5679 212
5660 5681 241
5671 5710 213
5700 5705 196
5725 5753 146
5729 5746 152
5743 5754 19
5745 5790 98
5753 5798 125
5761 5773 147
5781 5789 57
5802 5828 158
5825 5847 32
5841 5872 52
5853 5855 183
5883 5922 265
5889 5933 290
5891 5928 164
5920 5963 43
5931 5959 120
5943 5974 206
5972 5999 8
5994 6003 252
5994 6021 106
6009 6015 114
6039 6088 108
6068 6107 27
6081 6101 227
6087 6100 89
6102 6151 111
6131 6164 121
6155 6179 285
6170 6172 239
6182 6190 96
6212 6245 148
6231 6246 191
6235 6245 207
6255 6267 78
6260 6279 25
6262 6308 297
6292 6312 64
6294 6298 142
6296 6316 191
6302 6316 85
6331 6349 161
6331 6373 292
6347 6350 219
6374 6394 226
6402 6406 253
6427 6434 47
6451 6473 299
6478 6494 249
6492 6514 146
6497 6522 248
6499 6548 19
6511 6546 180
6511 6549 147
6539 6573 192
6564 6574 169
6573 6576 289
6577 6611 90
6600 6614 167
6603 6614 101
6603 6626 152
6611 6657 283
6621 6629 32
6629 6633 128
6637 6647 247
6641 6666 290
6657 6671 127
6659 6672 276
6668 6702 284
6693 6732 221
6719 6728 34
6734 6778 100
6742 6756 226
6758 6778 217
6784 6798 19
6813 6850 17
6832 6833 242
6849 6858 143
6852 6894 252
6879 6901 100
6901 6922 204
6911 6917 163
6920 6949 135
6924 6929 221
6953 6991 97
6976 7026 296
6996 7031 10
7015 7039 177
7036 7063 233
7040 7060 224
7061 7066 229
7067 7116 27
7069 7094 61
7078 7091 70
7078 7111 152
7094 7096 53
7097 7141 165
7118 7152 232
7131 7170 40
7146 7166 258
7173 7195 268
7177 7178 183
7192 7227 157
7199 7244 112
7228 7258 180
7232 7274 115
7256 7273 221
7266 7273 200
7294 7297 236
7317 7367 64
7329 7362 249
7354 7401 152
7370 7391 113
7381 7408 124
7389 7413 215
7409 7427 275
7437 7460 83
7463 7485 258
7493 7541 241
7508 7541 162
7516 7540 133
7545 7583 71
7554 7586 30
7556 7560 264
