500
14 46 197
15 43 264
22 26 178
43 47 222
56 82 51
59 97 46
78 119 33
106 152 284
119 133 12
124 141 298
127 142 59
157 159 180
164 203 135
192 217 56
206 229 215
217 231 34
222 255 223
230 269 18
233 266 235
242 270 165
253 265 10
268 312 27
275 294 74
288 333 260
306 335 44
328 359 107
339 386 124
362 377 92
363 389 237
389 416 22
404 423 261
429 430 74
453 467 270
457 488 21
474 488 173
481 510 287
491 500 267
497 518 26
520 566 199
550 575 47
555 557 68
567 592 90
593 638 255
621 637 251
640 671 290
665 693 167
682 724 22
702 741 29
707 723 234
724 743 61
725 749 97
745 747 87
751 800 173
759 765 220
779 808 187
809 824 251
834 856 156
854 899 224
858 876 154
871 913 297
886 903 149
907 957 197
934 950 98
953 1000 258
983 997 188
1002 1011 250
1004 1019 54
1010 1036 152
1035 1070 11
1060 1062 225
1084 1109 292
1106 1114 70
1133 1143 20
1141 1151 56
1159 1208 168
1180 1186 213
1189 1227 291
1206 1247 97
1234 1248 199
1238 1269 287
1256 1276 183
1278 1304 59
1297 1339 219
1319 1323 41
1322 1331 108
1325 1362 143
1326 1353 275
1336 1351 268
1362 1398 212
1362 1402 173
1388 1408 221
1402 1441 224
1419 1448 239
1437 1464 119
1460 1479 67
1478 1510 200
1501 1537 200
1518 1529 176
1518 1525 244
1530 1551 293
1553 1598 184
1558 1607 133
1576 1601 30
1579 1629 235
1595 1617 289
1600 1622 102
1600 1612 94
1601 1606 33
1614 1628 17
1628 1643 202
1635 1651 9
1653 1665 137
1661 1683 95
1679 1726 241
1700 1747 254
1709 1713 280
1717 1743 38
1744 1762 131
1766 1793 13
1768 1794 16
1771 1787 169
1777 1827 244
1787 1794 160
1788 1836 41
1790 1832 95
1800 1802 185
1801 1817 245
1825 1871 286
1842 1850 239
1851 1883 226
1856 1880 247
1881 1899 270
1891 1897 115
1912 1941 244
1932 1976 33
1932 1944 146
1938 1942 92
1949 1992 151
1967 1981 25
1967 1976 55
1987 2033 185
1993 2008 152
2020 2049 104
2027 2061 99
2046 2053 242
2068 2102 53
2077 2108 262
2096 2119 241
2096 2105 118
2113 2118 236
2129 2145 133
2131 2174 298
2135 2144 237
2142 2157 68
2169 2173 34
2179 2199 209
2187 2231 197
2210 2223 116
2217 2229 281
2232 2259 80
2234 2257 204
2238 2275 29
2264 2268 282
2290 2310 46
2318 2341 189
2321 2354 185
2340 2351 202
2356 2401 127
2380 2406 250
2387 2396 125
2408 2441 181
2437 2449 256
2462 2472 205
2491 2502 230
2507 2512 87
2536 2579 168
2562 2602 200
2585 2614 226
2609 2637 92
2617 2630 260
2638 2651 300
2651 2654 243
2667 2709 277
2671 2687 89
2680 2688 297
2701 2728 277
2710 2735 103
2732 2742 6
2757 2787 42
2761 2786 242
2790 2810 25
2796 2815 154
2815 2827 106
2836 2861 274
2854 2882 52
2859 2902 128
2873 2892 90
2897 2902 75
2912 2955 127
2942 2991 150
2950 2990 235
2971 2982 226
2989 3018 69
3015 3062 145
3032 3054 66
3042 3074 14
3068 3081 258
3081 3094 5
3110 3138 200
3133 3172 12
3142 3143 209
3160 3194 54
3188 3235 260
3214 3260 56
3243 3244 245
3244 3286 289
3248 3290 266
3273 3310 144
3275 3285 134
3288 3313 190
3289 3315 238
3293 3299 194
3313 3343 223
3322 3346 56
3351 3392 157
3359 3384 255
3366 3377 120
3385 3407 230
3405 3431 68
3413 3455 218
3443 3490 38
3444 3471 251
3466 3475 138
3473 3477 161
3498 3499 102
3511 3540 137
3540 3586 217
3565 3604 31
3574 3582 81
3578 3614 38
3606 3620 268
3613 3651 222
3619 3642 39
3643 3676 208
3662 3663 232
3669 3679 216
3698 3713 233
3709 3733 300
3723 3732 51
3743 3744 110
3773 3774 189
3784 3794 144
3806 3840 236
3835 3839 264
3865 3896 159
3878 3899 150
3901 3925 135
3928 3932 78
3939 3956 106
3941 3974 111
3970 4015 268
3983 4025 57
3997 4011 261
4015 4054 132
4036 4067 35
4059 4071 292
4067 4068 40
4088 4135 250
4108 4119 24
4120 4128 120
4134 4177 28
4134 4180 135
4136 4148 13
4147 4192 300
4153 4187 208
4176 4217 288
4191 4213 179
4219 4241 154
4234 4254 144
4250 4271 66
4271 4285 272
4277 4312 133
4280 4297 170
4286 4307 89
4286 4313 162
4300 4339 39
4320 4349 272
4320 4364 290
4330 4351 275
4336 4368 141
4351 4373 267
4358 4372 9
4358 4391 139
4380 4428 112
4399 4448 19
4415 4424 157
4420 4462 15
4434 4437 292
4456 4495 118
4478 4514 72
4491 4493 211
4503 4525 247
4504 4529 41
4513 4534 298
4522 4558 145
4551 4592 285
4573 4582 203
4577 4580 272
4600 4604 194
4610 4618 51
4619 4642 197
4627 4655 234
4645 4670 271
4649 4685 141
4659 4678 245
4678 4691 150
4691 4716 164
4698 4732 55
4720 4768 148
4730 4742 137
4759 4799 241
4771 4791 20
4779 4827 209
4799 4838 162
4812 4838 23
4832 4870 24
4846 4893 163
4868 4904 282
4887 4929 289
4910 4953 205
4935 4941 162
4942 4984 276
4961 4963 117
4972 5022 136
4974 4978 141
4988 4992 212
5006 5046 153
5018 5020 283
5042 5079 239
5061 5065 240
5090 5116 290
5111 5149 90
5113 5115 257
5135 5164 67
5144 5169 5
5154 5196 16
5182 5190 65
5192 5203 295
5206 5228 278
5222 5247 81
5231 5246 120
5258 5306 109
5284 5304 180
5301 5339 245
5329 5335 138
5347 5365 48
5348 5362 192
5366 5382 165
5368 5380 104
5394 5440 243
5424 5428 177
5425 5443 207
5437 5466 175
5447 5477 252
5452 5479 223
5481 5506 187
5506 5529 33
5516 5547 74
5525 5547 186
5530 5543 157
5546 5577 237
5553 5588 33
5575 5578 193
5590 5632 234
5613 5643 300
5623 5644 169
5623 5624 264
5651 5655 33
5681 5725 44
5700 5701 165
5729 5768 187
5730 5748 18
5750 5785 114
5758 5768 61
5770 5795 238
5793 5800 294
5809 5813 93
5810 5845 179
5823 5836 84
5844 5882 118
5849 5886 205
5876 5910 227
5893 5902 220
5896 5902 217
5926 5928 228
5927 5934 77
5937 5964 60
5940 5973 237
5946 5957 1
5952 5999 141
5959 5960 63
5962 5998 153
5991 6003 176
6001 6043 125
6012 6031 255
6041 6073 226
6070 6082 202
6075 6122 35
6089 6114 207
6118 6149 293
6120 6168 135
6128 6139 128
6147 6184 24
6171 6194 127
6171 6193 218
6192 6226 85
6199 6214 173
6202 6218 20
6225 6264 64
6252 6276 88
6265 6304 95
6273 6320 224
6281 6298 120
6304 6340 278
6313 6323 190
6315 6365 21
6344 6370 193
6366 6410 214
6377 6401 216
6385 6409 215
6411 6435 70
6415 6426 10
6426 6445 235
6435 6446 142
6437 6463 296
6446 6464 296
6452 6467 249
6464 6473 155
6493 6510 100
6522 6564 118
6547 6564 277
6571 6582 1
6591 6636 234
6615 6646 103
6643 6673 31
6661 6699 81
6670 6708 148
6683 6711 124
6684 6696 120
6697 6742 278
6716 6749 21
6724 6743 120
6753 6757 204
6760 6766 236
6786 6820 101
6806 6847 72
6809 6837 286
6837 6873 9
6848 6874 263
6869 6883 82
6894 6924 81
6894 6901 225
6909 6946 299
6930 6945 290
6948 6958 218
6972 7018 288
6985 7004 13
7000 7035 101
7005 7045 213
7032 7057 199
7035 7050 243
7037 7053 36
7040 7057 287
7055 7068 212
7066 7077 242
7071 7105 7
7074 7098 62
7087 7130 1
7096 7107 114
7107 7123 3
7117 7136 70
7143 7157 223
7172 7222 262
7173 7184 299
7183 7214 257
7202 7232 11
7232 7259 261
7237 7272 245
7251 7260 180
7264 7269 154
7284 7300 7
7313 7329 286
7339 7360 256
7348 7378 31
7374 7392 67
7404 7427 106
7433 7439 177
7437 7471 29
7457 7459 213
7463 7484 199
