500
17 25 150
28 50 204
58 105 125
88 116 250
96 106 69
119 131 191
137 178 188
144 150 141
174 200 34
199 207 273
224 271 215
227 254 261
242 260 60
244 282 206
250 255 40
256 297 102
282 297 7
311 345 131
341 354 102
360 365 250
363 387 251
376 417 298
404 441 155
407 454 209
419 462 190
422 459 94
427 466 276
427 477 17
454 473 156
478 516 149
506 551 169
506 530 174
524 538 284
531 564 82
538 548 177
558 559 29
578 580 197
589 637 96
596 635 250
624 642 204
630 644 210
646 650 233
648 694 141
669 692 123
690 726 174
705 716 284
719 769 122
729 776 173
745 752 242
767 807 245
778 819 176
786 824 224
810 839 142
810 819 112
821 849 36
821 834 10
836 861 17
856 883 6
884 908 93
912 925 136
918 958 281
938 954 193
951 965 192
971 976 277
995 1043 175
1005 1031 170
1011 1042 50
1030 1042 300
1044 1066 53
1052 1091 186
1080 1126 250
1080 1113 151
1080 1109 36
1095 1143 282
1120 1150 271
1146 1153 239
1155 1176 26
1155 1197 227
1163 1209 56
1181 1221 205
1187 1228 18
1217 1227 14
1233 1271 167
1248 1275 129
1278 1305 214
1279 1303 73
1309 1359 222
1330 1380 3
1344 1387 257
1363 1401 21
1370 1420 51
1380 1419 117
1408 1446 104
1438 1464 203
1440 1480 137
1461 1467 106
1473 1497 34
1489 1504 89
1492 1509 267
1514 1529 126
1529 1579 217
1559 1566 165
1566 1578 153
1585 1591 32
1602 1622 11
1616 1656 201
1622 1640 206
1637 1657 264
1640 1676 133
1643 1671 131
1660 1702 158
1668 1717 127
1692 1709 1
1696 1717 283
1702 1713 206
1708 1710 131
1715 1741 233
1732 1769 31
1735 1743 248
1760 1806 273
1772 1820 246
1801 1814 58
1825 1845 236
1837 1886 203
1837 1880 94
1867 1882 77
1897 1934 288
1913 1954 287
1938 1940 67
1961 1999 62
1979 2017 58
2008 2027 235
2021 2025 105
2044 2075 103
2054 2061 106
2054 2096 289
2084 2094 169
2099 2117 219
2123 2165 58
2147 2189 218
2177 2212 33
2184 2206 220
2202 2235 72
2210 2250 195
2213 2248 247
2232 2238 261
2248 2283 129
2262 2311 46
2289 2292 238
2292 2303 18
2296 2306 16
2309 2315 274
2326 2369 240
2329 2360 253
2329 2337 219
2357 2402 5
2385 2419 246
2406 2411 136
2425 2433 64
2435 2471 2
2446 2461 143
2450 2468 93
2468 2506 3
2480 2522 235
2504 2529 12
2513 2541 123
2527 2575 300
2551 2582 253
2566 2608 54
2568 2603 121
2587 2594 20
2614 2658 263
2637 2678 123
2667 2704 77
2679 2698 223
2687 2703 289
2690 2727 245
2713 2721 200
2726 2772 177
2730 2778 111
2731 2764 46
2735 2780 280
2748 2778 266
2776 2824 118
2787 2837 52
2807 2842 295
2817 2865 260
2820 2833 106
2820 2842 278
2830 2875 269
2845 2846 43
2858 2861 223
2867 2907 53
2885 2921 141
2908 2951 130
2925 2974 278
2945 2993 67
2957 2963 35
2978 3002 203
2987 3024 222
3017 3035 79
3040 3041 234
3057 3073 157
3086 3110 194
3104 3139 299
3128 3145 95
3141 3142 259
3157 3165 237
3160 3199 145
3162 3194 136
3175 3181 98
3185 3210 166
3196 3216 271
3204 3206 185
3204 3253 267
3232 3248 21
3246 3253 193
3247 3285 50
3273 3312 172
3285 3307 50
3295 3314 47
3315 3358 8
3322 3353 226
3344 3355 230
3368 3389 41
3379 3393 4
3401 3428 51
3422 3437 18
3444 3487 157
3457 3482 24
3457 3468 260
3481 3520 102
3491 3493 175
3494 3538 123
3508 3528 108
3522 3534 4
3527 3548 178
3542 3582 189
3567 3599 99
3576 3583 2
3599 3601 123
3623 3660 291
3633 3677 41
3655 3680 25
3669 3680 250
3678 3697 200
3704 3734 14
3713 3751 63
3719 3743 111
3732 3764 124
3751 3753 185
3760 3775 34
3761 3765 167
3769 3794 183
3785 3834 211
3805 3832 80
3809 3847 237
3833 3881 47
3858 3887 84
3859 3869 21
3887 3931 103
3896 3906 257
3914 3944 30
3931 3966 7
3943 3984 169
3962 3995 262
3971 3981 296
3995 4022 62
4003 4050 50
4033 4058 63
4055 4073 38
4066 4082 69
4089 4112 177
4093 4123 11
4097 4145 33
4110 4133 278
4120 4149 149
4145 4176 284
4155 4172 3
4185 4217 21
4200 4210 299
4206 4224 29
4208 4257 167
4215 4245 7
4221 4242 56
4229 4257 134
4231 4244 86
4232 4277 177
4249 4253 189
4268 4315 19
4289 4290 154
4292 4295 182
4315 4328 251
4344 4385 258
4364 4377 247
4381 4393 98
4392 4403 25
4416 4446 266
4443 4452 70
4473 4518 286
4480 4507 20
4506 4547 112
4521 4532 271
4523 4566 118
4535 4547 95
4546 4563 197
4548 4581 170
4554 4601 219
4583 4617 35
4586 4593 69
4600 4630 189
4622 4625 286
4647 4681 74
4671 4706 104
4679 4704 39
4689 4726 109
4696 4725 6
4721 4755 288
4735 4743 284
4746 4796 288
4757 4807 46
4769 4815 45
4788 4838 78
4809 4854 265
4824 4850 94
4850 4898 87
4852 4895 218
4859 4904 15
4869 4903 46
4883 4904 208
4911 4937 293
4927 4965 22
4927 4930 145
4957 4968 98
4985 5015 156
5001 5042 180
5028 5068 181
5036 5052 107
5063 5064 173
5090 5116 7
5116 5124 118
5117 5129 50
5145 5183 250
5168 5214 108
5197 5224 219
5220 5265 262
5226 5242 279
5246 5255 252
5270 5282 95
5281 5305 78
5291 5332 153
5313 5346 213
5342 5392 207
5368 5417 148
5377 5419 150
5391 5429 175
5393 5431 82
5406 5429 122
5436 5483 127
5447 5485 19
5468 5514 214
5495 5513 80
5510 5526 167
5516 5564 80
5531 5563 179
5550 5558 82
5556 5588 234
5583 5591 136
5597 5617 262
5615 5651 55
5638 5683 181
5640 5677 295
5652 5686 49
5671 5673 51
5674 5708 69
5676 5713 4
5680 5725 293
5692 5739 152
5713 5735 157
5733 5770 121
5745 5786 140
5769 5813 201
5788 5797 196
5804 5838 55
5806 5822 15
5816 5819 6
5840 5882 155
5850 5876 108
5873 5874 142
5879 5887 46
5909 5932 152
5916 5957 260
5931 5971 104
5947 5982 224
5947 5972 228
5950 5952 1
5966 5981 130
5996 6042 229
6012 6053 185
6020 6033 27
6027 6042 257
6035 6060 113
6040 6062 63
6041 6065 131
6046 6096 94
6056 6102 136
6081 6115 265
6109 6117 150
6120 6167 41
6121 6169 137
6141 6158 248
6165 6186 25
6175 6224 200
6175 6210 248
6201 6233 108
6231 6241 283
6239 6250 117
6254 6257 242
6259 6263 205
6285 6290 197
6298 6334 214
6321 6326 94
6349 6388 44
6355 6365 158
6370 6412 157
6397 6433 31
6402 6432 97
6407 6454 224
6423 6462 139
6443 6462 204
6453 6460 202
6460 6497 282
6485 6494 184
6510 6536 211
6516 6549 227
6533 6578 203
6539 6589 267
6557 6593 124
6581 6621 11
6608 6622 265
6615 6642 90
6630 6651 158
6634 6675 78
6635 6683 38
6663 6668 119
6681 6684 151
6704 6751 68
6709 6743 148
6722 6738 186
6725 6750 92
6735 6783 17
6759 6776 295
6779 6801 193
6787 6833 58
6803 6822 126
6831 6871 139
6843 6876 64
6866 6888 115
6882 6903 207
6912 6932 4
6938 6969 110
6950 6994 4
6962 6994 184
6986 7002 19
7010 7040 88
7019 7026 208
7022 7070 94
7047 7073 132
7075 7078 223
7083 7129 78
7110 7152 204
7119 7129 208
7148 7176 121
7177 7183 50
7198 7222 277
7203 7225 59
7221 7239 69
7251 7257 99
7274 7295 245
7302 7308 89
7303 7316 38
7314 7349 222
7343 7385 154
7343 7352 19
7362 7388 279
7387 7401 131
7391 7413 24
7418 7451 215
7427 7429 199
7448 7470 231
7469 7500 149
7488 7497 53
7508 7515 11
7537 7548 210
7565 7578 293
7592 7629 275
7593 7628 204
7599 7627 87
7622 7642 163
7641 7643 109
