500
20 53 253
29 39 10
33 76 165
61 71 80
91 126 194
114 141 25
122 162 188
142 179 131
165 185 129
194 203 26
204 212 245
204 236 109
213 260 46
242 267 53
243 244 296
254 302 65
278 323 256
301 321 94
321 360 296
348 384 33
355 367 298
359 402 9
379 382 170
400 421 8
419 424 202
428 444 227
439 441 223
443 486 133
446 463 140
446 483 263
466 483 88
473 504 274
486 498 89
504 527 103
522 568 108
550 569 183
560 586 124
572 608 275
601 635 296
629 647 223
632 676 63
661 674 148
670 715 149
678 727 219
690 707 194
719 769 12
743 777 39
756 797 24
777 795 173
804 844 92
827 844 17
846 857 111
857 870 203
863 902 2
877 927 74
884 930 264
902 949 30
913 924 67
940 954 195
965 976 219
981 1017 175
991 1012 247
993 997 19
1015 1036 146
1021 1060 14
1031 1076 10
1052 1054 179
1059 1079 62
1072 1088 32
1093 1136 276
1107 1134 231
1133 1167 65
1147 1189 126
1149 1191 233
1167 1169 101
1175 1213 235
1204 1245 182
1206 1212 116
1223 1271 48
1243 1272 105
1260 1300 59
1264 1273 221
1290 1332 261
1298 1299 216
1327 1352 65
1329 1365 223
1345 1355 68
1367 1408 251
1394 1420 246
1400 1401 138
1407 1412 128
1430 1435 117
1459 1462 137
1460 1483 171
1468 1505 220
1475 1483 76
1481 1490 257
1510 1524 267
1515 1528 166
1544 1582 258
1545 1548 7
1559 1587 222
1561 1574 120
1569 1572 240
1574 1619 49
1599 1619 37
1604 1640 269
1634 1659 9
1639 1657 223
1659 1704 44
1678 1710 91
1682 1725 26
1694 1722 291
1711 1722 240
1723 1771 157
1750 1797 194
1773 1784 173
1803 1816 77
1816 1852 23
1842 1870 293
1856 1863 78
1881 1908 160
1895 1925 135
1902 1945 172
1932 1961 118
1945 1948 279
1946 1964 113
1959 1971 181
1972 1988 215
1984 2011 111
1987 1993 73
2016 2039 162
2017 2024 165
2021 2049 96
2030 2042 195
2038 2067 150
2049 2084 182
2064 2071 70
2082 2090 117
2088 2104 160
2109 2122 248
2114 2152 140
2141 2146 80
2161 2182 18
2169 2180 234
2190 2202 120
2218 2220 106
2226 2262 147
2230 2279 168
2243 2282 32
2261 2269 259
2272 2321 235
2299 2331 59
2315 2339 79
2345 2391 212
2358 2386 12
2361 2388 31
2385 2389 279
2404 2441 257
2424 2451 290
2441 2467 23
2470 2519 35
2473 2503 263
2485 2498 16
2497 2534 186
2507 2543 129
2516 2531 192
2526 2539 84
2543 2574 263
2547 2556 172
2559 2573 192
2571 2618 277
2600 2613 195
2622 2662 148
2646 2692 106
2663 2697 146
2677 2687 229
2703 2732 77
2725 2743 290
2738 2768 241
2749 2797 206
2772 2785 91
2791 2822 118
2793 2838 147
2795 2814 67
2796 2799 259
2816 2851 42
2818 2833 295
2839 2842 39
2868 2889 214
2869 2870 28
2890 2896 37
2910 2953 193
2913 2933 52
2924 2935 126
2954 2987 166
2968 3002 139
2969 2990 62
2999 3009 4
3029 3069 15
3030 3058 246
3042 3058 92
3064 3114 64
3066 3113 230
3074 3121 232
3085 3116 164
3091 3102 269
3091 3122 272
3115 3159 91
3137 3150 167
3152 3162 282
3167 3205 40
3167 3199 21
3169 3209 294
3188 3234 43
3214 3242 200
3222 3239 277
3224 3257 182
3233 3253 176
3233 3234 194
3263 3295 94
3287 3299 147
3289 3294 109
3305 3322 20
3325 3337 154
3327 3355 108
3328 3373 286
3358 3373 22
3377 3408 268
3396 3408 281
3408 3429 242
3414 3455 10
3431 3460 298
3459 3467 199
3473 3516 36
3489 3531 17
3500 3529 199
3511 3522 282
3540 3566 263
3557 3600 42
3575 3606 64
3597 3623 100
3614 3635 210
3638 3659 165
3648 3686 285
3650 3687 277
3661 3699 149
3670 3701 79
3680 3730 24
3687 3694 82
3717 3732 90
3728 3734 23
3743 3774 125
3765 3783 188
3767 3785 85
3793 3794 143
3812 3836 208
3822 3826 145
3832 3856 93
3840 3880 77
3850 3851 86
3866 3901 100
3871 3902 150
3873 3886 51
3886 3929 98
3906 3922 150
3915 3929 25
3936 3950 215
3942 3977 206
3967 4003 35
3981 4021 245
3997 4044 54
4004 4026 117
4008 4022 2
4031 4074 4
4042 4051 288
4043 4061 46
4047 4091 81
4058 4089 125
4071 4096 69
4090 4092 263
4098 4120 217
4115 4151 77
4130 4161 255
4156 4194 130
4185 4210 133
4205 4235 174
4206 4247 153
4226 4252 16
4252 4277 83
4256 4258 223
4269 4316 87
4295 4323 106
4323 4328 189
4328 4367 21
4355 4382 239
4365 4379 282
4371 4403 71
4379 4405 177
4393 4425 210
4422 4437 166
4425 4455 82
4426 4447 191
4446 4455 265
4462 4496 152
4462 4474 50
4476 4489 107
4491 4515 200
4514 4539 189
4535 4576 260
4550 4567 111
4553 4562 214
4580 4592 245
4589 4597 37
4618 4649 130
4637 4665 282
4654 4704 37
4678 4719 244
4682 4702 288
4699 4719 187
4710 4741 206
4716 4757 153
4737 4768 51
4752 4794 108
4767 4779 12
4784 4795 83
4792 4805 184
4799 4806 157
4828 4858 251
4828 4852 45
4843 4882 256
4868 4899 147
4892 4933 300
4912 4945 9
4938 4943 66
4955 4990 180
4984 5003 229
5014 5016 75
5015 5021 136
5038 5054 131
5060 5092 66
5062 5080 156
5072 5119 225
5092 5093 80
5100 5118 275
5115 5116 231
5131 5167 175
5158 5183 224
5159 5180 46
5160 5188 44
5163 5212 112
5186 5192 193
5194 5243 14
5220 5231 4
5230 5261 2
5257 5259 106
5264 5265 293
5294 5324 229
5319 5369 25
5340 5353 71
5341 5361 13
5342 5372 13
5369 5416 188
5382 5418 3
5387 5404 75
5414 5420 114
5416 5429 148
5429 5449 252
5444 5478 42
5448 5451 246
5448 5473 12
5448 5459 201
5475 5496 59
5488 5528 255
5496 5535 258
5502 5504 170
5522 5570 213
5539 5563 163
5539 5554 72
5563 5593 102
5570 5595 24
5598 5638 268
5599 5606 296
5615 5645 195
5640 5648 43
5661 5700 223
5681 5713 73
5688 5732 299
5701 5744 191
5729 5739 264
5731 5738 265
5737 5753 285
5744 5766 21
5757 5798 202
5767 5796 20
5797 5830 116
5799 5818 297
5808 5834 14
5837 5862 177
5863 5908 148
5870 5901 176
5884 5895 208
5893 5936 255
5900 5920 52
5921 5961 178
5927 5944 218
5934 5978 257
5957 5963 35
5959 5980 198
5984 6024 131
5989 6010 141
6014 6042 88
6014 6064 1
6029 6035 182
6030 6077 140
6057 6096 2
6074 6098 219
6092 6134 225
6096 6135 255
6122 6127 290
6125 6161 51
6146 6176 234
6152 6198 251
6159 6202 193
6183 6220 236
6212 6214 166
6222 6233 235
6228 6253 290
6242 6292 263
6264 6289 274
6272 6322 273
6275 6322 46
6293 6319 277
6309 6336 7
6321 6338 49
6346 6351 232
6359 6389 130
6371 6416 76
6394 6443 210
6422 6463 144
6433 6441 199
6445 6463 59
6461 6503 211
6485 6494 217
6487 6514 226
6505 6511 72
6528 6534 19
6552 6570 254
6579 6583 186
6600 6644 157
6623 6628 86
6633 6652 118
6658 6684 118
6685 6709 83
6704 6715 3
6733 6771 162
6740 6767 286
6761 6780 291
6780 6827 199
6804 6830 199
6830 6872 232
6856 6868 100
6872 6899 112
6891 6929 70
6895 6938 231
6918 6960 194
6927 6933 250
6951 6986 226
6978 7028 234
6988 6992 6
7005 7032 196
7024 7057 20
7024 7032 147
7029 7049 88
7032 7065 121
7053 7088 259
7059 7067 32
7076 7126 41
7090 7108 80
7098 7110 194
7102 7108 45
7128 7129 21
7150 7182 109
7162 7172 9
7176 7210 12
7180 7224 106
7196 7238 216
7222 7261 70
7237 7262 212
7261 7271 244
7268 7298 209
7289 7298 213
7292 7297 134
7292 7342 193
7317 7348 82
7342 7386 271
7353 7361 48
7363 7413 31
7393 7417 192
7395 7439 178
