500
4 52 275
21 71 36
25 53 167
31 36 59
46 66 27
54 72 212
55 59 138
63 66 206
65 72 156
90 120 176
90 97 196
94 137 106
94 126 64
106 126 134
114 154 288
118 121 218
121 156 218
148 150 152
173 202 180
176 218 141
204 235 258
230 243 276
251 256 106
268 275 18
293 341 189
299 322 235
308 348 84
316 345 13
334 351 156
353 395 241
360 405 107
378 381 215
401 402 94
407 440 74
427 450 189
442 476 274
445 450 218
461 505 298
478 485 133
508 543 225
526 546 34
530 557 110
550 574 109
568 596 194
570 614 244
592 625 162
595 618 172
616 648 293
638 640 185
643 647 206
644 678 245
644 679 221
671 695 212
672 715 223
679 714 257
684 693 143
704 749 280
710 721 251
732 734 238
752 767 142
765 807 202
774 798 125
789 797 264
806 808 145
825 868 175
840 856 39
853 898 16
882 912 128
908 950 111
936 947 38
947 962 151
953 989 12
982 1001 16
992 1002 156
1011 1030 189
1016 1037 134
1029 1077 40
1043 1093 28
1064 1090 33
1093 1102 226
1093 1141 125
1111 1148 202
1140 1142 102
1147 1181 87
1157 1176 192
1158 1184 201
1161 1171 122
1184 1228 20
1188 1191 117
1199 1226 291
1214 1259 298
1228 1253 119
1235 1271 102
1237 1252 169
1258 1288 221
1286 1308 235
1298 1329 111
1304 1309 222
1317 1358 174
1339 1360 95
1343 1385 21
1347 1384 261
1373 1387 75
1403 1451 279
1426 1427 190
1442 1447 75
1458 1489 190
1476 1502 164
1494 1526 177
1502 1534 131
1525 1532 174
1555 1575 171
1569 1600 77
1576 1581 271
1603 1621 150
1616 1650 52
1629 1675 75
1641 1691 284
1666 1692 290
1674 1696 257
1697 1736 166
1709 1731 181
1709 1757 177
1738 1746 19
1763 1781 158
1781 1787 274
1791 1809 53
1808 1825 157
1837 1853 167
1847 1895 181
1849 1873 40
1870 1914 19
1888 1927 13
1898 1916 59
1913 1960 131
1943 1963 50
1964 1971 134
1991 1994 87
2009 2055 72
2034 2044 82
2044 2090 178
2074 2123 150
2082 2101 156
2084 2110 172
2112 2125 71
2126 2150 270
2134 2144 192
2141 2149 190
2152 2178 65
2166 2169 261
2171 2195 292
2177 2188 30
2181 2204 64
2201 2238 289
2207 2244 181
2212 2214 216
2228 2276 251
2254 2293 57
2274 2314 124
2284 2313 144
2291 2318 15
2291 2310 28
2301 2339 238
2329 2376 26
2355 2403 237
2378 2389 242
2378 2416 277
2398 2448 123
2412 2423 110
2428 2453 273
2451 2490 282
2456 2470 217
2470 2492 43
2500 2501 31
2520 2542 20
2548 2587 197
2559 2580 69
2575 2613 64
2583 2616 127
2598 2616 175
2604 2651 84
2615 2645 182
2622 2636 61
2650 2692 117
2654 2684 86
2656 2705 163
2660 2684 56
2660 2698 144
2688 2716 37
2712 2733 257
2721 2767 274
2739 2742 169
2741 2767 181
2763 2766 122
2779 2802 122
2797 2820 242
2817 2819 297
2819 2860 293
2836 2859 91
2857 2864 53
2861 2903 208
2862 2886 28
2869 2905 178
2893 2918 165
2908 2946 295
2930 2944 247
2941 2989 289
2950 2977 226
2951 2998 223
2951 2968 54
2967 3003 222
2968 2975 28
2994 3031 137
2995 3024 209
3024 3044 136
3041 3079 46
3042 3069 175
3061 3106 252
3073 3102 108
3076 3092 288
3077 3121 249
3083 3130 62
3111 3116 2
3137 3169 91
3147 3157 173
3161 3203 223
3183 3197 134
3191 3201 187
3193 3213 170
3212 3244 235
3229 3271 232
3245 3250 41
3264 3312 296
3288 3319 40
3300 3309 60
3304 3338 4
3312 3349 229
3324 3365 91
3344 3369 242
3347 3380 167
3353 3357 149
3367 3415 265
3379 3395 152
3379 3395 161
3387 3430 212
3389 3435 115
3389 3402 189
3395 3411 32
3423 3447 146
3446 3460 39
3457 3458 40
3464 3489 49
3482 3523 211
3495 3542 201
3500 3528 213
3506 3526 260
3529 3530 21
3536 3583 166
3560 3588 40
3571 3617 132
3599 3628 69
3623 3630 153
3632 3659 20
3645 3679 206
3664 3695 217
3689 3708 239
3702 3726 150
3726 3730 248
3726 3772 257
3753 3801 147
3766 3779 56
3793 3816 2
3816 3853 80
3830 3864 25
3856 3876 50
3863 3898 280
3881 3911 285
3885 3894 264
3891 3924 105
3916 3932 32
3943 3964 47
3953 4000 71
3963 4000 192
3965 4005 116
3993 4018 214
4001 4050 225
4003 4040 193
4023 4044 137
4042 4086 300
4059 4070 243
4079 4101 154
4083 4104 258
4102 4127 25
4124 4151 153
4149 4169 43
4153 4203 121
4157 4191 52
4164 4183 9
4194 4203 77
4197 4228 282
4224 4269 41
4229 4246 33
4236 4253 138
4248 4280 90
4249 4285 231
4266 4303 212
4285 4334 69
4306 4350 95
4328 4341 66
4354 4370 35
4376 4425 195
4406 4418 99
4421 4458 26
4426 4438 97
4429 4465 81
4449 4486 139
4452 4476 240
4481 4520 59
4502 4534 158
4502 4544 153
4504 4508 94
4518 4544 129
4532 4562 120
4532 4546 258
4553 4564 31
4568 4576 299
4589 4622 57
4598 4647 230
4625 4628 222
4646 4667 251
4660 4702 16
4685 4686 134
4704 4752 117
4734 4746 18
4757 4778 257
4767 4780 154
4780 4820 26
4795 4810 281
4824 4869 3
4828 4850 267
4856 4867 68
4875 4911 155
4889 4922 52
4913 4917 79
4935 4941 180
4963 4980 28
4982 4984 170
4990 4995 175
4992 5009 113
5022 5047 53
5043 5059 210
5072 5113 261
5081 5098 228
5097 5128 168
5114 5148 180
5136 5157 164
5161 5189 26
5170 5189 91
5184 5200 217
5197 5230 52
5221 5264 209
5245 5262 264
5248 5272 85
5273 5291 34
5273 5322 108
5273 5318 59
5281 5310 222
5301 5330 268
5320 5322 114
5336 5369 159
5351 5357 116
5376 5421 114
5397 5444 67
5415 5434 37
5434 5478 79
5447 5494 284
5465 5501 130
5475 5516 237
5480 5502 47
5509 5539 78
5512 5553 209
5514 5525 244
5525 5562 2
5545 5552 280
5556 5598 51
5577 5608 231
5591 5594 209
5614 5634 145
5635 5659 29
5647 5658 111
5651 5700 220
5657 5704 159
5670 5698 249
5673 5712 219
5698 5741 135
5718 5741 192
5736 5757 215
5736 5779 73
5755 5799 46
5777 5787 288
5778 5825 71
5794 5834 246
5810 5817 142
5831 5842 79
5842 5861 88
5866 5901 130
5891 5905 221
5893 5914 48
5897 5906 108
5915 5962 109
5945 5968 109
5969 5997 131
5995 6029 28
6003 6037 100
6021 6038 253
6035 6054 211
6061 6088 79
6079 6092 197
6087 6108 251
6115 6132 100
6121 6151 208
6127 6177 152
6139 6159 92
6166 6209 136
6181 6223 242
6204 6236 293
6228 6263 243
6249 6265 111
6267 6270 211
6274 6321 174
6287 6316 198
6308 6347 166
6309 6326 45
6333 6350 5
6339 6367 42
6364 6368 225
6372 6406 62
6398 6429 47
6402 6424 100
6422 6440 158
6443 6457 153
6457 6504 147
6462 6484 258
6484 6509 94
6511 6556 237
6524 6535 283
6524 6536 162
6551 6560 148
6556 6573 28
6565 6599 148
6575 6587 95
6585 6614 132
6587 6610 41
6604 6627 117
6623 6654 253
6630 6636 1
6640 6681 149
6653 6694 264
6678 6721 118
6682 6689 289
6704 6749 242
6714 6731 177
6734 6752 56
6750 6759 1
6759 6773 267
6763 6788 126
6780 6825 82
6789 6831 144
6817 6843 34
6821 6871 265
6833 6878 222
6851 6860 158
6854 6855 84
6859 6881 53
6866 6909 234
6884 6894 88
6887 6919 42
6902 6909 140
6911 6919 134
6940 6978 248
6941 6967 280
6942 6949 157
6971 6991 286
6988 6998 205
7005 7029 54
7017 7040 243
7021 7035 182
7051 7086 220
7058 7083 68
7067 7093 99
7096 7142 65
7124 7139 89
7150 7167 141
7154 7167 163
7158 7208 229
7167 7208 24
7194 7235 226
7195 7222 208
7205 7238 260
7210 7236 279
