500
19 39 14
32 46 56
45 92 222
48 82 167
60 82 213
84 123 75
103 139 203
103 149 101
103 126 289
121 148 267
148 188 222
170 205 94
172 215 118
179 202 231
200 215 20
203 204 218
207 224 269
212 238 211
213 248 134
230 263 253
251 291 279
263 285 195
267 300 161
281 312 85
307 311 300
324 325 284
347 394 229
350 384 171
370 418 157
390 432 165
397 438 151
405 423 214
418 450 1
442 473 270
443 463 262
464 482 90
474 498 182
482 492 73
490 508 207
495 499 49
512 543 150
520 559 244
526 534 32
540 577 161
564 602 152
580 606 266
592 612 268
593 632 191
597 608 257
611 632 57
617 633 207
618 655 262
632 643 136
657 693 140
668 682 199
675 686 108
687 711 230
710 746 208
713 752 1
715 739 220
730 739 174
733 737 83
741 756 72
744 774 33
748 786 290
776 814 195
791 794 192
811 859 215
837 881 272
860 895 276
877 878 187
884 916 147
899 905 116
918 931 223
919 961 207
946 982 79
973 999 76
987 1016 137
1015 1044 112
1024 1051 84
1032 1051 160
1059 1084 300
1074 1103 31
1097 1142 81
1114 1143 138
1117 1127 81
1127 1131 177
1132 1136 152
1144 1148 216
1164 1207 288
1177 1201 36
1206 1215 209
1223 1267 163
1246 1259 41
1248 1284 178
1264 1314 161
1281 1318 21
1285 1286 196
1312 1352 219
1339 1381 66
1349 1360 64
1364 1404 43
1391 1399 14
1401 1437 106
1410 1443 39
1436 1470 216
1465 1496 27
1493 1530 226
1521 1540 165
1523 1563 27
1523 1563 146
1534 1567 140
1545 1551 215
1566 1596 280
1591 1611 248
1612 1657 184
1636 1685 286
1643 1686 227
1650 1683 300
1662 1710 132
1678 1718 245
1678 1725 289
1692 1699 105
1702 1726 112
1730 1779 259
1748 1764 254
1752 1754 137
1777 1791 139
1781 1803 279
1794 1828 23
1807 1814 200
1807 1830 144
1825 1851 194
1840 1869 34
1841 1852 170
1870 1914 53
1895 1901 264
1913 1962 145
1927 1955 143
1945 1985 183
1968 1972 112
1972 1995 86
1987 2020 76
2003 2052 271
2022 2057 58
2049 2056 49
2079 2094 223
2083 2095 101
2103 2116 260
2129 2154 154
2130 2136 102
2153 2198 175
2171 2185 144
2172 2190 272
2172 2212 1
2173 2218 275
2196 2201 192
2208 2245 181
2238 2287 293
2260 2308 135
2263 2265 109
2273 2285 257
2303 2343 16
2318 2324 188
2321 2334 83
2324 2344 162
2340 2360 251
2343 2370 278
2349 2395 214
2353 2399 38
2360 2391 16
2361 2384 216
2374 2409 155
2399 2419 180
2403 2429 105
2419 2435 33
2449 2490 213
2461 2494 278
2487 2527 284
2493 2528 51
2508 2533 167
2520 2536 117
2523 2551 276
2546 2572 15
2546 2576 117
2562 2600 250
2592 2619 279
2604 2632 58
2622 2641 171
2638 2660 233
2644 2652 26
2652 2698 281
2666 2692 146
2684 2701 237
2711 2718 28
2740 2750 75
2770 2791 26
2788 2822 118
2813 2828 56
2828 2829 83
2856 2898 214
2882 2915 75
2883 2930 208
2894 2936 45
2913 2945 155
2919 2949 78
2919 2969 232
2945 2994 224
2961 2974 223
2987 3001 247
3017 3046 189
3036 3083 202
3041 3050 22
3065 3107 192
3066 3111 296
3091 3110 38
3110 3112 156
3133 3139 291
3145 3183 57
3158 3159 262
3165 3193 120
3195 3244 86
3216 3262 248
3241 3252 153
3249 3276 235
3279 3284 160
3306 3352 126
3318 3350 121
3335 3373 96
3361 3384 185
3384 3411 111
3386 3434 181
3386 3390 174
3402 3423 262
3404 3444 294
3408 3442 116
3421 3453 210
3448 3480 129
3478 3492 191
3483 3510 21
3503 3543 264
3506 3551 148
3530 3556 249
3538 3583 20
3542 3546 227
3562 3574 47
3569 3586 36
3571 3618 163
3573 3616 172
3582 3596 40
3604 3641 102
3620 3631 268
3644 3689 128
3660 3695 29
3687 3727 87
3703 3726 206
3706 3750 14
3734 3776 184
3742 3751 84
3758 3774 106
3785 3809 34
3792 3811 42
3806 3847 193
3814 3835 47
3839 3870 285
3847 3849 180
3849 3899 225
3864 3884 181
3866 3910 243
3870 3906 10
3881 3918 126
3910 3957 295
3919 3960 200
3949 3993 250
3973 3987 152
3985 4021 146
3995 4027 114
4024 4034 13
4050 4063 31
4055 4095 137
4080 4086 276
4081 4115 9
4081 4085 242
4096 4132 218
4101 4105 77
4118 4159 176
4120 4132 104
4124 4152 61
4139 4140 57
4168 4206 20
4177 4181 225
4202 4238 98
4224 4254 278
4248 4249 140
4252 4267 173
4254 4300 271
4265 4294 97
4285 4292 133
4293 4305 98
4310 4332 38
4322 4335 83
4330 4353 147
4359 4361 140
4385 4418 96
4395 4435 278
4414 4443 96
4441 4463 70
4465 4488 120
4488 4509 176
4492 4540 295
4495 4533 42
4505 4528 286
4515 4556 43
4524 4539 190
4535 4583 260
4545 4580 172
4551 4554 241
4566 4575 208
4595 4643 33
4600 4619 299
4624 4668 82
4649 4678 264
4668 4717 215
4677 4707 89
4707 4754 15
4732 4741 104
4754 4763 32
4781 4804 196
4798 4840 133
4802 4845 240
4820 4869 154
4825 4835 192
4845 4880 230
4850 4860 123
4856 4900 32
4857 4859 57
4876 4877 201
4904 4912 12
4905 4912 248
4920 4928 299
4943 4958 63
4959 5001 185
4972 4994 298
4975 5018 271
4977 4987 234
4993 5040 167
5015 5038 100
5031 5042 185
5053 5098 152
5074 5121 262
5078 5090 146
5103 5152 190
5107 5149 254
5126 5172 21
5147 5171 274
5150 5197 46
5154 5204 11
5161 5165 186
5165 5202 249
5168 5197 223
5169 5198 45
5192 5213 29
5212 5214 56
5221 5262 186
5227 5271 141
5242 5256 247
5266 5291 189
5270 5293 61
5287 5320 126
5305 5337 23
5331 5373 42
5347 5357 197
5369 5370 268
5387 5399 293
5397 5435 68
5404 5413 26
5412 5462 238
5439 5445 134
5451 5463 175
5455 5480 211
5456 5494 194
5478 5515 40
5495 5539 101
5510 5521 138
5510 5533 294
5527 5536 74
5544 5576 192
5574 5576 285
5600 5605 120
5621 5655 240
5639 5650 213
5649 5670 107
5659 5696 292
5682 5702 270
5691 5739 40
5698 5748 249
5715 5735 81
5730 5751 179
5760 5793 165
5769 5818 197
5778 5822 5
5780 5807 192
5808 5851 96
5821 5845 283
5847 5862 92
5875 5892 131
5885 5934 223
5888 5931 247
5912 5952 172
5942 5988 143
5950 5986 68
5965 5971 102
5971 6008 196
5975 5981 165
5981 6012 244
5995 6044 281
6005 6021 193
6019 6030 126
6049 6094 187
6067 6075 12
6079 6117 274
6097 6119 186
6108 6145 80
6134 6157 99
6139 6144 203
6139 6174 243
6157 6201 98
6164 6177 113
6185 6200 28
6200 6241 80
6228 6256 211
6258 6265 158
6263 6279 42
6268 6312 72
6295 6338 284
6315 6342 13
6322 6340 57
6348 6358 60
6370 6417 212
6391 6417 17
6408 6420 42
6431 6434 119
6454 6495 196
6483 6521 178
6494 6522 160
6495 6542 139
6512 6523 170
6536 6555 283
6543 6587 243
6546 6547 150
6562 6592 227
6581 6622 215
6589 6625 82
6598 6642 31
6604 6643 153
6606 6635 278
6615 6646 261
6643 6671 195
6664 6714 87
6667 6711 77
6689 6737 162
6699 6705 219
6699 6734 68
6707 6708 249
6733 6745 279
6735 6744 200
6757 6765 133
6768 6787 105
6798 6819 62
6810 6829 69
6822 6831 24
6835 6863 175
6858 6886 141
6868 6914 286
6891 6912 139
6891 6924 108
6921 6939 52
6950 6987 147
6958 6976 51
6973 6990 274
6999 7030 200
7028 7068 9
7053 7057 161
7080 7100 153
7106 7111 223
7114 7153 82
7134 7176 82
7161 7187 96
7171 7203 300
7179 7201 127
7181 7202 145
7191 7194 170
7202 7238 201
7213 7248 242
7225 7258 207
7245 7278 81
7252 7283 201
7278 7289 200
7304 7347 291
7304 7350 102
