500
3 16 224
22 28 144
27 41 26
49 89 91
76 123 246
78 104 173
101 132 130
109 130 180
138 159 174
159 191 291
183 196 288
189 205 250
199 218 202
222 259 96
245 277 60
263 304 48
288 313 167
299 321 133
329 370 182
339 384 202
361 373 190
369 391 12
399 422 61
412 446 124
438 488 40
447 470 188
463 479 244
480 495 178
510 511 136
516 538 18
517 524 162
518 532 190
533 555 192
547 585 142
572 595 36
578 608 62
608 636 194
623 665 74
646 665 217
675 710 138
689 705 81
714 718 5
739 745 293
769 802 295
797 827 46
823 847 202
846 851 88
863 879 157
863 876 298
869 917 225
897 914 68
903 927 250
909 914 208
934 964 18
950 976 218
973 1009 10
978 987 149
998 1027 84
1020 1070 1
1046 1086 178
1051 1067 269
1053 1068 178
1072 1115 233
1090 1112 264
1104 1138 207
1131 1134 196
1154 1197 232
1171 1182 80
1201 1220 44
1210 1233 160
1215 1222 181
1244 1283 123
1258 1284 199
1276 1299 272
1293 1311 300
1299 1349 223
1325 1368 62
1326 1340 150
1338 1346 249
1350 1365 254
1379 1412 239
1394 1420 66
1408 1417 14
1409 1423 217
1413 1449 24
1413 1428 128
1418 1457 180
1426 1447 243
1440 1465 130
1451 1452 249
1457 1472 253
1474 1493 271
1483 1500 166
1499 1533 70
1509 1540 292
1534 1538 289
1560 1587 118
1588 1632 125
1589 1619 198
1600 1614 172
1607 1627 296
1633 1671 158
1647 1674 52
1660 1698 58
1663 1681 110
1689 1690 24
1705 1706 83
1713 1759 18
1721 1766 172
1744 1767 73
1765 1774 6
1778 1779 226
1795 1809 232
1819 1839 191
1824 1845 70
1845 1890 14
1859 1897 298
1871 1881 79
1872 1881 227
1885 1888 52
1895 1897 229
1908 1914 111
1937 1980 52
1939 1984 156
1952 1984 215
1960 1982 132
1964 1987 71
1983 2008 218
1987 2028 162
2013 2053 63
2042 2043 104
2053 2058 10
2064 2086 267
2089 2116 275
2119 2138 139
2126 2158 166
2136 2155 258
2159 2180 104
2169 2199 163
2192 2211 123
2219 2228 207
2225 2246 143
2238 2257 211
2250 2277 104
2254 2256 251
2262 2271 112
2271 2294 158
2294 2298 60
2320 2334 216
2332 2360 29
2358 2400 43
2361 2379 180
2367 2394 208
2374 2395 194
2396 2433 55
2399 2419 14
2419 2437 148
2425 2453 101
2434 2436 67
2440 2473 240
2443 2487 23
2461 2479 270
2488 2532 298
2488 2514 272
2513 2525 130
2529 2568 240
2542 2556 239
2562 2575 267
2573 2584 260
2593 2612 85
2610 2612 78
2619 2625 231
2637 2678 186
2644 2656 21
2667 2715 187
2694 2741 21
2710 2723 162
2718 2757 203
2744 2787 148
2769 2792 246
2796 2826 23
2806 2854 182
2835 2844 154
2835 2860 261
2863 2909 133
2871 2894 185
2892 2906 68
2913 2944 86
2939 2956 76
2949 2979 76
2956 2964 92
2980 3002 165
2989 3009 139
2995 3005 180
3004 3025 40
3019 3038 225
3023 3034 69
3027 3065 115
3051 3097 83
3060 3096 147
3089 3105 63
3100 3102 249
3125 3143 198
3149 3194 259
3158 3188 259
3186 3216 7
3187 3211 56
3212 3243 141
3239 3248 67
3248 3274 90
3271 3316 224
3294 3317 246
3304 3332 269
3314 3328 84
3336 3380 18
3350 3370 168
3362 3375 271
3374 3381 298
3397 3435 299
3422 3441 31
3447 3455 31
3468 3482 7
3489 3535 169
3491 3503 132
3515 3540 209
3540 3577 239
3550 3567 98
3553 3594 73
3563 3579 46
3587 3603 181
3601 3646 192
3626 3648 42
3634 3649 24
3648 3697 101
3658 3700 203
3678 3711 201
3696 3738 291
3726 3775 197
3752 3774 298
3764 3766 164
3793 3816 53
3810 3836 13
3832 3861 44
3843 3886 240
3850 3878 223
3856 3897 210
3882 3912 165
3885 3911 48
3905 3927 101
3930 3948 55
3935 3973 123
3946 3980 150
3955 3966 138
3958 3988 44
3984 3990 133
4003 4013 107
4032 4044 292
4059 4070 210
4072 4078 170
4077 4121 85
4104 4147 299
4128 4177 108
4131 4177 298
4141 4160 165
4166 4206 290
4188 4216 257
4204 4208 60
4234 4238 45
4254 4268 84
4281 4320 34
4305 4315 296
4328 4344 285
4349 4358 272
4364 4398 11
4365 4395 19
4369 4372 39
4387 4396 238
4387 4432 210
4405 4444 184
4418 4454 229
4420 4462 275
4438 4466 25
4462 4471 145
4482 4531 194
4489 4516 225
4504 4551 81
4519 4525 255
4521 4530 225
4549 4556 264
4566 4585 17
4569 4592 218
4597 4614 166
4617 4645 274
4636 4679 15
4655 4695 248
4663 4673 215
4673 4679 76
4697 4731 58
4710 4743 189
4715 4722 69
4731 4780 104
4732 4736 8
4734 4739 84
4757 4770 251
4782 4803 12
4798 4810 90
4819 4859 7
4824 4835 206
4839 4851 36
4859 4872 174
4879 4900 211
4882 4888 206
4909 4944 151
4936 4983 256
4940 4951 223
4967 4979 61
4974 5013 192
4992 5034 58
5012 5046 251
5018 5064 101
5026 5061 235
5043 5085 212
5047 5076 115
5061 5082 231
5076 5104 103
5088 5113 215
5089 5097 59
5094 5108 36
5102 5128 137
5127 5128 80
5135 5145 115
5151 5155 52
5178 5190 128
5193 5223 111
5202 5249 122
5213 5259 229
5242 5288 67
5270 5292 113
5300 5339 229
5319 5361 163
5331 5366 254
5354 5381 169
5370 5405 26
5370 5403 238
5392 5408 160
5402 5434 283
5421 5433 65
5438 5457 155
5445 5475 276
5453 5461 274
5462 5495 296
5481 5517 200
5507 5519 138
5526 5545 104
5532 5561 101
5557 5560 13
5568 5591 99
5577 5591 120
5579 5596 234
5587 5614 42
5594 5611 296
5600 5643 275
5608 5650 30
5627 5649 292
5629 5656 225
5645 5680 223
5667 5689 273
5697 5726 76
5701 5750 85
5730 5744 204
5747 5776 232
5774 5783 288
5790 5817 257
5795 5797 200
5820 5854 251
5835 5850 128
5842 5882 193
5853 5878 190
5882 5904 237
5886 5935 247
5913 5918 209
5932 5977 196
5938 5957 238
5957 5962 201
5957 5963 48
5978 5996 13
6003 6012 132
6011 6045 286
6017 6044 187
6036 6081 32
6062 6096 178
6070 6099 300
6073 6092 272
6092 6108 29
6108 6143 151
6117 6123 199
6118 6125 234
6126 6159 121
6152 6160 284
6179 6193 215
6209 6245 120
6211 6259 112
6233 6275 10
6245 6266 203
6258 6285 37
6261 6311 62
6262 6307 15
6281 6301 73
6306 6344 177
6334 6370 57
6350 6365 147
6361 6389 37
6384 6409 162
6412 6424 226
6421 6425 53
6440 6487 250
6459 6480 26
6485 6515 248
6488 6518 188
6509 6518 13
6537 6575 292
6567 6602 263
6585 6611 165
6615 6639 178
6630 6643 150
6639 6665 51
6648 6667 207
6649 6677 117
6656 6699 167
6665 6674 247
6695 6713 203
6724 6733 151
6743 6791 152
6761 6792 114
6767 6804 60
6771 6781 103
6788 6818 204
6810 6835 152
6836 6839 8
6843 6871 175
6850 6866 135
6871 6907 168
6875 6878 216
6877 6892 8
6891 6917 249
6894 6911 291
6922 6961 149
6948 6960 177
6969 7010 264
6984 7019 10
7010 7057 170
7027 7054 27
7057 7082 200
7079 7117 10
7094 7136 300
7109 7125 140
7111 7118 130
7114 7159 162
7143 7145 196
7152 7178 108
7155 7205 130
7182 7222 1
7186 7210 259
7202 7216 121
7214 7223 10
7236 7276 219
7249 7292 266
7253 7262 81
7275 7314 214
7299 7318 253
7328 7366 237
7342 7362 266
7362 7391 256
7374 7401 221
7399 7446 163
7418 7463 182
7435 7455 29
7459 7494 208
7464 7481 41
7494 7536 108
7513 7562 254
7535 7574 1
7547 7589 108
7560 7595 160
7575 7616 100
7584 7629 191
7602 7636 273
7612 7614 135
7624 7660 140
7652 7682 185
7663 7696 261
7680 7724 72
7696 7741 178
7714 7728 34
7719 7743 223
7744 7788 177
7755 7805 225
7760 7774 176
7785 7798 19
7808 7851 251
