500
1 8 144
27 39 272
42 85 236
68 111 214
86 107 17
95 121 21
97 119 84
117 147 48
134 184 242
135 149 278
139 142 256
166 182 197
172 184 44
194 202 223
217 242 164
217 249 19
240 267 40
256 294 275
261 291 260
270 285 86
285 303 233
311 315 5
315 334 164
315 334 52
337 351 186
357 386 41
378 383 20
395 405 95
424 437 39
442 456 172
450 469 73
476 512 300
505 512 207
505 517 83
519 568 104
539 541 51
565 603 134
582 588 111
591 632 68
616 644 208
640 689 133
669 689 67
693 739 117
711 748 103
716 730 178
744 762 64
764 776 202
783 818 11
797 806 114
799 833 56
812 858 286
838 881 115
857 866 228
872 874 43
890 891 105
910 943 296
910 955 137
911 942 31
938 947 136
938 971 43
956 957 218
959 1006 229
986 1015 70
1016 1036 276
1020 1051 203
1040 1069 199
1043 1084 270
1071 1073 95
1095 1114 104
1103 1138 260
1127 1153 159
1149 1174 58
1166 1212 145
1181 1213 253
1186 1199 154
1201 1248 81
1214 1263 151
1219 1251 139
1244 1271 118
1255 1292 270
1280 1317 58
1302 1341 39
1320 1345 299
1339 1381 8
1356 1404 138
1360 1376 178
1363 1368 177
1384 1398 179
1407 1444 39
1436 1455 47
1451 1496 88
1473 1478 214
1491 1499 84
1504 1525 49
1532 1567 138
1539 1553 257
1556 1580 28
1577 1619 73
1605 1630 142
1607 1630 14
1632 1669 220
1645 1682 241
1664 1674 55
1694 1718 273
1717 1729 19
1719 1733 166
1736 1742 286
1755 1803 235
1764 1771 208
1765 1767 80
1779 1827 1
1781 1824 189
1800 1807 283
1822 1857 71
1834 1839 204
1841 1850 283
1869 1882 154
1884 1890 50
1898 1939 259
1904 1922 271
1917 1928 35
1932 1948 207
1940 1966 25
1951 1972 194
1969 1993 256
1979 2013 97
2003 2006 102
2004 2025 213
2030 2053 99
2043 2052 115
2050 2091 197
2050 2079 149
2056 2088 289
2061 2080 25
2072 2112 108
2076 2093 160
2099 2104 92
2108 2133 31
2122 2160 86
2122 2142 13
2150 2194 111
2150 2197 225
2155 2178 283
2173 2183 261
2203 2242 154
2231 2271 231
2241 2248 265
2250 2279 267
2272 2297 253
2282 2291 144
2295 2337 123
2322 2359 262
2325 2366 262
2349 2372 63
2377 2387 217
2380 2412 30
2405 2407 177
2415 2459 24
2431 2477 181
2447 2464 205
2460 2461 223
2487 2495 195
2488 2513 88
2497 2508 2
2525 2565 26
2554 2563 291
2578 2580 127
2587 2612 8
2591 2608 248
2594 2607 109
2607 2652 85
2628 2649 40
2638 2680 102
2644 2658 73
2674 2699 217
2682 2692 285
2709 2748 267
2736 2786 211
2747 2776 276
2751 2795 62
2777 2793 279
2804 2841 15
2809 2811 139
2810 2854 4
2817 2845 253
2832 2839 229
2848 2864 31
2878 2895 44
2888 2931 140
2903 2937 107
2932 2938 192
2946 2965 108
2973 2998 8
3000 3046 150
3004 3011 73
3023 3035 239
3041 3083 109
3058 3105 88
3075 3113 149
3104 3136 240
3132 3174 239
3145 3160 4
3147 3195 229
3169 3179 179
3199 3237 12
3221 3251 120
3235 3272 77
3251 3263 254
3252 3255 3
3257 3287 199
3263 3286 33
3281 3303 218
3293 3299 119
3296 3343 203
3322 3343 43
3330 3347 269
3354 3390 85
3366 3404 284
3373 3394 116
3378 3390 289
3406 3431 187
3413 3428 28
3435 3461 133
3460 3502 95
3462 3490 276
3463 3481 189
3477 3508 82
3507 3551 257
3528 3534 87
3548 3558 81
3563 3586 155
3572 3583 3
3583 3584 143
3595 3620 207
3614 3663 214
3628 3676 176
3631 3653 224
3660 3679 83
3673 3722 10
3690 3719 110
3694 3695 79
3705 3706 121
3710 3740 90
3726 3738 212
3737 3779 221
3749 3792 267
3770 3807 102
3771 3793 24
3796 3840 177
3821 3862 156
3840 3844 256
3841 3887 256
3862 3871 293
3866 3904 146
3867 3895 55
3885 3924 37
3911 3915 103
3938 3987 32
3941 3963 245
3943 3974 235
3972 4020 50
3992 4021 7
4013 4027 279
4015 4016 216
4040 4081 214
4058 4086 241
4072 4102 295
4091 4129 45
4093 4097 69
4108 4149 182
4132 4152 237
4141 4186 136
4163 4207 75
4165 4199 203
4172 4208 273
4184 4197 67
4206 4250 247
4227 4263 107
4251 4253 128
4281 4312 96
4290 4320 56
4318 4350 82
4336 4348 190
4351 4357 17
4355 4357 218
4384 4415 281
4408 4414 178
4429 4442 72
4445 4495 189
4457 4507 1
4473 4498 96
4480 4483 235
4487 4527 240
4507 4515 56
4523 4570 210
4552 4581 215
4575 4577 3
4604 4611 70
4629 4660 232
4658 4664 229
4677 4708 3
4678 4719 270
4681 4710 103
4702 4729 40
4719 4763 191
4719 4756 225
4746 4787 252
4766 4779 230
4774 4822 78
4802 4843 102
4807 4841 143
4834 4856 44
4859 4892 40
4883 4892 62
4896 4917 28
4922 4925 251
4931 4933 280
4947 4949 32
4968 4988 218
4997 5013 254
5016 5027 271
5023 5061 126
5037 5075 155
5056 5092 104
5079 5094 175
5081 5096 3
5101 5146 141
5106 5111 23
5135 5148 132
5158 5181 216
5164 5181 153
5189 5192 290
5192 5209 18
5213 5238 21
5227 5253 34
5232 5239 167
5233 5241 174
5235 5252 41
5236 5264 283
5266 5296 55
5268 5313 12
5272 5281 170
5300 5348 268
5305 5345 93
5324 5338 127
5329 5357 169
5336 5347 25
5358 5372 104
5377 5389 8
5398 5402 156
5415 5446 260
5435 5475 95
5458 5470 17
5462 5491 200
5465 5468 82
5470 5480 25
5475 5518 59
5476 5503 234
5499 5545 279
5518 5558 114
5538 5587 1
5561 5607 178
5587 5630 81
5614 5649 86
5636 5675 42
5665 5680 125
5672 5691 249
5683 5721 91
5693 5705 269
5713 5727 122
5724 5749 246
5735 5783 197
5746 5757 166
5767 5813 64
5771 5786 224
5784 5790 235
5787 5788 242
5787 5804 285
5798 5818 39
5825 5843 182
5832 5870 268
5857 5896 71
5868 5907 270
5875 5908 263
5897 5901 37
5908 5925 267
5927 5931 141
5957 5958 136
5964 5986 296
5981 6017 25
5984 6002 53
5995 6020 12
6014 6048 193
6018 6031 23
6024 6056 118
6043 6077 237
6072 6086 266
6095 6118 159
6124 6141 194
6129 6145 33
6137 6178 282
6151 6171 76
6157 6183 90
6162 6183 95
6177 6215 63
6185 6193 55
6204 6225 208
6216 6218 232
6218 6235 27
6237 6271 215
6249 6273 298
6266 6305 278
6292 6321 45
6308 6322 207
6312 6320 26
6323 6353 271
6346 6395 271
6347 6397 280
6371 6385 233
6396 6406 189
6411 6452 61
6424 6425 23
6436 6468 37
6458 6489 54
6465 6476 142
6495 6518 29
6502 6512 61
6526 6573 15
6543 6585 109
6543 6552 229
6559 6569 103
6562 6605 126
6573 6611 99
6588 6631 215
6597 6647 138
6609 6652 106
6625 6634 194
6653 6684 208
6668 6669 56
6676 6688 300
6689 6690 114
6708 6752 63
6735 6770 261
6738 6777 62
6746 6791 191
6763 6777 132
6773 6788 80
6780 6820 185
6807 6836 261
6830 6854 176
6833 6868 155
6836 6849 136
6852 6858 223
6865 6911 101
6877 6925 73
6877 6908 235
6903 6948 7
6910 6954 259
6938 6950 57
6949 6963 269
6977 6988 179
6995 7033 192
7009 7048 144
7022 7063 148
7051 7098 26
7053 7094 279
7083 7093 125
7103 7143 273
7122 7141 196
7149 7155 236
7151 7174 102
7168 7202 244
7181 7211 88
7208 7234 31
7220 7243 93
7227 7272 295
7247 7255 233
7247 7268 156
7259 7265 7
7276 7321 72
7304 7319 176
7327 7371 28
7353 7368 214
7381 7385 219
7393 7438 165
7396 7409 175
7400 7408 230
7406 7447 63
7428 7477 184
7432 7463 221
7447 7454 120
7474 7491 281
7498 7524 237
7521 7528 138
7551 7558 24
7578 7618 287
7601 7624 201
7611 7624 52
7620 7633 95
7629 7672 10
