500
30 79 14
41 69 211
52 75 56
64 92 111
75 96 224
92 96 37
109 140 151
132 154 225
159 204 85
163 190 279
165 203 67
172 173 95
198 239 62
217 237 53
243 252 46
250 271 203
266 287 251
281 308 291
285 295 152
286 319 143
303 308 257
304 321 182
330 351 79
343 349 124
352 389 126
358 392 115
379 390 131
407 433 96
428 456 18
450 468 14
472 514 105
484 507 274
512 533 151
530 571 267
551 587 161
570 591 166
580 599 213
582 632 257
592 599 186
603 607 232
603 636 46
623 644 268
644 656 68
661 701 266
679 712 135
706 709 106
729 753 238
732 741 63
741 770 275
769 777 16
789 811 71
795 832 73
817 840 281
839 852 211
842 887 44
857 893 198
880 916 217
900 944 235
917 945 24
941 959 60
949 959 226
951 983 213
980 986 235
984 995 75
993 1021 85
1012 1013 82
1032 1077 225
1036 1058 42
1062 1099 233
1071 1101 46
1100 1116 241
1124 1168 296
1139 1148 83
1161 1175 23
1188 1209 187
1198 1215 7
1198 1221 286
1204 1233 91
1228 1241 139
1256 1269 195
1282 1322 87
1287 1304 197
1289 1337 238
1290 1319 86
1292 1325 102
1298 1330 249
1325 1326 239
1340 1365 40
1364 1395 159
1373 1397 297
1379 1424 274
1389 1393 71
1413 1421 115
1437 1452 116
1446 1478 242
1447 1462 203
1461 1504 248
1467 1490 296
1491 1495 199
1499 1527 13
1525 1536 29
1528 1556 67
1536 1574 295
1549 1576 138
1551 1556 295
1569 1586 77
1572 1585 134
1582 1632 189
1582 1607 245
1608 1616 155
1608 1635 10
1637 1665 39
1656 1699 245
1658 1697 32
1682 1720 100
1686 1704 215
1704 1728 129
1714 1728 40
1741 1748 202
1744 1755 121
1756 1780 1
1777 1793 19
1796 1818 54
1819 1851 113
1831 1849 144
1859 1904 227
1883 1924 45
1908 1938 140
1938 1977 242
1945 1968 50
1970 2003 185
1989 2021 44
2012 2013 211
2036 2047 156
2053 2080 262
2055 2066 6
2070 2093 245
2075 2119 204
2082 2107 7
2104 2126 59
2116 2127 123
2142 2184 258
2158 2188 46
2182 2216 2
2187 2218 195
2212 2226 25
2213 2262 195
2225 2248 15
2229 2256 285
2250 2281 38
2277 2284 93
2292 2300 93
2306 2313 216
2315 2362 276
2340 2342 64
2344 2353 59
2365 2415 36
2386 2413 173
2415 2432 16
2444 2457 270
2445 2483 123
2464 2483 208
2483 2522 281
2487 2522 280
2499 2537 169
2512 2523 258
2519 2558 245
2547 2560 75
2565 2589 58
2574 2589 175
2580 2618 204
2599 2622 246
2606 2627 265
2619 2653 68
2629 2648 154
2652 2695 90
2662 2664 256
2679 2702 258
2680 2707 122
2683 2730 116
2697 2711 100
2701 2720 211
2731 2741 181
2743 2776 72
2768 2776 281
2784 2832 152
2806 2807 18
2817 2829 120
2844 2863 74
2864 2906 17
2893 2912 198
2895 2915 120
2919 2965 268
2923 2938 110
2924 2944 226
2947 2985 13
2960 2989 209
2978 2982 236
2994 3013 161
3015 3041 228
3029 3078 164
3049 3062 293
3072 3113 116
3084 3103 257
3096 3103 186
3101 3135 33
3117 3150 78
3143 3171 76
3152 3198 80
3157 3193 7
3164 3169 232
3192 3201 204
3199 3208 210
3204 3211 160
3233 3238 95
3255 3294 99
3270 3320 277
3288 3310 12
3316 3339 180
3321 3367 46
3330 3376 209
3335 3342 132
3349 3393 5
3366 3392 85
3381 3429 296
3410 3455 129
3418 3451 25
3447 3457 69
3461 3504 96
3491 3497 116
3517 3543 191
3519 3526 215
3533 3580 267
3533 3581 166
3546 3571 159
3549 3552 152
3553 3589 117
3569 3611 95
3577 3590 45
3607 3651 63
3623 3664 117
3627 3668 244
3629 3667 160
3654 3681 114
3681 3698 212
3700 3728 238
3719 3725 85
3740 3776 227
3765 3772 207
3789 3796 92
3817 3849 135
3824 3874 157
3849 3861 202
3861 3903 160
3862 3902 164
3864 3872 33
3875 3912 286
3897 3937 191
3917 3964 85
3923 3939 288
3946 3947 12
3968 4014 134
3984 4014 48
3992 4042 71
4016 4036 199
4041 4047 249
4067 4070 235
4071 4120 175
4082 4095 37
4103 4111 271
4122 4137 76
4147 4170 29
4162 4181 211
4189 4213 243
4209 4234 42
4237 4248 136
4254 4287 268
4270 4284 236
4274 4284 221
4276 4322 252
4305 4330 92
4323 4335 137
4353 4377 166
4367 4399 280
4382 4406 123
4390 4400 272
4400 4449 46
4416 4427 5
4429 4469 189
4441 4463 256
4469 4479 206
4484 4509 23
4503 4538 58
4504 4545 6
4526 4552 119
4545 4565 255
4571 4619 36
4572 4599 131
4575 4579 30
4590 4637 193
4593 4597 206
4600 4629 174
4615 4663 245
4636 4681 242
4640 4655 50
4646 4696 160
4651 4698 287
4672 4718 99
4701 4703 228
4707 4743 292
4723 4745 160
4737 4784 76
4740 4774 30
4766 4769 76
4781 4809 264
4789 4809 174
4814 4864 200
4839 4867 9
4842 4887 277
4845 4849 78
4861 4910 51
4884 4931 117
4905 4917 140
4934 4970 125
4952 4967 80
4981 4983 300
5010 5049 244
5037 5077 98
5054 5073 284
5073 5090 7
5095 5099 246
5108 5155 60
5112 5134 200
5120 5145 295
5142 5154 117
5155 5197 182
5171 5172 207
5196 5225 245
5211 5227 174
5212 5257 70
5241 5260 108
5252 5269 284
5265 5306 221
5295 5318 279
5316 5345 102
5316 5356 113
5336 5354 228
5350 5378 226
5374 5404 205
5385 5398 244
5405 5430 215
5409 5455 212
5410 5444 40
5416 5464 162
5432 5448 4
5439 5441 153
5441 5472 75
5457 5488 234
5471 5499 191
5495 5505 199
5513 5537 216
5524 5538 274
5537 5581 121
5562 5612 216
5587 5605 16
5595 5611 206
5603 5615 176
5606 5617 85
5612 5624 279
5614 5657 95
5634 5684 197
5642 5651 18
5649 5695 91
5650 5699 148
5664 5705 97
5678 5728 146
5708 5726 152
5723 5771 102
5725 5752 22
5740 5770 28
5756 5767 44
5781 5820 177
5781 5798 117
5803 5809 213
5821 5871 292
5846 5885 89
5850 5894 259
5868 5874 276
5887 5906 182
5896 5903 42
5912 5924 83
5936 5973 72
5953 5963 172
5968 5990 55
5984 6034 298
6004 6039 127
6005 6032 174
6024 6065 90
6030 6033 165
6050 6056 205
6069 6076 100
6076 6087 30
6102 6117 201
6126 6147 140
6151 6181 51
6156 6200 170
6158 6177 230
6186 6214 193
6207 6230 113
6230 6268 158
6240 6257 300
6244 6267 35
6247 6295 184
6264 6296 63
6284 6327 131
6299 6327 84
6312 6323 4
6317 6339 281
6333 6351 143
6345 6376 165
6345 6367 9
6352 6362 49
6382 6429 281
6402 6403 257
6407 6427 55
6416 6452 145
6428 6466 8
6443 6457 100
6459 6500 287
6462 6475 93
6479 6505 78
6486 6494 160
6503 6513 95
6513 6522 17
6532 6563 144
6548 6596 195
6574 6581 235
6578 6595 168
6602 6626 76
6609 6653 134
6616 6641 67
6642 6643 219
6658 6677 99
6663 6696 58
6688 6699 29
6708 6747 284
6715 6749 300
6730 6779 16
6740 6780 191
6762 6795 20
6768 6810 92
6784 6788 199
6808 6812 28
6821 6856 267
6838 6843 125
6858 6899 222
6872 6911 63
6885 6900 273
6908 6923 258
6920 6946 108
6936 6975 178
6945 6971 122
6964 6984 39
6990 7039 281
6995 7005 217
6996 7038 26
7001 7031 23
7014 7016 140
7041 7056 246
7042 7064 82
7065 7109 49
7070 7100 257
7087 7127 139
7096 7126 201
7115 7125 119
7115 7120 126
7126 7149 265
7135 7181 269
7161 7183 105
7185 7191 49
7194 7230 239
7221 7245 231
7233 7270 293
7241 7255 280
7269 7307 15
7288 7331 47
7311 7341 89
7321 7328 44
7346 7372 187
7350 7376 17
7354 7381 175
7378 7420 32
7392 7438 49
7403 7447 113
7429 7464 294
7459 7487 168
7484 7499 66
7495 7520 246
7499 7507 261
7502 7549 113
