500
23 24 171
53 89 213
81 116 165
87 89 299
107 155 55
111 151 39
126 155 244
136 144 48
158 175 88
179 218 108
198 227 205
221 241 118
224 264 88
230 273 67
260 303 244
271 320 236
300 305 252
304 312 112
331 332 174
333 339 147
334 340 155
334 356 246
347 389 198
371 412 248
389 432 146
415 455 146
435 441 9
443 465 272
447 463 255
447 463 274
455 499 163
463 472 54
491 522 65
509 556 216
511 544 101
538 564 259
553 584 64
566 574 172
588 608 274
592 596 103
621 669 137
627 646 289
630 666 219
642 671 137
672 674 182
696 714 266
721 752 216
740 769 217
761 770 60
764 782 212
768 793 241
790 832 75
797 844 169
806 825 49
814 863 297
826 859 1
844 851 277
868 880 236
894 906 179
918 965 15
927 936 242
932 979 295
942 954 157
950 956 129
978 999 234
1003 1049 157
1017 1059 106
1019 1029 193
1027 1062 120
1027 1075 55
1052 1061 27
1072 1104 185
1078 1117 51
1096 1139 158
1116 1149 11
1138 1164 13
1141 1178 99
1152 1182 121
1175 1218 172
1182 1186 165
1191 1194 197
1212 1243 38
1225 1261 187
1234 1241 70
1254 1268 132
1279 1324 200
1282 1317 159
1307 1330 53
1333 1354 78
1347 1379 267
1352 1358 129
1371 1379 194
1380 1384 153
1389 1419 88
1410 1433 192
1436 1446 179
1441 1455 45
1441 1486 275
1461 1505 53
1476 1485 192
1477 1498 36
1487 1500 94
1497 1536 16
1505 1525 87
1518 1541 228
1538 1577 265
1538 1567 104
1548 1550 103
1562 1587 66
1584 1632 204
1599 1623 262
1602 1616 14
1604 1650 64
1633 1668 288
1637 1670 283
1652 1658 119
1664 1667 135
1676 1702 206
1702 1719 168
1714 1725 78
1744 1776 152
1767 1769 108
1792 1823 90
1793 1825 215
1803 1831 162
1817 1858 292
1819 1865 61
1822 1870 290
1844 1850 18
1845 1849 58
1875 1900 63
1900 1919 13
1909 1958 114
1929 1961 104
1943 1964 85
1953 1994 69
1962 1992 162
1969 1982 115
1973 2010 125
1982 2013 255
1999 2006 63
2018 2050 136
2026 2028 172
2049 2088 61
2079 2081 294
2081 2127 65
2094 2131 128
2099 2101 240
2099 2129 262
2099 2124 54
2129 2148 77
2142 2188 218
2170 2185 207
2198 2233 16
2213 2236 173
2223 2229 217
2243 2266 281
2262 2275 38
2271 2320 81
2278 2318 187
2308 2310 291
2328 2361 144
2345 2380 140
2360 2405 256
2369 2410 116
2372 2410 256
2402 2433 284
2412 2456 226
2433 2454 83
2448 2471 113
2478 2487 8
2497 2523 71
2514 2560 198
2520 2535 210
2539 2578 201
2562 2596 100
2581 2623 21
2606 2622 105
2622 2624 67
2624 2640 110
2643 2662 131
2650 2657 204
2669 2689 139
2677 2681 196
2690 2693 88
2718 2731 209
2734 2744 100
2740 2743 180
2749 2766 28
2779 2798 284
2783 2823 20
2813 2816 45
2831 2841 213
2854 2886 62
2880 2929 225
2910 2913 32
2935 2955 162
2939 2988 33
2951 2973 140
2965 2967 230
2991 3026 97
3016 3046 227
3017 3026 255
3043 3064 45
3059 3100 283
3069 3101 132
3083 3084 90
3111 3131 15
3127 3145 213
3138 3170 121
3168 3207 281
3184 3205 160
3201 3204 41
3219 3255 37
3222 3233 193
3250 3254 100
3269 3277 287
3296 3337 268
3301 3338 179
3325 3340 65
3327 3358 122
3347 3383 270
3350 3356 119
3376 3377 273
3400 3414 182
3416 3453 198
3428 3469 93
3453 3486 83
3480 3481 99
3498 3536 256
3507 3547 30
3508 3552 251
3521 3522 162
3535 3556 204
3538 3550 286
3543 3556 272
3572 3577 112
3597 3643 171
3597 3622 299
3606 3613 55
3608 3625 287
3610 3644 289
3624 3643 240
3648 3670 40
3657 3692 203
3685 3713 245
3694 3717 84
3698 3701 291
3721 3730 32
3731 3734 100
3735 3744 208
3756 3803 103
3772 3791 282
3784 3793 161
3804 3832 172
3815 3846 187
3830 3873 169
3832 3867 195
3834 3845 128
3836 3877 106
3850 3891 229
3858 3879 73
3874 3889 158
3898 3905 294
3914 3935 233
3930 3941 128
3933 3944 34
3951 3979 230
3979 4026 163
3979 4026 104
3992 4042 186
4006 4010 290
4025 4071 254
4039 4078 82
4064 4086 222
4077 4116 231
4086 4120 104
4102 4148 64
4129 4177 187
4136 4144 33
4163 4175 75
4167 4177 220
4186 4207 107
4196 4228 257
4204 4237 62
4231 4274 26
4241 4257 260
4270 4318 9
4282 4327 135
4293 4324 116
4305 4335 7
4306 4314 252
4308 4309 297
4330 4359 165
4342 4372 255
4366 4394 125
4389 4435 222
4396 4424 292
4412 4457 122
4423 4427 214
4437 4453 292
4446 4483 77
4450 4490 276
4458 4471 230
4474 4478 299
4475 4498 187
4479 4521 271
4479 4508 264
4509 4545 91
4537 4550 32
4543 4586 45
4569 4583 55
4580 4627 184
4581 4585 184
4610 4647 164
4630 4644 178
4650 4680 290
4656 4700 144
4684 4731 243
4692 4721 154
4711 4752 84
4739 4758 92
4752 4792 101
4768 4780 103
4785 4823 63
4810 4860 296
4829 4830 105
4834 4861 64
4851 4900 165
4870 4903 73
4892 4918 212
4906 4941 97
4926 4934 38
4935 4942 207
4935 4939 11
4945 4970 133
4963 5011 215
4971 4987 91
4997 5042 56
5018 5054 142
5046 5086 68
5046 5083 118
5065 5113 292
5077 5111 140
5102 5128 234
5118 5144 22
5118 5162 292
5120 5144 259
5144 5161 200
5160 5210 237
5166 5174 64
5195 5243 155
5199 5208 135
5220 5249 185
5225 5227 108
5251 5287 245
5264 5301 57
5294 5305 183
5307 5357 243
5317 5337 224
5322 5324 65
5338 5344 68
5350 5393 81
5362 5371 51
5384 5412 35
5400 5445 143
5416 5444 42
5421 5432 58
5444 5482 134
5463 5494 90
5475 5480 157
5482 5488 125
5506 5538 247
5507 5518 298
5535 5568 90
5560 5589 225
5572 5579 288
5580 5612 89
5610 5653 72
5625 5666 61
5648 5695 257
5673 5700 87
5691 5706 137
5702 5717 177
5716 5718 80
5744 5769 102
5751 5757 29
5754 5772 28
5776 5815 293
5778 5804 200
5808 5844 257
5836 5882 16
5866 5885 109
5868 5913 105
5885 5917 233
5891 5905 202
5907 5956 26
5911 5926 235
5924 5951 66
5932 5955 9
5958 5987 246
5970 5994 175
5991 6005 98
5998 6020 73
6014 6042 116
6031 6040 148
6054 6062 245
6059 6077 245
6089 6108 32
6101 6150 122
6108 6117 125
6120 6132 125
6140 6184 153
6140 6161 103
6155 6199 297
6155 6201 105
6167 6212 223
6169 6216 19
6176 6226 264
6202 6227 261
6213 6214 80
6221 6248 22
6249 6250 209
6272 6279 195
6282 6317 158
6290 6320 1
6319 6323 251
6346 6391 37
6346 6351 256
6372 6378 61
6390 6394 227
6413 6416 45
6438 6449 87
6465 6496 251
6482 6511 61
6501 6516 218
6513 6531 277
6513 6544 145
6540 6541 135
6559 6598 116
6579 6619 28
6584 6585 265
6595 6597 234
6615 6629 125
6630 6646 300
6638 6668 116
6667 6680 190
6681 6714 25
6707 6726 2
6717 6742 139
6725 6749 131
6728 6761 15
6753 6759 253
6756 6777 293
6776 6821 164
6782 6809 98
6809 6845 284
6836 6882 263
6844 6849 114
6864 6911 195
6865 6869 118
6874 6892 226
6879 6899 278
6883 6905 23
6897 6939 97
6901 6945 231
6926 6946 266
6934 6951 236
6951 6967 68
6977 7024 237
7001 7044 163
7017 7053 262
7019 7041 176
7019 7064 147
7026 7031 11
7050 7062 95
7058 7078 233
7069 7079 53
7091 7116 160
7096 7144 229
7104 7139 288
7129 7162 170
7151 7167 73
7175 7218 98
7188 7208 277
7213 7248 288
7233 7260 89
7263 7275 173
7275 7325 4
7288 7294 131
7295 7336 104
7320 7338 281
7336 7371 234
7344 7387 292
7345 7366 255
7368 7389 71
7385 7420 219
7393 7438 204
7418 7434 89
7423 7463 8
