500
20 59 230
42 58 198
69 83 138
74 114 48
99 120 18
108 136 235
138 188 159
140 147 244
151 158 83
163 165 296
183 220 217
189 221 155
198 240 280
206 216 126
212 222 120
221 253 145
237 249 48
265 289 261
287 309 163
303 334 241
305 339 288
332 382 233
352 398 258
375 395 212
403 426 24
417 450 189
443 492 63
473 505 189
500 533 274
507 518 18
530 541 191
548 580 144
556 560 31
570 592 256
584 619 197
612 643 219
625 664 82
625 635 279
647 670 243
676 717 255
693 704 247
700 703 295
717 729 236
732 758 110
743 789 117
755 768 172
779 804 159
795 831 275
823 836 66
849 895 85
873 910 152
887 896 211
902 906 66
923 957 232
946 951 286
960 1009 93
964 1004 276
967 986 37
976 997 224
1006 1053 72
1011 1026 150
1027 1050 2
1055 1068 232
1057 1064 129
1061 1071 167
1088 1101 66
1109 1154 169
1137 1157 92
1166 1204 2
1172 1179 66
1177 1183 82
1203 1229 254
1228 1239 270
1249 1273 68
1264 1279 99
1282 1317 141
1288 1329 290
1294 1339 250
1321 1348 184
1329 1356 178
1333 1377 51
1358 1395 229
1367 1415 173
1376 1419 43
1391 1441 266
1403 1422 28
1423 1458 215
1426 1440 112
1442 1485 23
1448 1449 29
1468 1484 295
1490 1527 70
1496 1543 116
1503 1539 195
1516 1556 200
1538 1577 175
1565 1594 55
1585 1626 3
1585 1633 224
1600 1628 66
1620 1650 39
1642 1681 68
1657 1681 175
1663 1685 298
1679 1727 75
1697 1745 109
1698 1719 285
1724 1752 22
1724 1744 92
1742 1770 206
1770 1780 87
1776 1779 275
1799 1841 278
1826 1853 224
1831 1880 202
1847 1853 212
1864 1914 164
1891 1901 263
1893 1910 176
1896 1934 35
1923 1947 113
1947 1978 82
1957 1986 110
1958 1963 10
1962 2010 67
1963 1982 80
1977 2011 30
1999 2022 126
2018 2045 217
2039 2055 55
2058 2074 226
2067 2082 21
2073 2107 244
2075 2101 203
2098 2120 271
2107 2136 130
2118 2137 230
2132 2141 219
2157 2204 242
2169 2207 254
2170 2211 20
2189 2211 41
2203 2231 32
2207 2241 122
2232 2248 244
2250 2290 103
2271 2313 30
2295 2309 264
2310 2321 280
2322 2338 169
2325 2329 133
2350 2353 73
2365 2384 170
2381 2405 30
2402 2432 139
2413 2416 101
2430 2468 124
2434 2474 258
2456 2473 5
2458 2498 184
2458 2485 209
2459 2461 155
2486 2517 189
2491 2509 288
2517 2524 181
2529 2573 58
2554 2585 266
2567 2605 262
2571 2621 160
2581 2611 61
2595 2599 209
2605 2610 146
2621 2655 278
2624 2631 249
2653 2688 237
2654 2702 90
2673 2674 94
2694 2699 68
2712 2752 172
2722 2758 166
2722 2771 44
2725 2760 208
2733 2741 26
2739 2744 68
2766 2777 2
2781 2809 252
2810 2833 83
2831 2848 99
2847 2881 257
2857 2859 224
2886 2912 2
2904 2953 109
2924 2965 45
2941 2952 267
2957 2994 131
2980 3004 36
3010 3034 255
3017 3035 48
3037 3071 214
3039 3052 235
3057 3107 295
3061 3097 228
3072 3092 89
3079 3112 296
3109 3135 109
3129 3179 12
3151 3200 26
3177 3204 29
3205 3238 279
3229 3248 217
3257 3281 36
3271 3281 43
3279 3317 159
3306 3319 58
3323 3366 282
3332 3380 93
3349 3375 190
3355 3388 98
3373 3418 267
3389 3424 159
3402 3410 60
3421 3442 298
3430 3468 299
3441 3453 71
3444 3462 177
3474 3476 128
3489 3495 244
3506 3556 55
3536 3566 48
3556 3577 259
3572 3620 63
3573 3585 296
3576 3593 12
3582 3598 122
3586 3590 122
3608 3609 29
3608 3628 238
3625 3634 184
3625 3658 280
3627 3645 28
3647 3697 279
3674 3694 261
3678 3700 87
3682 3696 74
3709 3745 285
3721 3723 214
3736 3761 279
3755 3795 114
3761 3776 269
3782 3827 216
3784 3813 114
3789 3802 209
3814 3837 263
3829 3844 77
3848 3865 199
3864 3903 54
3870 3899 84
3896 3935 57
3902 3918 8
3921 3936 208
3942 3976 7
3950 3987 190
3958 3968 234
3982 4031 5
4010 4030 249
4040 4071 79
4049 4092 201
4069 4092 134
4085 4122 141
4114 4147 85
4123 4133 209
4129 4157 116
4144 4176 279
4162 4212 261
4169 4210 297
4186 4220 188
4199 4216 66
4224 4252 166
4242 4266 261
4264 4286 189
4277 4315 206
4306 4328 51
4323 4354 172
4328 4376 167
4346 4379 126
4347 4393 195
4365 4404 101
4366 4389 58
4379 4429 183
4383 4416 106
4384 4399 28
4408 4444 270
4411 4436 240
4414 4459 135
4417 4431 174
4437 4452 207
4441 4446 206
4441 4485 178
4471 4491 118
4472 4513 170
4485 4492 300
4498 4520 108
4525 4568 199
4542 4584 224
4552 4557 284
4557 4596 270
4576 4589 99
4599 4648 199
4607 4640 196
4613 4631 93
4615 4654 159
4622 4643 99
4637 4687 205
4660 4700 185
4665 4673 107
4674 4680 155
4674 4681 79
4693 4743 133
4716 4764 5
4736 4769 60
4737 4771 178
4737 4775 293
4742 4765 164
4755 4798 180
4756 4780 218
4774 4775 285
4789 4829 262
4805 4828 44
4812 4822 236
4820 4837 280
4840 4868 146
4843 4877 27
4846 4856 87
4848 4897 59
4861 4889 131
4876 4882 199
4906 4936 179
4911 4912 191
4913 4930 4
4929 4945 101
4946 4967 174
4957 4958 164
4964 4972 199
4988 5021 137
5013 5039 258
5021 5039 230
5040 5044 20
5060 5086 20
5069 5075 106
5099 5111 227
5107 5124 219
5112 5134 177
5132 5151 74
5140 5185 56
5163 5201 105
5177 5221 101
5207 5246 288
5211 5213 293
5216 5256 63
5235 5255 293
5254 5269 244
5267 5305 146
5282 5314 219
5286 5289 204
5286 5319 215
5287 5327 190
5312 5348 83
5317 5362 277
5318 5354 131
5318 5345 124
5332 5353 194
5361 5370 124
5367 5401 283
5375 5419 207
5404 5445 233
5408 5430 209
5408 5451 229
5412 5443 58
5427 5465 178
5456 5459 161
5470 5516 172
5492 5523 62
5516 5527 95
5527 5553 7
5549 5582 74
5571 5578 197
5583 5624 231
5585 5631 8
5586 5629 77
5592 5600 75
5616 5632 221
5645 5659 211
5660 5670 10
5668 5696 74
5669 5687 292
5680 5726 232
5699 5739 256
5709 5710 47
5738 5774 58
5748 5780 5
5767 5777 93
5773 5821 181
5773 5819 241
5798 5806 53
5808 5819 232
5816 5849 288
5842 5864 106
5863 5870 157
5891 5940 246
5894 5908 181
5907 5923 10
5914 5921 36
5917 5936 41
5920 5947 138
5937 5954 23
5961 6006 116
5978 5998 97
5991 6022 41
6015 6045 19
6043 6084 36
6065 6086 120
6081 6090 105
6099 6149 130
6104 6123 118
6129 6133 209
6148 6160 252
6166 6209 241
6176 6206 40
6184 6191 218
6214 6224 60
6239 6269 296
6269 6287 162
6297 6331 131
6320 6353 208
6329 6371 269
6340 6348 244
6365 6398 148
6383 6430 28
6413 6449 130
6437 6469 47
6453 6467 88
6454 6496 41
6455 6458 22
6485 6502 77
6485 6491 156
6490 6499 19
6513 6534 228
6539 6548 6
6564 6606 60
6582 6607 203
6598 6603 266
6619 6649 196
6624 6662 55
6637 6669 2
6649 6654 300
6677 6685 242
6682 6696 281
6704 6712 170
6733 6781 250
6733 6762 23
6751 6765 38
6765 6802 163
6790 6800 210
6803 6820 135
6818 6826 35
6831 6852 141
6859 6877 153
6862 6900 227
6877 6927 65
6880 6916 39
6882 6907 261
6893 6936 207
6923 6965 8
6946 6966 116
6958 6998 60
6976 6986 183
6980 6989 32
6999 7042 93
7029 7078 35
7040 7041 38
7065 7089 120
7091 7133 20
7102 7146 254
7118 7154 161
7122 7160 136
7144 7177 145
7154 7177 126
7176 7189 120
7193 7234 148
7214 7219 291
7225 7265 49
7238 7258 62
7253 7266 138
7282 7309 205
7304 7314 57
7310 7341 115
7326 7367 179
7331 7343 263
7345 7360 158
7371 7373 217
