500
2 11 265
13 45 49
16 28 182
31 78 194
51 70 230
80 110 259
83 109 221
111 154 114
138 153 133
155 195 133
185 229 49
185 193 292
207 243 6
216 237 300
245 246 160
259 287 162
265 295 89
281 291 111
302 330 155
331 369 40
334 351 1
346 385 253
349 381 300
358 375 162
368 379 27
374 386 3
384 398 93
410 454 243
421 443 2
424 436 270
434 484 46
447 478 30
471 481 27
476 524 71
482 502 119
490 495 189
517 520 111
544 548 245
573 619 62
585 611 174
586 592 218
608 638 28
609 617 290
633 645 235
653 677 210
667 681 221
677 710 114
683 686 272
707 742 19
726 762 55
742 768 166
758 789 33
758 796 139
771 784 278
777 800 19
785 799 161
787 803 276
805 810 169
826 856 123
843 844 251
858 867 172
880 890 260
891 926 98
901 921 175
918 966 95
937 976 63
962 965 65
982 1026 79
1011 1022 298
1033 1067 100
1063 1082 295
1084 1132 267
1097 1143 88
1118 1163 17
1125 1127 262
1129 1168 59
1137 1181 99
1148 1160 163
1166 1186 119
1187 1231 41
1206 1254 239
1232 1278 39
1234 1237 89
1252 1274 204
1282 1323 141
1297 1302 41
1327 1353 136
1327 1377 47
1334 1354 104
1350 1392 150
1380 1420 65
1394 1406 278
1406 1447 180
1435 1476 80
1441 1484 104
1468 1492 100
1493 1510 152
1507 1520 271
1531 1543 271
1532 1533 60
1557 1603 291
1561 1586 263
1575 1585 196
1598 1634 20
1614 1650 155
1622 1669 104
1639 1643 3
1652 1658 170
1657 1699 296
1682 1683 299
1682 1708 42
1710 1713 284
1710 1715 295
1726 1738 226
1728 1735 225
1733 1765 45
1754 1761 144
1771 1807 37
1799 1816 252
1821 1868 210
1838 1859 257
1862 1901 65
1875 1879 26
1888 1931 211
1892 1919 248
1910 1942 2
1915 1922 148
1929 1960 148
1937 1970 22
1958 1993 93
1977 1993 154
2004 2006 263
2015 2039 195
2023 2035 43
2026 2059 23
2030 2057 279
2035 2054 46
2041 2072 258
2063 2074 10
2065 2087 22
2069 2119 167
2090 2135 82
2107 2140 70
2122 2126 49
2152 2172 89
2162 2204 218
2170 2172 270
2186 2225 187
2199 2237 216
2219 2247 48
2239 2252 235
2257 2291 2
2283 2285 248
2306 2315 216
2332 2367 224
2357 2391 252
2372 2387 144
2380 2411 243
2383 2398 33
2395 2398 268
2415 2434 40
2430 2454 272
2435 2449 102
2444 2459 199
2454 2479 14
2456 2460 25
2476 2489 154
2495 2515 86
2512 2535 86
2533 2564 249
2550 2581 237
2556 2601 253
2582 2629 205
2606 2652 69
2620 2660 253
2622 2636 168
2642 2656 276
2672 2689 153
2672 2718 291
2681 2724 156
2698 2728 226
2718 2760 256
2723 2773 37
2745 2775 7
2752 2755 38
2765 2787 172
2795 2810 47
2807 2828 294
2836 2856 131
2861 2875 90
2881 2916 232
2883 2915 215
2885 2890 206
2896 2900 264
2909 2912 134
2937 2966 43
2940 2983 148
2964 2974 238
2978 2980 75
3001 3012 10
3003 3048 65
3007 3011 269
3022 3039 270
3024 3026 126
3051 3087 137
3066 3074 165
3080 3096 193
3085 3116 88
3114 3152 234
3134 3182 140
3137 3180 129
3158 3173 266
3171 3173 105
3179 3192 171
3199 3213 55
3202 3216 178
3214 3259 232
3239 3243 125
3243 3281 64
3248 3260 253
3276 3321 270
3302 3317 78
3313 3335 123
3322 3325 291
3330 3366 280
3331 3360 79
3354 3388 4
3361 3371 252
3372 3386 5
3385 3402 84
3396 3438 226
3421 3439 82
3428 3453 175
3429 3439 273
3434 3464 180
3447 3491 132
3467 3488 259
3483 3489 227
3483 3515 103
3508 3530 283
3517 3526 154
3538 3573 142
3544 3550 289
3559 3561 256
3588 3636 103
3592 3609 95
3620 3662 287
3649 3691 15
3660 3707 263
3660 3696 261
3690 3708 216
3713 3733 96
3717 3728 215
3738 3778 271
3767 3806 100
3781 3820 264
3808 3819 246
3809 3848 120
3824 3864 142
3838 3846 268
3859 3874 218
3868 3913 161
3875 3895 220
3885 3929 147
3915 3951 14
3945 3990 285
3954 3975 89
3957 4006 7
3972 3985 97
3996 4033 51
4017 4063 220
4023 4049 61
4029 4073 123
4053 4057 285
4061 4084 40
4074 4096 9
4089 4130 162
4097 4146 276
4109 4152 190
4117 4153 259
4145 4159 228
4161 4186 193
4179 4221 19
4180 4230 115
4187 4201 253
4204 4248 9
4223 4247 154
4239 4281 289
4253 4297 277
4276 4321 61
4295 4339 127
4310 4349 102
4315 4362 142
4345 4347 168
4362 4391 41
4363 4412 192
4384 4385 43
4388 4436 142
4401 4421 253
4417 4423 127
4435 4458 284
4465 4511 22
4485 4517 236
4512 4515 263
4520 4548 160
4538 4555 194
4538 4550 261
4567 4574 188
4581 4628 22
4595 4631 241
4598 4640 187
4622 4671 176
4624 4645 26
4649 4686 295
4653 4686 246
4659 4675 268
4664 4682 10
4667 4695 81
4696 4733 67
4703 4738 162
4732 4743 199
4751 4759 133
4780 4805 26
4810 4858 203
4824 4841 136
4841 4887 173
4851 4887 292
4872 4896 174
4894 4917 267
4924 4939 216
4926 4940 93
4942 4989 75
4962 4965 105
4962 4996 242
4981 4994 115
4982 4989 84
4993 5043 278
4998 5015 58
5014 5026 249
5032 5036 49
5044 5069 153
5054 5083 233
5060 5070 43
5087 5123 216
5100 5115 282
5103 5111 189
5128 5139 296
5139 5153 60
5151 5194 196
5177 5184 85
5196 5203 221
5202 5204 24
5220 5226 243
5227 5260 204
5227 5263 180
5239 5287 242
5264 5280 8
5276 5305 23
5283 5325 195
5295 5340 258
5323 5366 15
5336 5342 287
5360 5362 280
5370 5377 177
5383 5395 222
5386 5427 68
5397 5442 123
5406 5432 260
5414 5447 271
5436 5482 206
5452 5473 265
5456 5497 182
5465 5484 196
5477 5499 189
5496 5498 172
5506 5511 13
5510 5559 182
5522 5548 176
5547 5548 282
5551 5561 188
5567 5580 141
5570 5599 95
5584 5613 105
5593 5642 191
5609 5631 147
5619 5655 8
5639 5673 113
5662 5696 118
5662 5699 33
5686 5704 9
5691 5736 9
5718 5734 237
5734 5763 148
5763 5771 252
5764 5799 299
5765 5811 156
5780 5812 247
5783 5810 148
5798 5821 264
5804 5847 177
5832 5853 285
5855 5869 240
5884 5899 184
5886 5919 266
5907 5919 63
5918 5968 217
5924 5933 145
5953 5958 25
5962 5996 184
5963 5994 35
5981 5986 215
6005 6042 151
6026 6034 27
6029 6054 148
6053 6061 56
6072 6110 206
6085 6109 283
6103 6127 66
6129 6141 295
6129 6167 41
6154 6156 120
6164 6167 210
6177 6206 82
6192 6229 231
6199 6247 37
6217 6261 36
6230 6254 235
6240 6269 152
6260 6300 21
6277 6310 268
6293 6323 160
6323 6344 101
6340 6356 35
6370 6378 132
6381 6383 123
6410 6429 281
6415 6456 179
6419 6450 16
6442 6445 200
6442 6471 233
6445 6477 272
6475 6509 279
6503 6553 258
6533 6554 162
6550 6592 12
6564 6581 271
6589 6627 44
6589 6618 125
6591 6615 196
6599 6619 74
6615 6644 275
6633 6667 267
6655 6700 238
6656 6659 30
6669 6718 272
6685 6722 90
6708 6715 60
6713 6730 209
6743 6786 221
6760 6809 41
6783 6790 262
6793 6839 219
6797 6841 23
6815 6853 221
6825 6851 113
6834 6851 44
6856 6906 24
6864 6884 92
6894 6931 294
6901 6908 79
6926 6972 266
6942 6954 271
6964 6984 221
6968 6973 287
6996 7016 132
6999 7000 185
7000 7009 255
7000 7002 156
7008 7057 193
7027 7052 92
7057 7097 67
7087 7100 207
7112 7133 139
7123 7131 58
7146 7184 22
7161 7204 208
7173 7213 137
7184 7216 167
7191 7228 43
7206 7227 37
7214 7245 65
7218 7239 107
7219 7235 257
7241 7284 245
7249 7275 288
7274 7321 234
7287 7297 14
7290 7334 76
7310 7355 228
7335 7374 98
