500
30 50 26
39 87 22
47 89 101
59 63 121
64 80 272
80 110 76
85 97 257
98 134 136
123 165 259
126 145 24
148 190 265
160 168 231
189 231 150
194 238 70
221 237 141
225 230 78
251 272 274
264 299 129
284 285 45
313 321 173
325 349 202
329 372 279
329 344 183
352 380 239
373 394 43
385 423 161
387 419 21
409 435 199
422 444 164
424 464 78
425 468 52
426 432 9
452 496 70
482 531 28
482 485 220
497 530 67
507 544 281
507 523 235
518 556 293
540 563 98
550 570 163
574 607 257
585 624 259
611 620 279
616 632 81
623 639 90
635 649 70
649 695 106
676 701 141
696 730 252
719 743 156
744 777 219
773 804 80
789 821 147
818 859 197
839 846 24
858 863 239
865 891 35
887 888 291
904 923 50
912 959 121
926 956 63
943 987 214
950 993 177
970 1015 288
993 1020 188
1009 1056 167
1039 1083 126
1066 1095 71
1090 1130 212
1092 1109 124
1119 1120 27
1133 1165 130
1138 1165 224
1140 1170 77
1151 1152 58
1172 1182 107
1188 1230 70
1193 1225 287
1208 1226 164
1217 1248 108
1235 1259 76
1244 1259 132
1272 1311 203
1302 1314 56
1318 1341 58
1328 1373 80
1328 1375 150
1353 1399 19
1381 1412 248
1385 1428 77
1404 1405 298
1411 1428 34
1411 1452 153
1433 1440 123
1442 1453 94
1463 1480 76
1492 1517 56
1503 1507 39
1512 1524 79
1517 1543 152
1535 1572 275
1543 1582 50
1544 1545 238
1552 1600 277
1565 1615 37
1583 1625 38
1604 1611 235
1604 1632 43
1628 1663 251
1651 1666 121
1681 1713 114
1692 1733 214
1697 1706 55
1726 1768 161
1751 1796 270
1775 1808 83
1783 1787 105
1803 1837 296
1830 1841 277
1842 1866 150
1865 1892 284
1894 1937 150
1905 1949 243
1917 1947 115
1923 1937 266
1950 1988 228
1954 2000 134
1960 1996 237
1973 2022 113
1973 1992 108
1987 2022 119
2015 2056 285
2026 2040 209
2031 2070 28
2058 2083 151
2083 2099 285
2104 2141 111
2129 2174 238
2150 2159 230
2158 2179 50
2176 2226 122
2196 2232 171
2223 2237 49
2233 2280 183
2253 2275 250
2275 2284 105
2304 2317 2
2308 2341 268
2309 2330 42
2324 2367 212
2346 2373 116
2361 2399 199
2365 2399 172
2394 2423 152
2394 2400 61
2424 2460 25
2429 2439 256
2455 2503 128
2481 2512 187
2487 2535 287
2499 2542 281
2520 2550 106
2549 2596 265
2554 2555 181
2556 2590 107
2567 2581 12
2585 2627 205
2592 2606 275
2596 2626 51
2613 2625 197
2640 2689 269
2646 2693 283
2657 2675 291
2667 2689 89
2675 2702 230
2705 2720 115
2733 2748 164
2753 2789 43
2778 2790 170
2790 2803 165
2807 2842 228
2832 2839 126
2846 2885 68
2862 2873 290
2882 2915 274
2903 2952 83
2905 2942 128
2931 2967 196
2937 2946 60
2959 2982 13
2971 2999 27
2971 2980 298
3001 3019 133
3017 3040 192
3023 3039 188
3047 3084 101
3069 3070 218
3079 3084 96
3090 3127 106
3116 3138 275
3116 3153 152
3130 3145 31
3144 3177 109
3163 3182 66
3177 3207 164
3178 3207 63
3196 3203 205
3199 3208 145
3214 3233 191
3219 3221 255
3246 3278 11
3269 3307 2
3273 3290 19
3301 3328 100
3312 3327 156
3314 3357 30
3329 3337 189
3338 3363 141
3360 3388 47
3360 3404 250
3390 3425 21
3417 3432 167
3430 3456 163
3448 3496 104
3463 3485 268
3485 3491 69
3488 3492 209
3502 3541 221
3512 3544 2
3518 3549 236
3518 3543 266
3534 3564 20
3559 3569 18
3567 3610 228
3595 3596 8
3600 3650 179
3614 3664 132
3644 3657 178
3652 3655 259
3652 3689 69
3659 3701 274
3672 3706 276
3678 3716 134
3703 3743 111
3716 3718 51
3737 3786 252
3759 3775 101
3778 3811 285
3792 3820 274
3818 3854 210
3842 3887 127
3871 3913 151
3900 3946 166
3906 3943 220
3913 3956 271
3929 3947 65
3945 3951 108
3952 4002 156
3957 3992 31
3978 4008 81
3999 4022 9
4007 4054 230
4007 4039 9
4030 4043 192
4038 4075 138
4047 4079 126
4056 4098 167
4057 4074 87
4071 4116 271
4077 4120 238
4079 4114 110
4087 4134 91
4107 4148 136
4127 4152 13
4141 4182 87
4163 4171 87
4188 4194 221
4214 4242 113
4244 4256 280
4267 4305 272
4284 4287 218
4313 4333 242
4340 4356 35
4356 4379 105
4357 4370 224
4376 4417 230
4401 4449 84
4411 4445 54
4421 4441 208
4436 4447 73
4443 4476 242
4472 4491 254
4485 4535 111
4498 4531 131
4498 4499 249
4525 4569 103
4526 4571 11
4545 4552 104
4569 4577 238
4572 4608 13
4581 4620 61
4607 4619 43
4615 4661 263
4624 4631 9
4642 4646 156
4650 4689 157
4666 4691 242
4672 4719 107
4696 4744 23
4723 4768 282
4728 4763 162
4739 4744 275
4769 4817 93
4769 4790 295
4780 4793 124
4780 4825 213
4793 4821 212
4794 4811 9
4804 4808 212
4808 4823 47
4833 4871 97
4836 4866 46
4854 4883 190
4863 4867 49
4890 4909 91
4893 4931 7
4903 4919 277
4924 4935 262
4950 4962 269
4953 4955 268
4980 5023 62
4986 4990 281
5004 5025 288
5010 5043 287
5025 5055 131
5045 5048 245
5051 5064 271
5061 5085 292
5086 5126 269
5107 5111 199
5116 5142 177
5119 5124 9
5131 5168 104
5140 5157 47
5156 5200 57
5180 5185 143
5184 5215 201
5200 5218 3
5216 5265 273
5233 5236 32
5257 5279 221
5263 5283 275
5264 5292 192
5292 5326 12
5306 5318 237
5334 5354 48
5360 5404 107
5383 5410 46
5408 5428 77
5426 5451 41
5434 5477 254
5451 5459 288
5476 5502 73
5484 5502 155
5500 5533 248
5519 5521 280
5545 5592 61
5564 5606 224
5572 5605 243
5584 5628 23
5599 5607 101
5601 5619 7
5631 5668 146
5652 5676 41
5653 5689 13
5665 5703 228
5683 5701 72
5698 5709 223
5718 5752 248
5730 5732 112
5759 5780 91
5771 5798 268
5785 5802 181
5800 5832 253
5826 5848 41
5849 5888 84
5853 5875 182
5870 5896 122
5879 5887 145
5879 5891 262
5898 5930 2
5901 5911 194
5916 5931 232
5917 5964 117
5933 5969 249
5937 5964 22
5953 5986 89
5962 5971 256
5980 5988 89
6009 6016 57
6010 6050 84
6027 6065 241
6036 6060 88
6064 6086 295
6075 6119 199
6104 6148 247
6118 6148 216
6141 6144 172
6168 6180 144
6186 6213 85
6203 6229 11
6232 6279 38
6236 6282 190
6251 6283 204
6252 6255 118
6253 6255 256
6264 6293 156
6278 6301 115
6298 6308 202
6306 6316 259
6332 6358 107
6352 6380 93
6375 6415 210
6399 6402 229
6402 6448 198
6424 6472 232
6453 6494 202
6459 6495 25
6468 6511 281
6476 6487 55
6500 6533 138
6529 6561 104
6548 6569 240
6557 6592 200
6569 6571 268
6575 6591 161
6600 6621 225
6621 6633 221
6642 6671 10
6667 6695 130
6681 6695 13
6710 6720 21
6731 6775 162
6761 6799 168
6789 6836 47
6812 6834 219
6837 6879 101
6855 6897 127
6883 6928 244
6902 6911 239
6929 6937 29
6959 6964 176
6985 6998 21
6990 7014 258
7007 7009 245
7031 7035 118
7053 7074 54
7078 7099 285
7079 7096 14
7100 7149 267
7106 7114 117
7115 7154 290
7143 7160 199
7162 7212 119
7191 7241 153
7200 7239 81
7201 7246 276
7224 7240 157
7236 7261 239
7241 7284 96
7259 7273 273
7278 7290 122
7305 7310 197
7314 7328 80
7328 7355 131
7341 7364 135
7357 7383 239
7366 7368 119
7392 7424 133
7415 7459 103
7429 7461 255
7442 7447 201
7452 7457 30
7465 7485 79
7488 7535 232
7518 7534 116
7542 7573 282
7544 7567 262
7561 7600 92
7588 7628 211
7609 7621 29
7634 7654 238
7641 7645 47
7668 7683 246
7679 7726 245
7685 7734 269
7715 7762 82
7739 7748 286
7750 7756 129
