500
19 49 56
19 40 27
43 80 3
52 92 104
75 124 237
83 96 299
89 96 284
89 96 51
119 122 252
120 137 248
135 176 62
136 152 23
166 171 259
167 185 47
195 203 180
200 249 226
224 263 5
231 249 295
259 283 275
274 297 245
287 330 66
298 299 275
301 339 238
311 361 48
323 333 171
342 356 194
367 379 42
373 380 23
386 432 161
395 436 99
406 420 231
410 435 214
429 464 36
435 466 165
450 494 291
474 485 113
475 517 209
491 530 40
500 530 160
500 526 1
512 562 225
517 545 21
524 562 123
529 560 204
552 578 261
556 596 11
577 590 217
583 633 147
613 630 64
642 649 122
644 683 26
663 673 181
674 717 187
703 718 257
728 729 137
755 763 66
764 767 65
790 818 128
801 820 58
811 850 129
813 826 200
824 872 265
849 852 183
857 896 43
875 876 253
896 946 294
917 940 87
941 969 52
965 966 116
985 1029 199
1003 1022 128
1003 1005 170
1026 1031 284
1043 1061 283
1050 1067 47
1066 1102 64
1088 1124 61
1101 1106 199
1129 1176 115
1145 1171 256
1151 1201 250
1172 1214 72
1202 1209 107
1227 1275 102
1242 1278 151
1249 1295 188
1261 1302 50
1284 1329 171
1298 1339 194
1321 1365 199
1343 1388 89
1346 1362 109
1373 1418 160
1385 1428 118
1404 1407 192
1427 1469 40
1446 1452 192
1451 1461 156
1454 1489 42
1471 1481 242
1490 1491 105
1499 1504 220
1520 1531 248
1542 1558 215
1558 1601 161
1577 1582 227
1605 1639 212
1621 1635 191
1630 1675 263
1648 1693 66
1652 1676 78
1670 1720 131
1683 1699 272
1711 1732 64
1726 1776 263
1752 1753 54
1753 1789 46
1764 1810 84
1786 1823 105
1791 1793 8
1806 1816 143
1835 1871 212
1865 1902 121
1881 1929 90
1903 1950 82
1904 1925 105
1925 1958 103
1937 1986 205
1958 2007 43
1974 2024 297
1985 2007 243
2002 2044 15
2014 2044 277
2038 2045 254
2041 2078 103
2056 2100 136
2083 2086 91
2095 2133 89
2125 2129 55
2153 2194 192
2169 2204 277
2189 2196 262
2214 2216 111
2217 2267 37
2229 2244 268
2256 2299 108
2272 2301 42
2297 2301 133
2313 2363 27
2318 2324 255
2345 2362 32
2346 2390 239
2358 2382 29
2386 2404 274
2396 2418 221
2404 2445 93
2434 2479 128
2457 2493 27
2463 2486 255
2463 2482 260
2479 2517 106
2498 2547 153
2521 2532 183
2532 2577 59
2534 2539 194
2543 2546 102
2548 2560 73
2567 2584 292
2574 2615 295
2604 2647 229
2630 2662 52
2640 2658 292
2668 2693 192
2671 2712 239
2677 2723 244
2678 2707 150
2694 2705 169
2723 2767 55
2724 2757 137
2743 2750 254
2746 2796 203
2762 2777 275
2789 2829 259
2803 2825 97
2826 2836 65
2849 2890 277
2859 2884 292
2882 2898 253
2892 2908 169
2908 2934 106
2915 2936 2
2917 2959 157
2926 2932 24
2934 2947 250
2948 2962 3
2975 3002 94
3005 3027 157
3032 3056 194
3057 3078 105
3086 3110 183
3107 3124 180
3131 3142 233
3143 3158 48
3164 3179 128
3171 3214 210
3191 3236 25
3215 3242 155
3239 3284 25
3242 3268 227
3267 3292 266
3289 3321 178
3312 3315 245
3315 3360 215
3316 3346 215
3330 3342 90
3353 3399 78
3377 3390 279
3392 3420 39
3422 3458 279
3422 3468 213
3443 3459 127
3453 3496 134
3455 3500 153
3455 3497 125
3471 3519 266
3495 3539 137
3523 3561 171
3534 3541 127
3540 3560 169
3543 3581 237
3543 3575 224
3564 3614 77
3583 3606 167
3609 3635 49
3611 3622 159
3641 3644 73
3668 3676 130
3694 3738 123
3694 3720 262
3705 3728 131
3709 3724 142
3709 3738 287
3724 3749 225
3735 3782 176
3752 3766 13
3765 3814 113
3770 3803 250
3786 3803 152
3799 3820 115
3814 3818 253
3829 3863 233
3854 3897 20
3859 3898 166
3867 3914 224
3886 3896 142
3899 3943 24
3922 3943 39
3930 3944 191
3951 3984 193
3980 3993 211
3987 4017 293
3994 4000 170
4017 4022 235
4027 4051 108
4040 4068 12
4044 4070 147
4074 4094 172
4091 4124 182
4104 4139 234
4121 4129 242
4128 4129 261
4149 4150 74
4155 4156 82
4175 4181 91
4202 4246 129
4229 4259 37
4232 4270 130
4261 4299 9
4262 4295 155
4290 4321 14
4314 4357 258
4340 4352 165
4360 4402 274
4374 4408 10
4398 4429 239
4410 4429 95
4423 4468 147
4430 4450 95
4449 4492 282
4457 4488 255
4484 4513 13
4501 4516 286
4517 4523 13
4523 4569 10
4541 4574 140
4564 4597 160
4592 4629 76
4611 4657 70
4639 4659 138
4660 4671 137
4688 4699 142
4692 4742 170
4698 4702 85
4699 4708 165
4715 4725 146
4715 4761 98
4717 4740 92
4746 4773 97
4748 4751 192
4756 4757 48
4764 4774 227
4776 4785 243
4789 4816 29
4789 4811 58
4815 4856 240
4829 4873 191
4849 4880 21
4866 4896 272
4884 4917 243
4909 4920 70
4930 4936 266
4955 4998 260
4965 5015 122
4980 4991 126
5005 5040 208
5031 5062 274
5048 5064 193
5077 5122 89
5098 5110 219
5127 5146 216
5157 5158 135
5160 5174 113
5166 5214 155
5177 5205 56
5181 5202 141
5204 5225 33
5204 5254 88
5226 5256 154
5255 5284 73
5262 5286 175
5265 5308 116
5267 5313 286
5291 5316 299
5315 5338 255
5323 5366 213
5331 5341 173
5351 5362 268
5376 5396 150
5377 5427 294
5386 5422 212
5393 5405 293
5422 5469 144
5441 5474 218
5466 5500 255
5496 5516 204
5501 5506 66
5507 5524 237
5528 5538 170
5549 5589 271
5573 5597 123
5601 5648 98
5606 5639 96
5609 5637 293
5617 5659 90
5638 5668 153
5652 5692 172
5671 5715 139
5682 5718 292
5693 5732 81
5721 5732 281
5726 5737 26
5727 5762 124
5739 5761 94
5769 5787 184
5787 5806 240
5804 5834 91
5823 5850 273
5841 5848 156
5864 5887 216
5884 5914 254
5908 5935 29
5930 5933 19
5939 5989 132
5959 5974 212
5984 6010 175
6008 6013 131
6029 6067 55
6038 6055 49
6061 6111 263
6088 6117 273
6117 6127 274
6129 6136 209
6136 6173 216
6150 6198 114
6173 6188 184
6196 6219 200
6202 6216 95
6216 6260 172
6246 6249 169
6261 6299 67
6290 6329 143
6306 6340 112
6329 6355 46
6359 6374 18
6366 6408 93
6379 6391 215
6387 6415 262
6410 6437 271
6431 6475 37
6461 6472 180
6468 6497 203
6495 6533 205
6499 6539 184
6522 6531 220
6532 6560 226
6532 6574 93
6559 6608 278
6580 6625 156
6581 6595 210
6606 6607 208
6607 6612 16
6630 6634 43
6630 6636 236
6653 6693 73
6665 6692 12
6684 6685 80
6710 6719 210
6722 6729 30
6733 6749 235
6758 6806 120
6778 6820 171
6801 6838 51
6809 6841 129
6830 6860 98
6855 6886 28
6868 6894 13
6890 6898 89
6900 6904 235
6911 6921 26
6918 6960 257
6925 6931 283
6934 6964 176
6939 6966 163
6943 6955 286
6962 7008 5
6971 6976 237
6982 7011 67
7010 7048 32
7038 7063 281
7052 7084 76
7077 7084 28
7084 7087 212
7092 7134 298
7111 7151 63
7141 7181 123
7143 7189 138
7168 7203 29
7174 7223 134
7187 7191 106
7205 7214 86
7215 7224 152
7244 7268 269
7274 7300 41
7288 7299 228
7312 7353 88
7334 7353 125
7360 7400 107
7374 7420 160
7379 7408 120
7386 7411 282
7414 7464 95
7441 7450 295
7449 7484 94
7469 7474 49
7495 7507 258
7523 7564 16
7528 7552 11
7548 7576 44
7559 7596 149
7575 7616 237
7587 7634 7
7599 7618 197
7628 7646 106
7634 7661 287
7641 7666 267
7657 7683 260
7679 7694 28
7696 7711 48
7697 7727 197
7716 7753 12
7728 7732 141
7734 7781 74
7740 7784 123
7769 7786 166
7788 7830 239
7810 7851 65
7833 7839 294
7853 7902 108
7875 7907 280
7877 7912 31
