500
29 59 258
41 62 19
52 94 287
79 100 228
92 104 2
108 133 45
116 153 256
143 166 229
143 174 121
161 209 104
180 201 31
190 223 142
206 212 250
214 223 101
232 259 52
260 278 124
272 321 120
288 317 154
303 342 154
306 321 223
325 375 102
347 362 201
375 381 60
386 404 38
397 439 297
398 430 245
416 440 173
419 463 300
437 481 268
451 461 271
452 502 292
468 495 187
491 501 201
501 507 256
514 560 44
521 566 5
551 599 239
570 598 156
577 582 170
591 624 13
601 608 42
619 638 233
648 677 294
654 698 217
683 708 290
704 727 133
734 767 18
750 751 121
760 786 166
761 772 188
791 792 239
809 825 19
834 849 147
862 873 17
868 904 223
892 918 117
892 909 142
915 918 11
932 965 75
942 988 202
972 1013 197
987 1033 95
988 1011 88
1011 1012 268
1011 1047 281
1036 1054 67
1042 1092 63
1063 1077 300
1072 1077 198
1096 1139 116
1104 1114 144
1109 1137 83
1115 1139 104
1123 1143 168
1141 1163 109
1169 1194 126
1184 1185 209
1189 1221 42
1202 1219 215
1217 1249 31
1223 1243 98
1242 1292 144
1250 1267 28
1250 1262 90
1253 1278 68
1258 1283 285
1273 1278 285
1276 1279 65
1292 1328 198
1304 1316 288
1322 1347 140
1352 1353 224
1376 1422 181
1405 1408 158
1434 1453 45
1456 1498 15
1466 1506 26
1495 1499 276
1508 1552 226
1533 1563 34
1533 1558 111
1537 1580 235
1550 1576 178
1554 1563 22
1558 1559 176
1588 1614 260
1618 1667 152
1623 1628 264
1645 1662 66
1675 1685 86
1703 1750 162
1717 1743 200
1721 1766 276
1733 1778 226
1736 1766 158
1759 1800 140
1770 1775 85
1774 1775 136
1778 1791 234
1803 1804 105
1829 1872 126
1852 1855 293
1856 1884 282
1877 1893 202
1885 1900 165
1892 1922 23
1913 1961 174
1919 1924 38
1949 1958 79
1950 1983 38
1963 1972 274
1989 2019 160
2000 2005 247
2006 2042 33
2033 2065 109
2047 2087 241
2058 2108 128
2062 2077 183
2075 2122 66
2092 2131 8
2114 2146 117
2125 2127 65
2132 2165 257
2145 2186 53
2165 2184 130
2181 2214 257
2195 2213 193
2199 2238 120
2206 2239 30
2210 2224 21
2225 2231 54
2249 2295 78
2273 2306 7
2302 2306 291
2321 2367 239
2325 2360 125
2347 2383 289
2353 2386 292
2379 2419 220
2389 2426 17
2391 2416 20
2413 2428 87
2443 2468 78
2465 2507 214
2477 2519 215
2478 2479 124
2501 2542 150
2529 2543 127
2559 2599 77
2570 2595 206
2580 2607 260
2582 2591 239
2593 2632 284
2603 2651 239
2603 2637 145
2612 2648 102
2625 2641 44
2634 2683 27
2647 2693 3
2667 2682 2
2682 2709 221
2695 2707 99
2707 2754 65
2720 2734 263
2720 2759 226
2727 2774 176
2748 2776 299
2777 2800 115
2792 2824 200
2816 2843 146
2844 2845 178
2874 2922 107
2888 2929 104
2895 2927 146
2912 2943 293
2917 2932 19
2937 2944 135
2948 2978 240
2957 2979 264
2975 3003 233
2994 3029 100
3022 3056 30
3027 3031 48
3047 3058 222
3072 3120 212
3097 3131 267
3127 3137 29
3136 3146 232
3160 3170 144
3169 3177 276
3177 3186 241
3200 3205 84
3206 3212 228
3232 3242 234
3261 3272 72
3269 3284 139
3287 3335 211
3301 3313 104
3330 3331 44
3338 3371 66
3341 3343 243
3352 3380 201
3356 3361 174
3361 3400 246
3384 3430 253
3386 3423 19
3414 3440 201
3425 3448 126
3428 3456 47
3436 3443 256
3454 3500 71
3472 3479 118
3492 3538 123
3498 3523 217
3505 3537 190
3510 3512 40
3521 3530 6
3541 3576 157
3541 3581 300
3567 3591 276
3586 3609 280
3614 3640 154
3624 3669 11
3652 3675 180
3677 3678 250
3678 3721 291
3684 3707 90
3702 3708 114
3732 3758 275
3740 3744 33
3755 3792 298
3777 3803 216
3778 3786 127
3778 3823 293
3803 3844 206
3804 3844 154
3805 3847 33
3811 3816 270
3834 3837 87
3845 3846 212
3869 3900 299
3899 3914 101
3925 3946 188
3928 3948 198
3929 3935 192
3948 3973 221
3950 3990 180
3968 3989 35
3980 3997 123
4004 4039 276
4013 4045 83
4035 4036 142
4062 4069 128
4075 4111 95
4085 4092 254
4091 4131 133
4103 4120 54
4117 4126 47
4131 4180 289
4140 4168 274
4167 4199 41
4169 4186 175
4189 4219 186
4199 4247 240
4206 4212 100
4207 4232 51
4220 4268 283
4226 4269 285
4234 4237 51
4242 4286 247
4258 4283 292
4282 4316 199
4285 4312 279
4315 4359 80
4318 4352 278
4345 4376 4
4363 4366 31
4377 4380 44
4398 4402 177
4402 4426 281
4415 4422 107
4444 4455 252
4444 4468 94
4448 4458 158
4451 4458 7
4465 4481 104
4490 4534 283
4495 4513 249
4514 4523 104
4518 4558 175
4532 4541 146
4532 4548 192
4552 4602 91
4559 4567 148
4573 4603 260
4589 4601 96
4614 4664 203
4636 4652 243
4643 4677 84
4667 4674 146
4682 4704 110
4705 4721 270
4705 4750 190
4708 4751 287
4710 4724 83
4721 4737 185
4739 4776 66
4747 4759 106
4747 4787 145
4751 4754 273
4764 4772 103
4786 4788 86
4800 4824 193
4801 4821 229
4827 4875 226
4849 4859 206
4865 4883 179
4890 4912 60
4897 4933 246
4927 4955 86
4935 4965 57
4946 4951 27
4946 4995 298
4946 4981 232
4966 5001 144
4973 4988 124
4978 5024 156
5003 5048 135
5028 5074 198
5047 5094 166
5072 5111 40
5090 5116 21
5110 5145 79
5134 5146 167
5134 5175 241
5156 5173 72
5169 5172 132
5193 5227 147
5205 5217 50
5228 5243 8
5232 5264 79
5243 5260 93
5267 5273 122
5294 5309 213
5306 5314 110
5330 5342 180
5333 5339 109
5355 5391 196
5364 5403 292
5385 5397 108
5406 5453 2
5417 5437 267
5429 5474 9
5454 5471 272
5458 5475 279
5462 5488 213
5492 5518 235
5521 5526 293
5544 5560 14
5568 5592 5
5587 5605 185
5615 5630 19
5642 5680 135
5661 5696 120
5665 5700 107
5681 5686 285
5707 5709 27
5724 5772 91
5733 5734 17
5749 5773 286
5774 5806 54
5779 5801 32
5799 5832 222
5810 5821 76
5839 5881 171
5868 5903 286
5882 5911 39
5905 5934 179
5906 5930 262
5928 5975 287
5954 5977 300
5972 5990 96
5999 6010 248
6020 6062 251
6048 6089 200
6069 6103 68
6076 6126 292
6082 6090 41
6110 6119 43
6112 6146 104
6119 6142 25
6123 6130 120
6132 6159 72
6150 6157 283
6176 6183 90
6206 6253 70
6227 6249 248
6237 6265 143
6243 6289 27
6268 6280 92
6274 6281 13
6304 6344 18
6315 6365 124
6335 6363 181
6352 6377 6
6357 6406 209
6369 6372 107
6375 6393 183
6388 6435 7
6392 6426 143
6411 6447 106
6433 6467 175
6454 6473 158
6482 6524 124
6482 6496 292
6512 6531 277
6527 6558 284
6543 6564 244
6553 6561 127
6564 6571 159
6565 6583 142
6573 6595 292
6600 6618 137
6606 6620 256
6617 6641 4
6619 6637 258
6624 6664 260
6642 6651 69
6659 6704 221
6678 6721 131
6683 6730 15
6690 6723 210
6716 6764 285
6734 6783 252
6744 6767 152
6774 6822 64
6781 6818 296
6809 6845 187
6831 6868 11
6834 6871 53
6844 6866 86
6864 6885 105
6893 6917 265
6909 6952 256
6923 6947 26
6925 6966 261
6955 6966 146
6970 6975 277
6970 6990 143
6978 7025 30
6991 7007 257
7001 7015 158
7008 7022 26
7020 7063 112
7031 7080 198
7036 7051 82
7037 7080 187
7051 7066 120
7065 7074 73
7069 7084 203
7076 7088 145
7095 7108 141
7110 7135 27
7132 7167 174
7132 7144 299
7157 7193 133
7161 7209 88
7185 7234 55
7187 7191 234
7202 7236 19
7231 7260 276
7234 7270 74
7234 7246 64
7235 7285 186
7249 7272 249
7262 7308 180
7263 7278 108
7271 7281 300
7278 7303 186
7280 7286 191
