500
24 52 205
37 80 94
59 101 7
61 66 174
87 119 103
117 165 142
118 127 200
144 180 199
148 164 282
165 199 21
181 212 78
188 197 74
199 244 281
229 257 277
251 274 106
275 318 175
292 302 258
316 338 45
336 367 43
352 378 171
379 388 224
388 390 83
399 445 51
413 423 159
443 454 137
473 501 68
492 508 27
496 528 152
508 558 253
510 513 252
539 578 172
567 602 36
577 587 268
581 603 88
584 622 290
590 631 30
610 642 288
627 636 84
657 689 123
670 697 243
671 707 9
685 725 194
706 745 214
723 730 227
724 732 59
724 744 225
750 777 73
756 771 269
757 777 39
780 819 13
796 818 2
810 830 95
818 839 112
821 838 166
832 861 67
848 865 159
864 906 148
883 931 91
888 894 152
892 919 293
894 940 231
902 923 256
918 930 158
939 967 4
954 973 68
955 978 93
962 996 128
992 1033 77
1015 1049 61
1020 1024 248
1039 1088 149
1045 1063 123
1070 1100 213
1073 1095 101
1081 1098 148
1103 1116 4
1121 1126 14
1144 1193 24
1144 1185 183
1163 1189 211
1181 1187 86
1185 1217 137
1206 1221 60
1227 1275 144
1249 1257 270
1275 1296 223
1282 1284 23
1293 1297 97
1312 1347 92
1327 1334 12
1357 1361 17
1362 1401 254
1386 1394 222
1401 1404 226
1418 1458 269
1439 1452 132
1441 1465 252
1447 1456 95
1452 1484 278
1474 1486 71
1496 1511 167
1500 1519 184
1527 1550 13
1552 1600 38
1575 1584 278
1593 1621 48
1599 1638 80
1618 1629 177
1639 1675 254
1647 1660 226
1675 1709 2
1686 1725 110
1703 1721 253
1708 1750 16
1728 1748 72
1739 1740 140
1747 1762 259
1755 1792 111
1785 1815 111
1797 1847 174
1816 1844 51
1836 1839 167
1842 1849 281
1863 1903 19
1893 1913 137
1912 1933 101
1934 1977 268
1941 1980 273
1947 1975 136
1963 1989 12
1974 2013 132
1994 2024 93
1996 2022 75
2006 2051 50
2033 2073 7
2037 2042 118
2043 2052 17
2048 2098 274
2058 2073 188
2061 2062 146
2076 2078 121
2104 2119 243
2106 2149 59
2120 2166 62
2121 2158 36
2121 2133 162
2141 2155 21
2148 2188 26
2172 2204 31
2187 2195 296
2196 2222 216
2226 2258 182
2230 2254 296
2243 2280 162
2243 2270 173
2263 2312 241
2264 2284 292
2292 2303 8
2318 2335 62
2330 2362 194
2334 2360 184
2349 2397 269
2375 2381 200
2381 2402 54
2407 2435 264
2421 2443 136
2427 2450 110
2445 2494 164
2446 2465 64
2460 2487 217
2469 2504 208
2473 2475 85
2498 2534 10
2519 2528 223
2540 2549 298
2547 2580 53
2562 2577 50
2591 2604 217
2596 2600 159
2611 2651 39
2619 2631 102
2641 2651 183
2647 2662 93
2647 2658 235
2669 2694 51
2678 2692 235
2697 2737 111
2701 2728 97
2714 2739 32
2730 2735 284
2732 2752 275
2740 2776 93
2770 2790 192
2776 2813 201
2783 2809 241
2787 2821 286
2791 2814 182
2803 2822 101
2829 2840 222
2847 2882 233
2873 2901 26
2899 2906 219
2919 2962 155
2919 2927 34
2919 2931 187
2936 2941 249
2952 2989 66
2970 3010 226
2981 3005 144
3002 3038 213
3027 3074 98
3041 3054 159
3057 3103 30
3060 3086 11
3083 3116 163
3084 3115 160
3110 3156 290
3112 3135 233
3113 3141 194
3127 3153 259
3127 3132 290
3130 3158 93
3158 3181 135
3186 3228 42
3195 3208 199
3205 3230 290
3229 3250 202
3254 3293 204
3262 3278 31
3282 3312 86
3288 3331 159
3304 3332 152
3317 3350 74
3344 3392 284
3373 3405 269
3403 3415 242
3414 3441 137
3418 3419 42
3443 3469 146
3459 3482 170
3474 3479 181
3479 3515 180
3501 3526 63
3513 3561 183
3539 3571 258
3551 3575 245
3571 3610 120
3586 3636 233
3602 3630 269
3622 3656 285
3642 3675 53
3658 3698 56
3684 3721 211
3699 3722 261
3714 3764 122
3735 3765 44
3740 3746 73
3763 3768 101
3764 3770 42
3783 3822 121
3810 3855 152
3837 3886 285
3862 3869 197
3892 3929 161
3920 3945 248
3927 3948 273
3949 3958 198
3962 3991 297
3991 4035 259
4017 4042 149
4021 4054 290
4026 4059 188
4046 4069 228
4046 4064 121
4054 4103 154
4079 4124 67
4094 4116 52
4107 4117 12
4117 4132 253
4143 4148 95
4145 4171 39
4155 4204 187
4171 4219 229
4192 4240 68
4194 4204 198
4214 4250 146
4225 4255 107
4237 4252 72
4267 4295 159
4269 4304 229
4286 4334 198
4303 4325 2
4331 4378 37
4352 4368 81
4358 4382 284
4381 4390 115
4386 4399 278
4391 4397 148
4420 4443 144
4444 4465 36
4447 4468 136
4465 4467 164
4482 4515 122
4494 4507 226
4516 4561 129
4542 4559 203
4572 4590 171
4582 4606 119
4598 4618 18
4608 4647 231
4628 4631 82
4634 4677 45
4656 4706 237
4671 4701 33
4671 4679 166
4676 4689 222
4700 4713 105
4724 4729 84
4736 4738 53
4744 4787 36
4747 4792 269
4755 4798 72
4756 4806 10
4756 4794 274
4763 4775 69
4769 4817 4
4784 4812 274
4807 4837 161
4829 4845 278
4857 4902 217
4880 4896 203
4886 4923 110
4891 4905 164
4897 4927 83
4926 4955 97
4941 4953 182
4959 5003 189
4960 4985 22
4981 4982 61
4992 5038 20
5007 5044 55
5017 5053 87
5042 5050 236
5050 5089 149
5059 5074 52
5080 5090 201
5091 5111 170
5099 5135 157
5105 5107 284
5125 5129 77
5147 5185 27
5164 5171 264
5188 5223 300
5191 5198 290
5208 5219 177
5208 5231 112
5218 5264 234
5236 5263 250
5266 5290 158
5288 5328 204
5299 5325 198
5329 5376 37
5348 5362 144
5365 5374 286
5377 5405 31
5381 5403 191
5389 5435 16
5394 5422 226
5417 5424 124
5436 5484 23
5462 5478 145
5464 5512 98
5477 5480 113
5486 5535 97
5495 5519 49
5505 5554 269
5509 5548 66
5533 5538 296
5559 5571 293
5587 5608 284
5593 5614 210
5606 5641 38
5617 5645 125
5644 5689 272
5666 5694 174
5694 5721 58
5700 5722 98
5709 5721 114
5709 5718 152
5722 5756 161
5749 5774 74
5758 5804 182
5780 5800 12
5805 5836 7
5827 5854 65
5848 5890 43
5868 5883 1
5889 5928 269
5903 5936 261
5903 5953 275
5919 5925 295
5937 5950 105
5967 6011 288
5981 6025 117
5983 5997 195
5990 6035 108
5995 6038 65
6005 6016 154
6009 6059 24
6037 6067 275
6054 6070 236
6058 6073 177
6085 6091 138
6108 6119 209
6129 6161 162
6159 6192 119
6178 6222 247
6194 6220 128
6201 6240 180
6218 6236 234
6218 6262 284
6248 6263 146
6252 6298 272
6272 6282 102
6278 6288 198
6286 6329 227
6299 6310 252
6314 6361 238
6338 6355 183
6352 6380 172
6373 6374 71
6402 6409 121
6422 6454 262
6423 6436 262
6449 6486 238
6463 6466 177
6476 6500 221
6482 6518 285
6502 6503 274
6520 6561 176
6548 6590 84
6560 6605 184
6561 6574 284
6563 6571 230
6564 6590 58
6569 6611 280
6584 6597 276
6601 6607 90
6601 6631 290
6611 6638 47
6617 6640 253
6647 6652 274
6670 6700 97
6680 6694 223
6699 6723 236
6718 6754 141
6744 6750 112
6758 6779 257
6781 6801 11
6808 6820 137
6831 6859 52
6860 6878 219
6869 6874 145
6891 6925 94
6908 6922 278
6932 6937 211
6936 6940 300
6936 6986 90
6949 6968 95
6952 6986 215
6968 7003 49
6978 7020 145
6982 7030 63
6989 7012 82
7002 7012 189
7022 7027 220
7038 7081 282
7053 7082 255
7076 7095 53
7081 7107 68
7083 7105 26
7086 7087 3
7093 7095 296
7099 7142 99
7120 7160 53
7147 7190 38
7157 7182 12
7186 7191 197
7207 7220 27
7234 7256 78
7245 7272 43
7259 7295 62
7263 7301 159
7293 7319 2
7294 7314 196
7296 7333 218
7322 7345 53
7350 7353 262
7364 7401 164
7367 7377 289
