500
23 40 11
44 78 297
67 89 50
83 119 298
95 106 77
125 128 206
152 174 10
164 177 105
190 199 279
211 230 276
241 268 184
260 276 59
261 303 293
261 280 263
285 317 217
314 338 230
336 348 71
353 397 84
367 372 249
384 415 75
402 408 41
422 460 273
422 425 234
446 464 62
475 476 196
488 490 174
504 522 52
524 550 111
551 564 230
551 599 240
569 604 99
596 634 239
598 599 58
613 660 199
618 649 90
644 666 39
653 687 204
654 687 107
663 699 28
685 699 187
704 736 139
732 743 238
735 785 170
762 794 167
762 766 233
772 805 76
783 789 269
806 821 267
809 847 277
829 834 197
856 867 101
884 934 90
903 926 85
908 927 22
910 927 80
923 935 251
950 962 157
979 987 221
991 1038 48
992 994 252
992 1034 186
994 1039 249
997 1036 185
1010 1034 91
1017 1046 135
1032 1040 104
1061 1098 169
1075 1094 66
1100 1137 262
1109 1111 261
1129 1145 95
1156 1185 175
1162 1165 153
1162 1169 82
1171 1181 244
1172 1183 152
1178 1209 294
1192 1242 248
1216 1259 296
1224 1250 300
1254 1301 144
1277 1311 193
1284 1315 132
1314 1339 189
1338 1357 107
1354 1371 40
1368 1377 215
1393 1395 192
1404 1423 133
1424 1440 265
1429 1467 235
1459 1479 120
1473 1518 25
1493 1534 214
1506 1535 57
1526 1567 21
1542 1545 78
1562 1567 195
1591 1617 157
1592 1606 62
1622 1650 231
1648 1687 88
1675 1679 254
1687 1689 167
1698 1738 282
1699 1702 26
1706 1751 225
1710 1744 80
1739 1764 286
1765 1799 190
1767 1806 188
1787 1809 195
1795 1813 209
1803 1838 46
1821 1865 113
1825 1864 9
1853 1885 70
1883 1891 248
1897 1906 136
1919 1921 9
1933 1960 223
1953 1996 208
1965 2002 224
1988 2001 125
1988 2021 63
2012 2056 151
2015 2026 131
2023 2045 12
2038 2040 154
2038 2039 14
2039 2067 275
2066 2087 149
2079 2124 139
2104 2135 229
2131 2141 270
2148 2180 6
2154 2173 104
2175 2208 202
2181 2224 278
2200 2220 39
2229 2250 224
2243 2288 295
2272 2310 71
2275 2323 19
2296 2331 89
2311 2329 147
2312 2314 26
2342 2392 115
2350 2367 96
2353 2396 76
2376 2400 209
2387 2397 299
2409 2419 174
2409 2438 103
2411 2420 256
2421 2436 212
2430 2460 179
2442 2478 47
2470 2492 189
2472 2491 204
2492 2497 219
2517 2563 274
2517 2540 120
2528 2532 117
2548 2561 237
2577 2583 13
2583 2589 48
2593 2597 171
2620 2661 155
2621 2639 101
2631 2651 144
2640 2658 61
2664 2667 256
2678 2705 175
2700 2745 88
2721 2758 102
2740 2743 160
2748 2783 95
2772 2810 57
2784 2788 142
2799 2812 141
2818 2845 147
2841 2852 66
2863 2895 70
2879 2911 209
2881 2894 1
2899 2903 296
2918 2922 131
2928 2947 81
2948 2968 103
2976 2985 73
3005 3038 118
3020 3049 141
3029 3044 299
3050 3052 245
3055 3057 66
3074 3095 113
3098 3134 24
3112 3162 255
3124 3141 276
3128 3165 153
3154 3194 145
3164 3211 87
3167 3209 261
3171 3199 156
3187 3222 20
3210 3243 72
3233 3276 47
3256 3304 184
3272 3309 71
3279 3297 12
3309 3314 279
3328 3362 95
3342 3377 282
3355 3398 279
3363 3412 142
3376 3418 288
3399 3408 268
3403 3422 6
3407 3421 12
3418 3458 276
3437 3480 92
3451 3466 65
3474 3515 129
3504 3550 109
3527 3573 171
3544 3565 139
3567 3602 176
3574 3603 95
3587 3607 162
3596 3601 78
3599 3627 67
3628 3673 191
3637 3686 17
3661 3682 41
3675 3693 206
3698 3734 191
3719 3738 295
3742 3749 245
3743 3790 167
3752 3798 185
3757 3801 128
3776 3806 276
3800 3809 288
3828 3865 250
3845 3873 133
3860 3909 103
3865 3911 109
3882 3918 208
3900 3904 75
3925 3948 207
3940 3985 32
3962 3972 268
3973 3995 163
4002 4039 129
4005 4047 238
4024 4030 253
4043 4085 110
4057 4078 157
4067 4087 127
4093 4107 123
4116 4150 77
4139 4152 263
4144 4173 91
4148 4154 230
4160 4193 184
4177 4210 126
4182 4227 72
4204 4247 170
4213 4253 8
4214 4224 230
4224 4259 161
4244 4246 196
4244 4286 105
4268 4295 72
4272 4315 84
4298 4321 75
4312 4348 93
4329 4355 25
4353 4391 239
4363 4369 248
4382 4413 112
4393 4410 249
4400 4440 277
4400 4439 38
4407 4431 179
4416 4419 58
4443 4456 141
4461 4502 217
4471 4504 86
4477 4493 255
4492 4500 201
4515 4543 292
4515 4534 296
4526 4575 82
4546 4574 45
4576 4618 152
4584 4614 50
4612 4655 280
4637 4650 243
4663 4693 207
4686 4718 10
4711 4759 119
4718 4733 131
4718 4740 54
4736 4758 204
4736 4780 23
4756 4806 290
4760 4781 292
4760 4806 246
4788 4792 55
4789 4794 101
4806 4838 87
4808 4822 299
4818 4833 84
4840 4876 116
4844 4873 245
4850 4897 64
4862 4896 169
4886 4892 54
4916 4926 215
4927 4969 27
4930 4974 211
4947 4997 31
4969 5004 219
4977 5002 58
4997 5005 231
5015 5049 211
5027 5053 72
5040 5075 61
5041 5045 170
5041 5079 92
5057 5059 117
5079 5121 260
5108 5134 183
5120 5165 116
5138 5188 31
5141 5165 280
5151 5185 273
5166 5208 74
5190 5220 158
5205 5219 241
5206 5236 60
5235 5283 280
5252 5285 199
5263 5279 100
5290 5332 53
5291 5336 55
5307 5310 112
5307 5308 258
5332 5361 80
5357 5372 268
5387 5410 265
5409 5423 140
5423 5456 265
5424 5445 63
5427 5468 288
5451 5454 6
5469 5477 53
5476 5524 148
5505 5528 82
5530 5545 160
5548 5564 131
5562 5577 9
5579 5610 208
5599 5648 231
5602 5622 44
5626 5630 55
5636 5667 248
5643 5668 19
5666 5698 176
5674 5680 163
5679 5717 122
5685 5700 238
5695 5706 236
5702 5742 97
5712 5744 169
5718 5755 125
5722 5755 9
5742 5787 144
5758 5791 249
5786 5831 81
5792 5828 66
5808 5857 52
5820 5862 2
5841 5842 252
5848 5864 205
5875 5879 93
5905 5906 292
5916 5950 295
5926 5956 74
5934 5972 21
5943 5957 258
5953 6002 125
5961 5965 287
5972 6022 56
5995 6035 44
6024 6045 183
6026 6071 53
6035 6068 178
6052 6065 276
6052 6065 74
6068 6103 205
6074 6088 69
6083 6085 197
6105 6142 24
6116 6120 96
6130 6151 47
6152 6201 58
6167 6190 54
6177 6218 273
6195 6215 46
6201 6248 198
6205 6234 136
6210 6248 142
6223 6257 239
6239 6284 18
6264 6306 127
6276 6318 17
6282 6316 224
6290 6315 266
6294 6332 56
6314 6354 300
6331 6369 117
6359 6373 196
6360 6388 217
6385 6388 51
6385 6428 206
6393 6397 280
6403 6428 106
6417 6467 255
6427 6430 19
6427 6444 114
6435 6477 228
6461 6472 63
6489 6514 52
6515 6562 233
6519 6530 169
6526 6566 135
6540 6554 208
6542 6575 42
6550 6590 70
6562 6587 102
6588 6614 279
6600 6608 258
6618 6623 112
6625 6645 256
6630 6680 6
6643 6690 172
6666 6672 258
6695 6735 164
6704 6724 67
6715 6727 80
6718 6738 170
6741 6747 43
6747 6770 297
6762 6802 294
6764 6771 292
6792 6826 225
6805 6830 269
6821 6838 111
6821 6862 165
6846 6887 149
6851 6890 274
6870 6888 60
6896 6908 89
6904 6947 38
6917 6966 39
6927 6941 121
6936 6958 18
6938 6971 89
6949 6950 196
6952 6971 192
6977 6999 12
7006 7019 38
7031 7063 10
7036 7053 78
7056 7099 157
7063 7080 93
7079 7116 60
7102 7108 46
7120 7155 240
7143 7174 94
7145 7182 37
7171 7207 189
7189 7222 214
7218 7237 179
7224 7244 161
7225 7229 99
7250 7280 159
7275 7290 179
7304 7343 198
7327 7373 119
7334 7348 27
7350 7351 138
7370 7386 83
7400 7417 80
7423 7457 59
7450 7498 222
7465 7475 248
