500
28 66 215
40 56 183
43 50 292
64 101 150
65 113 41
73 119 55
82 131 46
87 108 80
110 122 215
117 118 216
122 124 197
126 128 123
146 194 2
159 175 184
181 216 230
202 252 139
203 241 82
228 268 192
242 281 17
247 289 200
261 269 152
270 282 62
287 335 173
304 331 97
305 341 250
319 366 180
345 380 298
373 396 224
392 437 294
412 415 99
418 447 56
428 453 245
429 455 2
433 479 248
437 487 90
458 491 179
473 523 265
483 526 170
486 534 185
502 551 299
514 547 24
541 582 140
560 566 38
584 607 95
591 612 119
615 663 174
622 630 49
649 690 170
659 704 197
681 726 55
704 736 105
718 723 269
721 758 48
730 744 146
741 765 59
768 815 172
776 798 160
787 824 139
793 814 201
798 841 75
815 864 4
839 861 264
842 849 97
869 871 276
872 892 163
895 943 214
905 944 112
909 940 198
937 965 46
960 967 202
969 981 285
989 1020 109
989 1001 239
1016 1050 32
1038 1072 83
1052 1092 2
1065 1092 263
1077 1100 135
1101 1138 222
1113 1156 195
1117 1128 68
1136 1159 176
1160 1172 54
1172 1217 32
1179 1198 109
1200 1227 37
1212 1239 175
1216 1230 96
1233 1259 93
1235 1246 262
1246 1288 116
1254 1263 140
1276 1278 67
1291 1307 86
1296 1317 146
1302 1351 81
1302 1303 23
1332 1358 145
1361 1401 227
1389 1399 248
1418 1454 138
1432 1474 24
1439 1485 237
1468 1517 298
1478 1491 221
1508 1541 163
1520 1541 165
1538 1553 291
1546 1587 293
1556 1598 191
1584 1611 275
1596 1612 7
1608 1632 43
1627 1638 292
1629 1653 23
1646 1671 268
1666 1702 75
1695 1696 1
1702 1749 66
1711 1727 65
1719 1757 167
1726 1730 153
1745 1761 100
1766 1797 170
1779 1823 199
1808 1825 229
1809 1812 152
1814 1839 126
1839 1885 7
1845 1884 36
1865 1908 129
1881 1884 70
1887 1890 10
1911 1956 171
1926 1950 263
1956 1977 89
1984 2001 87
1997 2041 250
2020 2040 198
2020 2049 111
2043 2070 117
2052 2076 229
2069 2113 187
2074 2101 212
2093 2136 287
2099 2142 95
2129 2179 136
2140 2156 262
2144 2146 257
2150 2176 151
2151 2183 44
2180 2227 20
2185 2207 24
2202 2252 122
2210 2215 120
2230 2266 143
2250 2265 85
2263 2273 85
2288 2314 292
2310 2357 216
2319 2334 273
2340 2375 75
2350 2395 67
2350 2354 229
2352 2354 242
2352 2376 195
2379 2397 47
2401 2418 56
2423 2424 37
2432 2468 251
2457 2459 255
2472 2475 82
2473 2475 16
2477 2505 240
2504 2542 4
2504 2516 89
2512 2521 206
2519 2549 27
2547 2571 56
2547 2587 115
2549 2579 65
2565 2609 15
2566 2581 122
2569 2608 242
2575 2594 99
2596 2603 178
2598 2639 59
2607 2626 89
2635 2664 71
2653 2703 65
2654 2691 35
2678 2723 235
2704 2726 125
2718 2726 127
2732 2755 163
2744 2769 185
2749 2774 31
2770 2795 143
2792 2826 296
2814 2859 221
2838 2870 250
2863 2905 290
2875 2882 266
2881 2889 26
2889 2933 48
2919 2927 136
2919 2925 142
2944 2955 286
2970 3005 68
2992 3018 48
3022 3070 237
3042 3061 124
3060 3089 229
3067 3102 193
3082 3115 57
3084 3089 112
3093 3109 246
3099 3124 278
3103 3130 293
3105 3115 242
3107 3122 116
3119 3163 276
3132 3154 39
3138 3179 87
3150 3153 8
3178 3205 25
3179 3184 53
3207 3234 11
3236 3250 122
3254 3286 48
3273 3283 84
3288 3290 265
3305 3316 193
3307 3322 2
3318 3354 98
3348 3371 149
3369 3402 126
3380 3403 183
3390 3394 85
3400 3428 154
3410 3431 161
3434 3435 264
3460 3478 57
3479 3485 285
3501 3536 18
3507 3542 173
3524 3531 97
3548 3580 203
3566 3616 294
3571 3586 73
3573 3610 249
3591 3638 152
3613 3655 187
3614 3651 243
3634 3669 243
3664 3692 11
3692 3707 289
3710 3745 18
3719 3737 107
3729 3733 79
3740 3751 196
3743 3775 99
3752 3786 163
3758 3795 246
3770 3819 290
3795 3831 267
3823 3831 134
3848 3894 33
3876 3900 76
3882 3897 15
3912 3913 96
3913 3923 170
3941 3966 281
3961 4002 192
3965 3992 28
3984 4000 24
3991 3996 154
4007 4041 64
4030 4031 240
4036 4079 6
4040 4072 226
4066 4108 255
4066 4070 193
4070 4093 91
4082 4086 164
4083 4086 256
4092 4129 299
4106 4128 174
4110 4125 69
4119 4150 75
4139 4178 89
4140 4166 18
4163 4205 133
4193 4231 120
4220 4242 80
4242 4243 114
4271 4276 250
4280 4294 5
4295 4327 251
4323 4335 36
4343 4349 226
4356 4377 83
4364 4394 291
4390 4415 89
4405 4446 189
4410 4430 114
4415 4420 165
4425 4472 93
4446 4491 103
4472 4491 280
4501 4531 110
4512 4548 63
4512 4561 73
4517 4525 137
4526 4533 181
4556 4604 16
4565 4609 253
4590 4619 90
4612 4623 252
4612 4635 189
4636 4643 249
4663 4702 126
4670 4716 16
4673 4679 243
4686 4694 73
4691 4706 47
4697 4706 206
4717 4725 276
4740 4782 34
4762 4780 76
4786 4833 2
4809 4810 184
4822 4865 47
4830 4856 12
4850 4861 185
4864 4910 256
4864 4881 168
4871 4882 255
4883 4906 237
4890 4916 96
4920 4936 81
4931 4969 42
4947 4951 250
4967 4984 247
4970 5012 291
4981 4987 43
4989 5036 166
5008 5019 237
5029 5079 135
5056 5103 24
5076 5115 165
5098 5130 100
5124 5130 85
5152 5171 270
5165 5209 26
5167 5168 210
5188 5228 276
5211 5233 244
5234 5239 234
5254 5262 135
5271 5305 114
5301 5319 129
5309 5355 85
5323 5363 226
5350 5358 132
5364 5400 95
5385 5389 204
5386 5427 205
5392 5404 105
5417 5460 192
5438 5469 10
5467 5485 103
5473 5514 270
5501 5529 158
5526 5530 167
5526 5565 30
5533 5561 157
5543 5573 167
5571 5586 188
5577 5585 79
5589 5636 113
5600 5615 166
5610 5625 112
5611 5637 284
5611 5630 267
5611 5630 121
5623 5658 47
5648 5695 167
5667 5690 172
5669 5682 44
5697 5712 213
5706 5732 63
5713 5732 184
5736 5753 36
5761 5778 212
5778 5824 224
5779 5793 40
5791 5819 195
5806 5830 254
5812 5856 260
5832 5878 181
5854 5863 48
5871 5894 280
5872 5894 195
5877 5891 13
5893 5929 299
5920 5937 21
5950 5954 257
5961 5986 200
5983 5992 175
6013 6057 109
6041 6049 181
6049 6094 154
6059 6060 24
6069 6102 47
6086 6089 35
6088 6094 27
6088 6092 183
6093 6142 9
6096 6105 295
6118 6139 69
6132 6133 71
6140 6167 82
6153 6169 23
6161 6175 206
6178 6201 226
6198 6245 194
6209 6235 102
6233 6272 170
6241 6262 289
6246 6280 46
6248 6285 223
6254 6303 297
6273 6305 10
6282 6328 32
6305 6320 178
6307 6349 255
6311 6359 271
6335 6377 185
6362 6403 143
6385 6420 238
6402 6409 84
6409 6457 196
6426 6467 280
6448 6471 92
6472 6493 186
6491 6539 96
6518 6568 88
6529 6542 162
6552 6569 81
6569 6572 124
6571 6607 260
6586 6624 26
6608 6610 266
6629 6653 130
6642 6678 294
6661 6702 91
6670 6676 3
6670 6695 57
6693 6735 54
6718 6726 29
6732 6770 290
6747 6760 31
6772 6792 144
6799 6845 107
6820 6844 213
6832 6855 217
6849 6858 230
6872 6901 268
6889 6918 70
6915 6944 49
6935 6947 83
6956 7001 271
6976 6984 108
6991 6993 242
7020 7051 40
7043 7086 256
7050 7086 43
7070 7071 257
7083 7092 136
7098 7120 21
7118 7129 129
7121 7158 202
7135 7167 164
7165 7179 232
7193 7220 129
7220 7251 263
7236 7239 36
7253 7275 96
7278 7302 135
7289 7300 92
7289 7308 219
7300 7324 209
7300 7317 153
7330 7334 234
7333 7378 185
7351 7390 164
7381 7383 48
7383 7385 15
7403 7405 23
