500
24 71 230
46 66 157
51 68 7
81 85 104
95 99 284
119 158 283
131 164 197
153 192 247
160 173 117
173 219 32
191 234 97
202 217 101
211 254 254
221 245 228
223 259 260
239 271 298
262 263 37
282 324 236
286 303 65
311 340 284
328 347 76
349 357 298
376 399 211
387 419 202
410 417 59
430 465 43
444 487 226
452 467 94
471 504 272
496 502 84
510 535 200
526 530 73
548 552 13
575 611 115
592 608 291
595 620 115
600 602 126
623 672 170
650 676 104
666 697 158
693 715 109
707 710 207
717 765 128
739 769 133
768 784 296
788 793 136
814 828 87
822 864 259
850 885 223
857 873 43
879 914 12
905 908 249
934 966 35
963 982 44
984 1010 39
992 1032 15
1006 1020 102
1019 1030 290
1021 1067 71
1041 1057 178
1055 1081 187
1068 1116 181
1075 1095 239
1098 1101 7
1112 1115 194
1131 1134 47
1144 1193 140
1152 1184 57
1156 1180 236
1169 1196 271
1186 1233 19
1200 1240 146
1223 1265 32
1224 1272 77
1247 1271 259
1270 1287 209
1291 1336 292
1300 1338 48
1325 1368 245
1345 1394 120
1370 1381 258
1386 1399 246
1402 1446 51
1403 1452 15
1417 1421 166
1419 1436 254
1435 1481 219
1454 1489 296
1467 1471 111
1478 1506 233
1488 1510 146
1499 1515 157
1514 1537 93
1536 1582 300
1539 1571 4
1541 1579 9
1553 1571 152
1572 1590 92
1589 1593 144
1606 1608 96
1619 1643 265
1635 1673 28
1647 1675 155
1675 1692 73
1704 1707 284
1716 1730 296
1717 1766 9
1742 1745 103
1764 1802 2
1785 1811 243
1791 1799 3
1796 1804 233
1813 1830 193
1833 1858 53
1860 1897 185
1890 1910 135
1903 1916 135
1910 1931 193
1911 1940 254
1926 1941 36
1946 1964 144
1946 1949 144
1950 1991 154
1975 2025 120
2005 2024 65
2011 2026 60
2041 2059 293
2066 2067 56
2066 2116 106
2066 2073 271
2095 2139 22
2098 2135 45
2106 2110 246
2111 2118 180
2120 2125 157
2139 2173 270
2156 2189 202
2161 2198 21
2184 2211 57
2194 2222 120
2208 2217 108
2229 2274 262
2254 2303 228
2269 2293 123
2299 2316 144
2310 2354 108
2331 2381 63
2343 2385 101
2351 2374 176
2355 2380 3
2355 2397 226
2369 2385 121
2369 2375 4
2385 2390 76
2386 2425 7
2396 2427 220
2399 2438 184
2408 2431 214
2429 2472 68
2445 2455 121
2464 2500 150
2474 2520 142
2475 2514 210
2501 2510 29
2523 2572 299
2528 2534 77
2531 2575 124
2549 2559 122
2556 2564 242
2556 2577 191
2572 2600 280
2578 2628 192
2591 2623 241
2612 2658 105
2615 2660 159
2638 2658 155
2644 2685 98
2667 2684 193
2669 2675 206
2684 2706 164
2687 2702 81
2703 2712 1
2716 2744 249
2720 2760 270
2739 2761 92
2753 2777 153
2759 2802 40
2763 2783 55
2789 2797 99
2819 2827 294
2835 2865 67
2861 2867 47
2891 2898 182
2907 2949 191
2916 2936 32
2934 2941 184
2938 2987 104
2963 2972 125
2986 3011 161
2997 3000 259
2998 3006 94
3009 3025 240
3018 3038 150
3031 3034 244
3055 3059 238
3081 3127 154
3104 3123 91
3109 3157 242
3128 3157 247
3157 3160 299
3176 3213 156
3192 3223 202
3221 3237 182
3249 3271 284
3269 3288 229
3285 3302 22
3293 3295 127
3304 3340 72
3309 3310 279
3328 3357 188
3342 3381 30
3362 3405 208
3386 3411 134
3408 3448 80
3435 3437 188
3442 3471 158
3450 3457 47
3478 3501 232
3483 3511 169
3486 3527 297
3507 3538 299
3519 3542 55
3538 3587 236
3554 3603 163
3560 3570 235
3569 3584 194
3582 3598 158
3608 3638 203
3614 3624 78
3638 3677 38
3645 3660 80
3650 3673 276
3673 3690 243
3702 3703 295
3711 3745 82
3724 3728 249
3752 3799 242
3768 3798 228
3791 3823 45
3805 3830 168
3806 3851 175
3825 3854 243
3826 3837 48
3851 3874 32
3865 3905 66
3881 3918 263
3891 3932 106
3919 3929 299
3939 3973 243
3940 3978 208
3953 3974 124
3973 4017 204
3989 4030 85
3999 4048 117
4011 4024 88
4026 4048 195
4052 4086 42
4072 4105 104
4095 4122 232
4106 4111 63
4125 4131 160
4129 4160 123
4155 4198 198
4170 4188 65
4181 4207 104
4186 4229 174
4193 4226 266
4220 4237 65
4247 4264 140
4264 4295 98
4294 4334 275
4312 4332 48
4325 4367 65
4354 4397 125
4375 4403 170
4385 4434 22
4399 4432 9
4405 4433 25
4434 4442 291
4464 4473 188
4490 4501 273
4515 4523 172
4545 4589 121
4556 4597 59
4568 4577 276
4591 4596 147
4593 4640 31
4593 4603 120
4613 4640 42
4621 4629 56
4649 4675 122
4668 4698 25
4682 4705 204
4696 4720 48
4719 4738 133
4742 4792 278
4748 4757 150
4771 4789 31
4788 4817 32
4818 4820 66
4824 4835 184
4852 4855 147
4860 4899 144
4862 4888 241
4889 4905 123
4895 4916 176
4907 4957 72
4936 4957 31
4950 4963 243
4957 4963 155
4960 4995 270
4983 5010 129
4985 5015 171
4994 5033 75
4995 5027 140
4995 5031 14
5025 5037 183
5042 5043 20
5055 5072 103
5082 5085 111
5111 5129 277
5112 5121 81
5121 5138 73
5147 5153 98
5172 5191 160
5176 5185 123
5188 5215 226
5189 5227 189
5191 5232 198
5210 5230 44
5215 5231 27
5233 5255 73
5250 5271 12
5269 5285 100
5276 5301 212
5276 5302 141
5293 5322 188
5299 5346 232
5327 5354 113
5347 5389 149
5361 5411 113
5367 5377 206
5380 5402 106
5383 5429 93
5384 5403 225
5405 5442 152
5408 5451 243
5415 5449 227
5437 5456 299
5456 5467 168
5459 5468 257
5468 5473 44
5477 5510 52
5490 5530 152
5516 5520 104
5542 5548 59
5554 5576 33
5584 5611 57
5608 5618 215
5615 5643 266
5615 5633 214
5632 5659 78
5655 5678 12
5664 5699 25
5670 5688 216
5670 5691 134
5696 5719 118
5700 5703 177
5721 5748 92
5730 5765 114
5743 5749 106
5756 5800 198
5772 5785 201
5794 5842 67
5823 5828 63
5852 5863 84
5857 5868 139
5876 5893 165
5898 5909 251
5904 5944 247
5904 5952 135
5913 5935 63
5941 5976 216
5941 5980 48
5941 5973 165
5949 5958 234
5956 5991 167
5959 5991 227
5980 6016 44
5991 6019 257
6011 6053 40
6023 6048 119
6052 6082 43
6081 6100 20
6090 6096 210
6092 6098 225
6099 6138 258
6121 6131 174
6121 6143 49
6121 6132 138
6126 6172 51
6134 6156 216
6146 6178 281
6176 6222 97
6190 6192 170
6196 6222 214
6199 6200 101
6222 6255 138
6232 6265 298
6251 6256 39
6253 6262 279
6258 6259 7
6273 6300 279
6285 6307 216
6309 6330 153
6310 6336 205
6322 6353 236
6330 6339 106
6330 6362 6
6354 6377 136
6379 6411 215
6399 6437 151
6399 6414 151
6404 6446 181
6420 6435 300
6426 6467 184
6450 6452 174
6477 6510 97
6502 6512 124
6502 6549 202
6523 6542 118
6547 6576 133
6553 6584 113
6554 6563 219
6560 6566 30
6582 6597 101
6610 6623 173
6621 6666 50
6627 6662 41
6638 6662 248
6653 6693 94
6658 6689 87
6685 6697 44
6712 6743 289
6740 6777 288
6768 6795 7
6774 6779 196
6798 6818 3
6807 6845 126
6815 6825 80
6836 6857 53
6851 6896 156
6865 6869 83
6870 6889 78
6874 6905 170
6883 6890 125
6906 6935 20
6927 6966 300
6930 6964 20
6944 6973 300
6973 7017 293
6981 7011 15
6985 6995 52
7008 7009 22
7016 7058 235
7029 7054 212
7042 7049 296
7071 7086 283
7077 7079 196
7091 7138 279
7117 7165 158
7123 7136 224
7138 7150 75
7161 7170 149
7181 7208 65
7209 7211 230
7229 7272 300
7232 7276 243
7241 7244 273
7258 7263 96
7271 7309 151
7287 7328 192
7301 7321 84
7314 7321 36
7340 7390 224
7365 7384 174
7380 7418 81
7409 7414 216
7426 7457 62
7440 7453 259
