500
9 35 276
26 44 239
31 81 77
49 56 17
68 81 160
98 117 263
125 153 38
147 192 138
148 167 161
162 202 137
182 223 172
191 224 290
204 248 234
234 276 25
256 268 188
268 310 4
288 312 134
314 332 180
324 351 284
352 396 27
367 377 236
395 418 164
425 472 26
450 477 220
480 499 179
499 517 31
501 507 152
523 529 22
527 552 116
539 573 38
567 577 246
576 609 41
585 611 273
596 615 269
618 668 263
618 654 250
634 642 249
656 689 213
680 726 288
693 711 48
711 760 41
713 751 52
743 768 184
772 776 141
783 806 62
812 830 198
833 882 232
856 861 192
884 909 290
914 962 51
927 965 213
928 969 1
943 986 18
944 987 29
972 988 198
995 1020 81
1003 1034 276
1028 1071 61
1055 1070 200
1067 1070 68
1096 1142 213
1098 1100 160
1119 1145 42
1121 1145 32
1141 1150 218
1143 1144 274
1163 1187 103
1177 1193 129
1177 1200 104
1204 1209 17
1222 1229 274
1248 1272 186
1253 1290 228
1253 1298 59
1263 1313 228
1285 1291 160
1296 1333 49
1320 1357 65
1337 1361 65
1349 1355 229
1366 1372 49
1390 1420 194
1402 1408 221
1406 1433 95
1420 1422 256
1423 1438 6
1428 1441 156
1436 1457 36
1447 1476 59
1452 1480 251
1476 1508 277
1484 1506 177
1490 1532 258
1507 1515 225
1532 1565 118
1562 1570 277
1575 1610 51
1583 1612 133
1607 1629 235
1622 1655 217
1622 1625 230
1636 1653 35
1643 1667 278
1655 1697 252
1663 1691 298
1692 1711 149
1708 1749 84
1733 1762 168
1745 1773 133
1750 1779 139
1776 1818 280
1776 1812 193
1788 1838 83
1810 1834 228
1830 1850 215
1831 1858 135
1846 1893 178
1874 1904 184
1883 1890 236
1895 1925 172
1921 1952 41
1934 1941 152
1937 1983 287
1954 1988 248
1960 2007 107
1987 2036 270
2005 2037 93
2032 2070 157
2055 2091 144
2068 2116 128
2070 2074 208
2079 2127 170
2100 2132 17
2105 2113 26
2113 2122 192
2132 2176 80
2154 2168 227
2167 2170 296
2183 2222 51
2186 2227 45
2188 2193 137
2203 2245 110
2209 2236 221
2230 2255 14
2254 2255 105
2254 2302 246
2256 2304 283
2258 2283 146
2271 2290 169
2283 2307 231
2302 2328 222
2315 2326 240
2315 2324 273
2326 2344 14
2352 2369 3
2380 2389 16
2401 2440 256
2422 2472 296
2451 2475 13
2461 2492 233
2473 2510 133
2489 2530 210
2507 2557 43
2529 2568 39
2547 2590 150
2548 2585 44
2554 2596 70
2584 2606 189
2611 2639 218
2615 2617 31
2628 2659 85
2642 2667 221
2659 2689 148
2668 2697 5
2682 2715 68
2708 2748 120
2723 2726 154
2723 2746 7
2744 2778 229
2763 2795 67
2788 2834 119
2818 2866 4
2843 2858 21
2862 2875 240
2870 2874 189
2881 2922 246
2900 2948 63
2923 2925 51
2924 2966 200
2937 2956 187
2966 2973 54
2991 3034 102
3007 3049 162
3034 3036 291
3063 3095 59
3090 3134 4
3103 3104 21
3122 3125 77
3130 3155 97
3137 3159 296
3139 3180 202
3166 3187 197
3184 3227 158
3201 3245 63
3208 3230 122
3218 3238 5
3230 3235 224
3237 3268 209
3258 3295 188
3259 3286 294
3278 3284 24
3304 3319 10
3329 3337 104
3355 3391 54
3364 3413 190
3388 3424 118
3398 3404 75
3407 3418 125
3434 3461 152
3436 3452 247
3437 3466 269
3459 3502 129
3474 3504 257
3503 3531 248
3524 3548 159
3537 3559 14
3553 3556 297
3555 3559 145
3584 3604 257
3588 3631 193
3610 3638 88
3630 3633 44
3634 3660 50
3660 3669 20
3670 3679 75
3691 3696 91
3695 3726 185
3711 3743 43
3714 3720 258
3723 3751 216
3751 3772 30
3751 3779 196
3756 3782 173
3776 3796 35
3794 3813 115
3817 3823 30
3822 3850 199
3829 3859 229
3829 3859 296
3829 3850 272
3856 3879 183
3864 3868 149
3881 3926 285
3908 3916 132
3910 3916 246
3916 3948 277
3936 3970 106
3942 3966 182
3945 3984 242
3969 4007 153
3971 3999 7
3975 4014 185
3994 4021 126
4015 4017 170
4031 4044 74
4039 4075 90
4062 4083 35
4066 4087 290
4088 4100 170
4090 4107 289
4104 4144 256
4107 4120 31
4130 4154 260
4158 4161 25
4178 4209 231
4203 4244 79
4209 4235 166
4212 4217 233
4215 4261 67
4244 4255 123
4263 4282 11
4288 4303 264
4306 4312 204
4325 4345 39
4349 4369 28
4358 4377 287
4376 4410 192
4378 4420 115
4391 4432 206
4391 4437 34
4408 4421 47
4427 4448 66
4449 4496 149
4462 4476 109
4480 4495 197
4499 4521 33
4514 4519 46
4538 4572 29
4548 4572 208
4569 4609 180
4588 4593 180
4588 4630 264
4607 4643 246
4627 4656 45
4631 4645 195
4654 4685 209
4670 4700 281
4670 4701 281
4679 4699 275
4681 4727 296
4707 4711 273
4736 4785 99
4739 4769 275
4755 4801 73
4760 4778 254
4761 4772 215
4763 4775 54
4781 4802 71
4787 4799 60
4789 4830 21
4811 4834 166
4815 4840 96
4843 4846 288
4850 4854 29
4853 4857 66
4864 4908 259
4886 4920 185
4906 4950 69
4925 4949 212
4939 4947 279
4965 4980 89
4985 5031 70
4988 5022 29
4999 5004 188
5009 5019 17
5020 5028 247
5039 5046 148
5047 5053 296
5069 5109 282
5084 5099 240
5088 5110 239
5111 5127 33
5124 5174 97
5143 5159 272
5154 5165 275
5173 5201 6
5182 5214 84
5182 5227 18
5209 5257 80
5234 5265 99
5252 5287 143
5266 5267 113
5295 5338 20
5316 5353 249
5324 5368 119
5328 5356 90
5345 5346 141
5348 5379 168
5354 5399 212
5383 5427 215
5398 5448 178
5403 5447 99
5432 5465 231
5458 5462 17
5480 5512 167
5502 5519 101
5515 5541 145
5534 5538 20
5539 5576 278
5563 5566 231
5589 5629 223
5606 5655 19
5626 5629 111
5634 5641 119
5658 5683 138
5683 5717 253
5698 5711 104
5725 5771 292
5742 5779 200
5748 5752 71
5772 5782 89
5788 5823 197
5818 5823 60
5837 5842 289
5837 5854 1
5865 5871 20
5892 5908 75
5915 5936 190
5938 5980 289
5955 5999 7
5960 6009 165
5973 5987 109
5978 6006 265
6003 6031 55
6006 6045 262
6020 6029 17
6032 6045 99
6035 6042 143
6046 6093 237
6049 6059 279
6057 6098 42
6058 6070 125
6076 6101 235
6079 6115 93
6106 6119 33
6116 6128 145
6123 6126 189
6141 6153 32
6160 6164 117
6181 6227 227
6181 6193 30
6208 6228 197
6229 6240 269
6230 6277 2
6234 6279 263
6254 6281 194
6255 6279 71
6275 6317 13
6288 6290 203
6306 6315 225
6315 6348 282
6329 6359 298
6356 6399 159
6386 6389 12
6405 6445 139
6425 6471 251
6449 6489 131
6458 6483 57
6472 6495 132
6496 6542 30
6522 6545 261
6522 6539 85
6536 6576 41
6540 6575 38
6567 6586 260
6587 6606 246
6604 6606 249
6616 6621 277
6625 6660 145
6651 6701 117
6676 6684 156
6683 6733 75
6707 6710 23
6720 6759 22
6728 6766 263
6758 6764 64
6787 6821 239
6804 6809 297
6820 6831 146
6836 6866 244
6856 6867 17
6871 6873 218
6877 6881 182
6878 6891 170
6879 6901 185
6906 6925 264
6936 6960 287
6938 6988 293
6957 6992 153
6960 6992 49
6970 6976 248
6971 6981 74
7001 7007 259
7018 7039 275
7033 7053 291
7058 7060 275
7071 7082 1
7101 7143 21
7128 7130 199
7153 7179 265
7153 7194 30
7176 7190 130
7190 7203 36
7203 7227 277
7209 7216 205
7213 7244 222
7222 7266 150
7224 7249 256
7228 7250 226
7230 7233 203
7233 7239 81
7261 7303 58
7269 7306 133
7273 7321 260
7302 7351 184
7330 7348 61
7358 7383 53
7361 7409 252
7361 7408 84
7377 7395 208
7398 7417 100
7416 7451 98
7439 7480 207
7451 7490 106
7473 7476 16
7501 7550 12
7501 7523 221
7523 7554 136
7523 7539 137
7535 7574 64
