500
3 16 249
29 41 226
58 103 71
88 134 279
108 117 283
125 141 158
145 162 44
149 165 296
154 173 63
166 191 108
184 197 10
191 208 93
220 257 131
240 258 272
264 284 171
270 315 114
274 311 152
285 293 56
313 338 237
337 383 123
341 359 100
343 363 147
367 395 73
381 397 233
384 391 119
409 411 189
433 448 164
454 487 285
474 488 51
479 494 180
500 540 68
517 553 210
538 564 290
546 549 286
559 601 244
564 600 58
582 629 150
608 651 176
623 627 78
628 670 167
648 691 104
660 678 10
665 712 299
677 723 134
683 711 52
701 706 23
715 752 254
724 772 145
748 758 11
752 753 267
757 805 195
763 811 245
776 792 246
800 818 55
816 832 257
841 870 247
844 866 173
857 865 85
863 872 273
864 897 199
879 881 201
899 901 246
911 958 130
913 945 144
918 943 27
918 925 66
936 962 67
966 975 224
985 1035 168
994 1015 260
1017 1053 130
1037 1067 218
1044 1091 28
1052 1069 10
1064 1084 120
1073 1116 297
1094 1143 227
1097 1124 296
1118 1120 48
1121 1171 100
1127 1170 137
1137 1143 265
1140 1174 35
1140 1178 213
1168 1207 103
1182 1194 200
1194 1208 292
1194 1243 86
1222 1227 109
1251 1259 216
1269 1319 87
1288 1337 259
1316 1365 111
1341 1365 159
1369 1413 59
1395 1435 179
1416 1455 95
1440 1484 231
1444 1469 60
1469 1481 249
1485 1516 14
1496 1533 168
1499 1510 300
1527 1550 115
1546 1568 243
1570 1601 201
1575 1614 157
1595 1614 126
1602 1614 255
1620 1646 173
1634 1640 48
1635 1655 77
1639 1676 198
1666 1713 157
1687 1699 252
1703 1737 247
1731 1740 92
1744 1766 89
1772 1808 86
1780 1800 115
1789 1823 265
1791 1800 46
1803 1841 204
1826 1865 119
1829 1844 199
1844 1858 145
1851 1856 97
1851 1887 21
1866 1913 10
1872 1873 249
1886 1899 211
1899 1939 132
1904 1911 243
1932 1945 67
1956 1991 194
1966 1983 71
1971 1986 30
1972 1997 47
1979 2020 90
1996 2022 254
2019 2025 14
2043 2087 160
2065 2093 253
2065 2094 73
2074 2087 183
2095 2120 78
2095 2137 235
2100 2118 245
2114 2131 133
2143 2166 178
2144 2155 17
2155 2182 268
2185 2224 240
2191 2231 279
2194 2235 36
2216 2261 223
2225 2253 167
2246 2268 283
2247 2296 251
2261 2295 207
2270 2289 144
2287 2297 144
2295 2344 144
2296 2330 87
2323 2358 103
2340 2362 29
2360 2400 256
2389 2415 290
2404 2406 270
2424 2462 110
2448 2457 122
2478 2510 43
2491 2506 226
2495 2496 277
2507 2556 266
2511 2559 137
2540 2566 219
2569 2616 243
2578 2610 219
2604 2633 96
2606 2648 27
2615 2654 52
2643 2659 282
2653 2663 240
2655 2665 150
2672 2718 227
2672 2676 147
2688 2735 274
2697 2731 207
2707 2726 107
2721 2747 58
2731 2746 178
2753 2757 223
2781 2824 201
2803 2822 263
2823 2851 63
2835 2867 74
2846 2851 15
2852 2890 32
2860 2882 202
2886 2929 2
2909 2936 4
2921 2965 211
2948 2963 5
2963 2965 200
2982 3032 280
2995 3045 178
3003 3045 59
3012 3032 44
3015 3048 246
3019 3064 119
3048 3067 286
3068 3081 44
3085 3114 107
3091 3118 282
3119 3131 210
3128 3132 226
3137 3179 138
3139 3172 267
3142 3168 256
3169 3174 121
3180 3227 225
3190 3222 183
3206 3224 37
3225 3227 224
3235 3269 189
3239 3287 154
3243 3278 102
3255 3304 71
3271 3280 88
3294 3314 224
3300 3333 199
3327 3339 112
3337 3341 139
3345 3395 265
3353 3402 168
3366 3386 154
3368 3384 6
3396 3424 95
3406 3423 69
3406 3410 283
3430 3436 255
3459 3461 243
3461 3481 282
3484 3497 34
3512 3534 140
3517 3532 29
3518 3533 177
3529 3540 300
3535 3573 153
3550 3569 42
3570 3571 227
3600 3640 122
3601 3628 70
3604 3641 235
3611 3619 126
3630 3662 41
3638 3684 193
3663 3674 221
3688 3731 204
3688 3701 111
3700 3708 213
3712 3753 139
3714 3747 15
3742 3755 199
3767 3799 85
3768 3771 263
3798 3801 106
3818 3832 247
3832 3874 267
3841 3868 148
3859 3872 242
3863 3869 160
3892 3907 107
3919 3939 253
3945 3949 258
3950 3964 132
3973 4004 218
3999 4029 88
4027 4032 208
4041 4053 53
4051 4059 118
4056 4058 238
4061 4074 94
4078 4083 269
4090 4140 223
4108 4117 149
4131 4176 205
4146 4174 282
4157 4177 75
4170 4183 127
4171 4184 114
4181 4207 30
4211 4239 15
4224 4247 104
4231 4239 105
4246 4254 190
4267 4315 261
4267 4293 282
4286 4303 75
4290 4308 50
4292 4315 286
4318 4354 198
4325 4341 19
4334 4353 104
4364 4389 84
4381 4384 271
4390 4423 257
4390 4432 161
4419 4424 290
4431 4437 161
4432 4434 58
4451 4475 227
4481 4521 181
4496 4542 177
4523 4573 61
4533 4554 56
4562 4574 143
4582 4599 246
4584 4598 248
4612 4633 270
4632 4653 104
4634 4666 40
4659 4660 124
4671 4679 260
4698 4709 51
4710 4757 240
4735 4744 81
4749 4773 115
4756 4791 230
4773 4823 123
4780 4820 264
4787 4828 188
4794 4812 9
4810 4836 142
4837 4852 181
4848 4876 162
4863 4873 44
4863 4882 109
4865 4881 282
4893 4937 198
4907 4941 119
4923 4967 135
4926 4935 209
4932 4940 128
4956 4973 99
4961 4973 172
4974 5024 160
4997 5037 51
5011 5022 149
5038 5063 70
5039 5050 264
5055 5072 61
5070 5078 50
5074 5090 200
5086 5124 4
5112 5147 2
5129 5139 144
5130 5140 116
5136 5158 127
5166 5208 152
5188 5190 34
5216 5255 203
5243 5263 152
5246 5251 60
5262 5283 256
5263 5282 1
5284 5297 83
5290 5314 298
5313 5359 49
5338 5366 210
5339 5363 296
5365 5412 77
5390 5395 22
5416 5459 261
5441 5467 154
5449 5487 287
5451 5492 101
5472 5492 291
5497 5521 171
5497 5498 231
5503 5521 87
5517 5551 68
5531 5553 288
5544 5578 44
5557 5579 123
5574 5591 240
5580 5594 144
5588 5597 52
5596 5643 175
5621 5640 138
5625 5668 120
5651 5690 287
5676 5697 188
5698 5730 250
5699 5714 105
5710 5757 224
5737 5756 19
5761 5770 251
5777 5811 261
5787 5789 57
5808 5833 210
5834 5853 73
5859 5884 78
5875 5908 21
5901 5916 151
5926 5960 26
5938 5949 296
5945 5963 224
5954 5975 116
5971 6000 24
5991 6038 37
6019 6043 294
6040 6057 61
6059 6066 91
6078 6098 219
6108 6134 119
6132 6135 277
6159 6202 161
6185 6228 296
6213 6237 66
6236 6249 235
6261 6304 151
6264 6281 143
6287 6308 13
6307 6322 103
6310 6311 17
6319 6331 137
6342 6361 124
6354 6391 139
6363 6375 152
6372 6393 4
6385 6394 253
6389 6428 137
6416 6429 221
6442 6447 169
6464 6493 108
6466 6504 265
6485 6508 95
6496 6534 193
6517 6563 4
6519 6541 195
6541 6575 165
6546 6569 177
6561 6564 22
6588 6589 208
6614 6652 200
6628 6677 91
6656 6677 237
6675 6723 257
6697 6715 297
6726 6747 216
6754 6774 293
6761 6773 195
6767 6812 201
6786 6817 117
6807 6837 40
6824 6869 201
6849 6880 56
6871 6874 300
6900 6934 124
6906 6911 61
6913 6921 297
6923 6957 35
6943 6988 205
6953 6997 13
6981 7017 49
6996 7033 91
7018 7035 253
7025 7030 68
7029 7060 245
7035 7074 221
7054 7085 118
7074 7106 174
7098 7114 240
7111 7133 272
7112 7134 177
7119 7163 273
7122 7168 196
7130 7149 287
7153 7176 161
7166 7207 44
7176 7198 278
7177 7203 272
7204 7210 177
7234 7248 66
7260 7283 110
7262 7311 184
7285 7333 173
7304 7354 231
7326 7355 248
7336 7341 299
7352 7370 157
7374 7388 122
7394 7415 91
7405 7416 221
7421 7462 171
7441 7486 79
7468 7490 284
7474 7484 111
