500
26 58 36
28 56 21
34 55 45
58 73 288
62 107 46
76 118 55
86 108 55
116 154 144
142 154 165
160 210 61
176 207 212
186 219 295
207 223 296
229 238 103
229 249 129
249 286 141
265 268 155
272 295 176
298 299 138
300 347 141
307 345 126
308 346 147
328 351 178
344 345 221
358 406 115
375 413 280
378 402 79
393 421 51
414 443 257
414 423 55
427 472 79
445 456 193
462 476 48
486 517 199
488 504 216
513 537 24
539 541 288
553 559 285
580 591 157
596 624 109
601 607 64
609 612 297
621 641 12
635 662 82
657 701 236
685 694 196
685 689 173
698 736 182
718 726 126
744 746 280
769 779 179
773 790 250
800 823 8
824 865 59
832 873 4
842 860 213
857 866 105
881 915 251
883 904 166
883 902 238
887 933 61
911 912 31
939 969 2
963 964 98
969 1016 50
971 1009 190
1001 1009 170
1020 1057 18
1034 1066 266
1062 1080 282
1064 1103 194
1074 1101 115
1090 1102 149
1099 1129 63
1119 1121 55
1142 1182 255
1156 1167 167
1168 1197 238
1187 1231 71
1216 1227 175
1216 1227 249
1224 1239 196
1245 1273 166
1251 1253 166
1277 1284 143
1279 1318 262
1309 1337 243
1319 1345 203
1323 1363 37
1338 1381 296
1347 1361 221
1358 1393 44
1370 1371 13
1386 1429 288
1399 1421 76
1427 1441 75
1438 1443 153
1448 1471 124
1454 1471 79
1482 1502 296
1512 1516 16
1516 1529 177
1519 1539 150
1547 1571 217
1553 1568 200
1565 1607 150
1579 1612 170
1590 1614 204
1603 1651 189
1618 1635 242
1629 1640 57
1652 1667 284
1667 1686 80
1688 1700 216
1699 1739 285
1703 1708 300
1707 1750 181
1712 1751 187
1715 1727 198
1723 1763 291
1738 1784 264
1740 1773 210
1769 1804 53
1783 1827 104
1807 1836 191
1821 1860 213
1821 1842 147
1824 1874 255
1842 1883 108
1849 1860 32
1856 1884 3
1881 1917 211
1895 1910 252
1914 1953 39
1922 1949 45
1932 1948 15
1942 1977 222
1953 1985 299
1954 1960 117
1962 1998 15
1991 2029 21
2012 2013 24
2036 2085 113
2036 2065 274
2040 2045 101
2048 2084 229
2068 2084 35
2077 2083 49
2085 2092 221
2102 2141 187
2109 2133 277
2115 2156 263
2119 2153 300
2148 2193 168
2151 2187 141
2173 2209 225
2189 2190 182
2198 2236 168
2226 2228 4
2234 2245 42
2250 2260 285
2257 2268 64
2257 2307 198
2267 2304 87
2295 2311 85
2297 2302 59
2310 2352 231
2331 2348 126
2356 2381 143
2381 2406 78
2382 2398 60
2399 2421 190
2424 2444 41
2436 2453 26
2436 2483 209
2454 2484 101
2466 2475 262
2494 2498 274
2517 2529 148
2533 2574 162
2538 2547 193
2557 2597 149
2561 2592 210
2571 2612 209
2599 2617 137
2617 2624 269
2634 2672 83
2645 2681 131
2671 2708 74
2673 2703 2
2690 2732 134
2699 2749 162
2721 2760 172
2726 2763 124
2752 2761 172
2782 2815 280
2811 2832 166
2814 2819 135
2830 2869 253
2857 2881 105
2864 2888 187
2870 2897 9
2896 2917 79
2898 2902 60
2909 2943 239
2922 2949 297
2927 2974 255
2930 2958 270
2941 2959 60
2969 2994 93
2990 2991 170
3001 3033 141
3011 3036 192
3026 3072 258
3055 3074 3
3065 3091 33
3077 3114 13
3085 3122 40
3107 3144 159
3119 3123 155
3125 3139 199
3126 3157 49
3146 3187 58
3162 3180 218
3191 3227 295
3202 3225 184
3207 3222 14
3225 3237 210
3250 3263 13
3268 3291 123
3276 3288 147
3290 3314 231
3301 3334 89
3301 3318 24
3305 3335 265
3325 3371 178
3327 3346 87
3342 3343 285
3358 3378 288
3370 3385 79
3398 3406 7
3408 3417 183
3427 3428 198
3454 3504 182
3478 3510 204
3487 3512 48
3502 3524 289
3530 3580 242
3536 3570 234
3558 3603 156
3578 3628 42
3594 3620 149
3600 3612 282
3612 3628 298
3616 3642 142
3619 3664 174
3645 3671 259
3661 3680 46
3666 3675 258
3677 3713 119
3706 3733 6
3707 3717 143
3735 3780 235
3744 3749 232
3746 3764 280
3752 3799 125
3757 3786 33
3758 3792 35
3768 3792 189
3797 3815 24
3821 3866 206
3851 3853 24
3876 3924 160
3897 3915 216
3921 3945 293
3923 3952 58
3949 3996 185
3957 3991 122
3968 3984 161
3987 4011 179
4000 4003 12
4000 4040 269
4018 4054 125
4030 4050 276
4043 4074 221
4072 4114 292
4081 4105 250
4099 4103 2
4103 4136 110
4127 4168 274
4129 4163 185
4130 4155 226
4146 4164 268
4169 4184 170
4184 4220 100
4197 4240 17
4211 4212 163
4236 4251 190
4240 4252 259
4254 4288 69
4273 4312 32
4287 4288 21
4289 4334 263
4294 4334 260
4320 4366 78
4326 4356 241
4338 4355 130
4347 4392 200
4364 4403 227
4392 4431 294
4401 4405 282
4412 4438 37
4442 4488 111
4468 4510 21
4492 4501 265
4507 4539 44
4519 4526 214
4543 4553 61
4548 4588 210
4570 4617 43
4587 4595 62
4608 4640 55
4633 4635 296
4634 4672 14
4653 4667 207
4672 4713 150
4686 4700 78
4698 4727 215
4708 4742 115
4714 4750 169
4725 4751 128
4742 4776 16
4755 4780 125
4784 4786 99
4792 4823 257
4809 4832 85
4829 4858 139
4840 4882 62
4846 4894 159
4855 4894 114
4879 4903 171
4898 4931 143
4911 4958 285
4914 4927 116
4918 4924 264
4927 4957 205
4951 4953 86
4973 5014 282
4983 4984 192
5009 5035 169
5032 5058 126
5062 5105 73
5065 5076 290
5078 5101 184
5100 5139 204
5130 5151 192
5155 5173 292
5157 5181 136
5168 5202 243
5177 5218 63
5192 5235 213
5219 5262 129
5233 5282 116
5257 5270 97
5277 5302 60
5282 5318 79
5300 5330 174
5300 5311 39
5328 5350 125
5334 5369 5
5338 5388 30
5345 5378 47
5359 5373 153
5366 5381 156
5378 5394 264
5392 5434 133
5394 5400 186
5405 5417 52
5407 5427 141
5422 5454 136
5423 5456 156
5453 5494 107
5479 5493 262
5484 5532 247
5494 5495 106
5505 5553 16
5523 5549 19
5540 5551 152
5558 5589 217
5584 5620 230
5589 5594 205
5616 5646 62
5626 5662 45
5653 5670 72
5669 5708 212
5676 5689 166
5686 5715 159
5708 5757 13
5717 5765 273
5740 5785 83
5759 5790 68
5761 5773 112
5761 5771 254
5767 5776 208
5775 5799 298
5804 5806 228
5808 5852 78
5818 5823 6
5829 5879 143
5841 5884 149
5865 5904 166
5881 5915 83
5887 5923 88
5892 5904 292
5904 5916 299
5911 5929 65
5921 5940 71
5931 5954 86
5939 5982 287
5939 5942 63
5964 5983 143
5971 6016 215
5996 6002 256
6021 6066 211
6049 6080 6
6065 6089 127
6085 6121 155
6115 6154 182
6116 6125 130
6137 6179 169
6165 6191 206
6184 6199 124
6187 6200 89
6193 6219 254
6194 6244 124
6216 6257 271
6242 6292 78
6253 6273 4
6264 6292 65
6282 6302 53
6298 6345 144
6317 6331 265
6332 6335 89
6358 6407 223
6383 6418 295
6383 6427 71
6410 6434 156
6415 6424 255
6419 6455 270
6438 6446 65
6445 6486 293
6474 6518 233
6492 6494 292
6494 6533 115
6518 6558 177
6534 6584 40
6555 6585 155
6584 6629 209
6607 6642 127
6615 6653 220
6636 6674 206
6659 6676 249
6684 6689 120
6700 6749 70
6706 6715 89
6726 6739 194
6745 6774 175
6754 6763 37
6768 6798 290
6790 6813 204
6808 6841 77
6824 6873 10
6838 6865 138
6850 6883 202
6850 6852 245
6874 6893 237
6893 6943 182
6922 6928 149
6935 6941 43
6955 6979 216
6960 7008 164
6974 6980 291
6998 7047 120
7009 7018 24
7015 7019 264
7042 7074 27
7050 7096 237
7076 7082 105
7079 7126 300
7086 7106 52
7104 7147 109
7117 7137 191
7132 7147 119
7159 7168 263
7183 7218 168
7211 7240 227
7228 7232 102
7228 7229 66
7258 7269 114
7285 7317 17
