500
29 70 117
53 98 16
71 103 144
76 118 129
76 107 257
90 118 236
105 109 240
130 178 244
158 182 51
181 219 157
192 225 58
213 257 9
230 234 111
257 262 76
266 312 31
280 291 56
286 308 70
303 343 109
310 312 263
314 358 158
341 353 228
342 388 290
344 380 56
360 396 103
388 390 145
397 398 220
405 445 191
435 443 35
457 461 225
457 489 62
461 466 275
477 505 179
479 518 82
487 493 299
490 502 158
498 532 138
510 529 242
516 528 54
521 549 39
530 553 117
554 567 131
562 572 125
569 581 109
583 620 55
594 611 78
595 639 208
614 658 120
630 643 41
633 642 83
654 697 178
682 688 114
709 749 279
714 764 268
724 757 242
732 748 169
762 783 211
765 806 299
775 786 281
804 833 160
828 874 96
840 880 80
858 892 81
875 888 288
888 929 266
893 918 129
907 919 215
937 977 195
958 983 229
962 967 85
981 1011 47
1004 1018 173
1015 1060 252
1042 1080 285
1051 1084 198
1069 1091 233
1080 1127 111
1101 1146 42
1112 1153 10
1134 1169 270
1152 1198 142
1164 1202 128
1180 1224 210
1184 1217 69
1185 1227 130
1201 1221 136
1230 1250 119
1245 1248 13
1251 1293 136
1271 1321 271
1271 1288 84
1271 1279 216
1301 1337 258
1308 1332 145
1326 1373 185
1354 1375 210
1378 1399 122
1400 1411 40
1424 1464 81
1431 1481 106
1447 1486 113
1454 1465 266
1476 1479 18
1492 1520 124
1515 1550 25
1536 1537 9
1562 1597 283
1563 1598 265
1583 1621 266
1608 1646 282
1632 1655 174
1649 1684 141
1662 1689 90
1662 1664 85
1691 1713 164
1694 1696 172
1723 1756 282
1742 1756 165
1755 1785 137
1773 1815 111
1780 1800 204
1799 1829 155
1802 1830 296
1810 1859 176
1824 1843 74
1826 1870 213
1828 1867 41
1850 1882 76
1872 1879 77
1898 1947 251
1925 1962 40
1935 1972 100
1962 1996 238
1992 2036 230
2009 2038 200
2034 2043 133
2057 2082 93
2057 2090 295
2066 2089 275
2068 2116 137
2084 2105 69
2094 2141 201
2099 2123 61
2103 2115 32
2103 2140 70
2122 2152 8
2132 2167 260
2133 2176 47
2144 2146 57
2174 2189 231
2190 2197 40
2191 2217 28
2217 2259 203
2237 2261 179
2267 2286 97
2273 2277 219
2290 2322 62
2313 2346 60
2332 2346 73
2356 2371 132
2368 2382 70
2374 2386 207
2401 2405 108
2419 2458 296
2420 2441 254
2432 2435 94
2447 2495 33
2463 2479 186
2471 2493 89
2476 2522 97
2504 2537 241
2532 2569 280
2537 2547 24
2537 2583 224
2551 2575 99
2553 2589 71
2558 2569 246
2586 2613 229
2612 2649 47
2630 2643 87
2658 2673 167
2671 2681 116
2692 2737 31
2711 2750 95
2726 2749 147
2743 2756 47
2757 2793 133
2767 2785 125
2777 2782 20
2805 2843 22
2833 2857 286
2841 2881 84
2867 2907 130
2893 2942 279
2909 2931 202
2939 2972 185
2950 2984 198
2976 3011 190
2977 3027 240
2985 3016 29
3004 3025 197
3030 3080 82
3055 3089 145
3061 3067 253
3068 3071 214
3080 3119 60
3097 3122 263
3126 3144 204
3148 3195 212
3165 3183 66
3175 3176 279
3191 3241 34
3219 3259 277
3225 3269 262
3242 3268 152
3253 3258 34
3254 3281 189
3259 3308 137
3265 3294 251
3292 3301 170
3303 3315 292
3325 3353 167
3340 3345 103
3347 3394 122
3363 3364 189
3376 3410 115
3403 3438 153
3425 3459 76
3429 3478 258
3430 3451 258
3434 3484 211
3441 3463 91
3471 3518 16
3500 3549 95
3503 3535 186
3507 3532 88
3507 3514 112
3509 3559 222
3509 3552 67
3512 3528 15
3516 3538 204
3546 3585 129
3557 3576 135
3586 3598 100
3604 3633 125
3606 3647 156
3632 3682 68
3646 3647 120
3670 3685 162
3682 3725 298
3705 3744 66
3730 3736 214
3753 3790 274
3779 3785 128
3779 3793 293
3794 3811 209
3818 3823 51
3843 3860 117
3848 3855 285
3861 3879 7
3872 3887 33
3878 3912 231
3905 3939 190
3934 3935 295
3962 4005 71
3985 3999 209
3998 4025 175
4003 4014 246
4010 4054 52
4020 4052 7
4045 4073 156
4064 4106 280
4069 4088 170
4070 4115 213
4096 4139 52
4096 4117 219
4121 4151 167
4151 4187 296
4174 4213 152
4175 4198 65
4201 4212 60
4229 4240 170
4244 4293 294
4258 4284 63
4273 4274 242
4296 4330 145
4309 4349 151
4327 4372 91
4357 4389 269
4365 4382 165
4381 4386 287
4398 4401 182
4420 4459 133
4430 4446 206
4460 4479 31
4479 4483 91
4507 4515 23
4509 4528 289
4530 4579 29
4531 4571 12
4561 4573 169
4585 4617 220
4615 4638 108
4637 4671 12
4659 4685 279
4684 4706 181
4711 4755 258
4719 4754 151
4743 4756 269
4761 4769 6
4771 4789 52
4800 4822 262
4814 4849 236
4832 4857 196
4854 4899 165
4874 4888 159
4903 4921 132
4921 4934 193
4932 4946 178
4936 4972 204
4964 4989 16
4990 5010 283
5002 5042 147
5004 5019 153
5027 5046 125
5045 5095 218
5053 5079 84
5080 5121 112
5090 5121 119
5105 5133 63
5112 5133 76
5123 5157 55
5134 5151 241
5141 5145 114
5153 5179 264
5165 5180 218
5181 5217 294
5186 5222 191
5210 5238 235
5233 5237 90
5249 5255 236
5260 5290 61
5286 5314 151
5292 5298 31
5322 5333 221
5346 5357 82
5349 5367 154
5349 5373 220
5355 5388 68
5365 5401 192
5384 5407 175
5390 5410 136
5401 5429 101
5425 5431 13
5427 5432 189
5446 5461 294
5454 5502 78
5458 5496 10
5474 5497 273
5491 5523 90
5495 5503 287
5521 5561 81
5539 5563 171
5541 5546 244
5563 5565 266
5575 5582 229
5577 5607 35
5592 5640 192
5602 5635 76
5622 5665 217
5635 5678 26
5660 5698 77
5664 5714 25
5692 5713 28
5701 5733 78
5729 5772 139
5731 5769 274
5745 5772 212
5767 5772 140
5769 5811 191
5774 5786 187
5804 5808 36
5825 5835 38
5845 5867 36
5858 5870 109
5858 5895 300
5861 5895 10
5878 5907 102
5901 5936 150
5922 5954 244
5922 5927 105
5938 5985 74
5946 5979 231
5956 5978 284
5983 6017 65
5989 5991 67
5992 6006 75
6008 6029 273
6022 6071 105
6028 6073 228
6047 6089 98
6055 6071 68
6080 6122 71
6107 6135 214
6137 6159 292
6148 6174 243
6178 6183 80
6178 6216 34
6207 6226 21
6234 6263 195
6242 6270 72
6248 6271 206
6250 6279 134
6280 6315 52
6302 6308 176
6303 6315 233
6309 6317 95
6339 6384 212
6357 6402 278
6383 6410 295
6403 6445 158
6425 6464 51
6433 6471 223
6436 6474 165
6436 6467 216
6447 6474 147
6467 6475 112
6474 6492 238
6497 6501 107
6511 6512 61
6533 6565 156
6557 6585 232
6562 6577 45
6572 6592 128
6582 6610 294
6596 6597 276
6626 6628 132
6644 6668 136
6663 6684 51
6670 6680 133
6690 6708 255
6692 6693 191
6714 6729 117
6721 6744 34
6730 6749 7
6750 6791 27
6750 6797 291
6762 6771 237
6791 6809 38
6812 6860 249
6821 6834 87
6846 6878 35
6855 6895 170
6862 6888 237
6880 6927 173
6893 6895 123
6904 6954 221
6918 6931 6
6936 6974 80
6957 7005 20
6976 7008 74
6988 6989 47
7004 7018 125
7018 7063 290
7036 7071 290
7064 7083 254
7094 7111 117
7103 7121 76
7109 7137 51
7136 7178 234
7150 7175 176
7170 7178 44
7194 7238 43
7219 7242 35
7245 7257 296
7274 7286 285
7279 7309 100
7297 7303 59
7322 7357 245
7328 7337 279
7340 7381 265
7349 7383 227
7362 7370 111
7382 7417 172
7409 7452 80
7426 7454 183
7446 7449 82
7474 7500 8
7498 7546 47
7502 7548 283
7522 7553 193
7532 7557 33
7552 7599 60
7581 7587 268
7601 7633 199
7609 7620 113
7633 7675 218
7637 7651 137
7651 7680 162
7658 7677 249
7683 7711 204
