500
6 39 186
26 34 184
55 82 117
76 82 278
95 113 185
99 118 49
126 160 298
143 173 236
147 172 26
165 204 178
167 187 200
170 214 275
192 241 182
196 214 233
198 230 37
219 231 137
243 266 278
262 308 219
285 322 37
304 310 211
318 355 58
348 356 112
349 360 146
358 383 236
388 407 52
395 443 64
400 441 166
407 447 125
433 455 8
434 466 64
451 487 79
454 467 176
475 494 8
493 512 148
495 522 142
503 518 60
526 552 248
526 530 37
527 545 116
549 579 274
574 580 268
579 597 251
588 626 204
602 647 175
627 631 91
651 697 93
671 690 217
683 695 147
712 758 158
740 764 10
766 770 236
774 800 260
791 832 68
794 809 205
823 847 294
844 860 254
850 882 32
868 881 141
882 932 93
903 910 54
926 968 278
955 1001 269
964 968 239
980 1006 183
985 1000 201
985 1002 79
987 999 16
1007 1039 10
1025 1041 185
1039 1086 216
1057 1060 72
1057 1066 115
1067 1087 256
1084 1093 200
1098 1101 67
1122 1158 230
1136 1148 145
1160 1186 163
1165 1189 218
1192 1214 12
1218 1243 93
1223 1247 22
1251 1253 193
1265 1284 3
1280 1329 247
1290 1304 115
1292 1304 124
1303 1345 288
1306 1341 43
1322 1353 180
1341 1358 222
1347 1360 14
1373 1410 282
1382 1414 187
1410 1451 249
1427 1463 290
1452 1457 207
1473 1518 6
1497 1540 116
1524 1567 107
1545 1586 253
1571 1608 141
1593 1612 55
1611 1612 43
1622 1670 147
1642 1673 147
1643 1650 56
1644 1660 73
1671 1683 71
1700 1745 221
1714 1741 126
1736 1748 6
1763 1790 20
1780 1826 262
1793 1799 257
1797 1833 139
1816 1819 272
1825 1829 57
1826 1837 186
1827 1831 163
1857 1871 49
1886 1928 91
1892 1937 270
1904 1914 137
1916 1934 201
1933 1965 78
1944 1972 7
1962 1981 182
1976 1981 167
1977 1988 23
1991 2014 60
2003 2043 127
2022 2063 141
2028 2077 110
2039 2081 279
2040 2064 30
2053 2055 138
2070 2099 238
2073 2092 13
2102 2114 123
2111 2143 74
2138 2165 160
2148 2186 1
2165 2208 168
2173 2201 71
2185 2212 271
2204 2218 278
2208 2253 122
2219 2229 82
2222 2223 42
2250 2300 263
2279 2287 157
2303 2320 176
2305 2354 131
2334 2371 107
2336 2378 23
2337 2383 157
2358 2382 106
2378 2399 298
2381 2420 95
2391 2410 250
2392 2409 168
2422 2427 34
2422 2436 47
2444 2491 158
2464 2514 81
2478 2528 122
2485 2501 222
2512 2552 107
2516 2553 280
2545 2594 36
2553 2580 253
2555 2572 43
2572 2597 197
2580 2621 83
2594 2630 103
2624 2646 164
2635 2659 254
2649 2667 287
2663 2665 91
2683 2706 157
2698 2720 64
2726 2756 126
2739 2775 81
2756 2792 95
2772 2789 27
2795 2799 241
2819 2864 141
2841 2862 231
2846 2880 205
2873 2878 41
2884 2885 261
2904 2925 289
2923 2959 253
2925 2926 70
2943 2954 224
2969 2982 227
2983 3025 228
3003 3046 269
3012 3019 243
3014 3033 191
3040 3046 228
3048 3086 128
3048 3089 163
3077 3082 162
3102 3115 224
3119 3160 108
3119 3152 99
3122 3130 274
3123 3139 270
3125 3149 233
3153 3194 239
3153 3193 145
3154 3200 3
3174 3209 294
3193 3234 197
3201 3218 256
3204 3237 232
3222 3247 133
3238 3250 259
3268 3271 3
3295 3324 235
3314 3328 44
3323 3335 21
3350 3384 238
3378 3406 114
3400 3421 124
3426 3436 171
3449 3452 122
3472 3503 10
3487 3533 273
3491 3518 161
3503 3511 176
3533 3553 245
3556 3598 206
3582 3619 274
3586 3611 279
3601 3619 196
3620 3634 37
3649 3657 205
3666 3705 254
3666 3683 205
3667 3673 108
3683 3733 178
3706 3753 22
3729 3766 62
3749 3796 285
3771 3787 240
3774 3824 280
3781 3831 172
3782 3830 45
3784 3817 72
3806 3818 51
3833 3835 137
3854 3889 186
3873 3909 291
3896 3921 147
3904 3934 7
3933 3968 164
3937 3945 163
3947 3956 43
3971 4004 247
3992 4013 48
3996 4033 7
4022 4032 40
4024 4033 110
4053 4091 120
4082 4116 78
4096 4137 158
4107 4147 18
4118 4130 212
4139 4162 57
4143 4156 91
4160 4166 40
4175 4220 215
4176 4187 270
4181 4188 151
4196 4207 16
4206 4227 179
4223 4271 44
4235 4266 138
4259 4297 135
4289 4330 99
4318 4321 142
4323 4326 112
4349 4374 3
4368 4377 122
4387 4389 240
4401 4429 270
4421 4459 271
4448 4483 142
4451 4465 20
4478 4523 300
4486 4488 12
4489 4523 112
4513 4514 176
4523 4552 114
4551 4582 55
4561 4590 182
4576 4607 66
4599 4600 25
4612 4620 204
4628 4666 273
4635 4676 256
4664 4706 209
4690 4695 231
4705 4713 72
4732 4769 60
4754 4786 96
4772 4789 66
4775 4811 212
4776 4791 292
4776 4792 95
4791 4840 51
4791 4819 198
4813 4816 78
4817 4860 64
4840 4890 222
4841 4845 216
4846 4871 111
4850 4863 15
4877 4895 241
4891 4923 62
4920 4932 269
4945 4982 232
4960 5003 56
4972 5016 27
5002 5039 75
5008 5037 99
5020 5038 52
5040 5059 172
5052 5102 198
5061 5101 133
5084 5114 159
5085 5088 202
5085 5108 264
5097 5133 139
5115 5121 23
5141 5144 152
5152 5161 282
5171 5188 222
5189 5232 13
5190 5234 125
5214 5242 238
5215 5264 185
5232 5264 269
5259 5303 286
5263 5275 284
5265 5282 155
5292 5313 107
5295 5336 96
5313 5340 143
5320 5363 94
5335 5360 290
5337 5371 38
5363 5370 115
5380 5382 1
5410 5423 168
5414 5434 210
5443 5459 267
5469 5513 9
5478 5525 161
5490 5493 247
5491 5537 8
5502 5506 79
5532 5565 134
5558 5608 88
5560 5608 201
5577 5624 189
5587 5607 122
5617 5621 7
5641 5656 181
5670 5675 271
5699 5745 122
5715 5750 184
5743 5770 165
5757 5786 79
5758 5792 14
5771 5775 27
5782 5790 203
5806 5812 168
5835 5875 86
5844 5860 187
5854 5888 258
5870 5879 74
5872 5874 2
5875 5878 131
5894 5912 279
5908 5918 154
5932 5960 72
5947 5973 123
5948 5962 34
5968 5980 180
5987 5997 137
6000 6002 265
6021 6065 157
6031 6060 27
6039 6061 151
6064 6065 107
6088 6117 104
6112 6113 219
6142 6189 224
6153 6189 79
6170 6187 65
6197 6225 285
6224 6241 234
6240 6260 35
6244 6251 297
6264 6283 72
6271 6320 287
6275 6294 277
6286 6315 216
6314 6364 263
6318 6348 241
6326 6370 264
6345 6373 81
6374 6412 115
6404 6439 92
6417 6454 157
6428 6435 177
6440 6487 19
6461 6505 36
6474 6515 251
6491 6516 31
6521 6545 226
6532 6546 277
6559 6603 73
6581 6588 292
6609 6658 194
6639 6665 187
6656 6670 70
6685 6732 213
6704 6718 101
6726 6760 128
6730 6739 202
6744 6761 164
6765 6807 241
6785 6834 164
6808 6815 84
6829 6836 31
6845 6892 208
6846 6848 134
6856 6857 68
6872 6897 135
6892 6910 34
6910 6954 275
6911 6946 79
6925 6934 275
6955 6968 42
6956 6969 65
6982 7008 52
7009 7049 216
7029 7071 189
7037 7050 28
7049 7091 86
7065 7113 46
7088 7095 241
7110 7151 113
7128 7162 251
7153 7202 68
7180 7203 105
7206 7216 219
7228 7241 202
7243 7267 149
7256 7285 113
7264 7275 33
7288 7328 145
7291 7326 146
7291 7316 196
7318 7340 287
7334 7335 287
7337 7338 259
7359 7400 36
7361 7381 264
7382 7421 190
7398 7421 86
7398 7419 23
7415 7422 146
7426 7471 235
7456 7465 120
7456 7479 156
7484 7523 171
7492 7517 185
7502 7535 260
7509 7521 198
7526 7554 291
7532 7545 271
7562 7573 6
7579 7605 270
7580 7589 234
7597 7622 142
7599 7607 102
7615 7648 239
7644 7662 87
7647 7657 37
7661 7684 43
7675 7721 43
7705 7721 250
7708 7719 64
7709 7714 119
