500
23 58 39
23 49 24
50 91 261
78 89 32
78 81 296
80 94 279
82 127 5
107 131 55
111 134 145
123 132 255
141 150 260
163 170 224
178 191 191
183 227 205
187 217 255
202 232 98
232 239 13
250 262 131
277 322 148
300 343 81
304 330 89
324 363 277
352 395 135
354 369 104
364 366 20
370 393 173
374 412 279
403 445 111
411 440 17
439 446 49
460 479 107
462 506 22
477 510 99
491 531 216
494 511 183
505 546 197
509 553 83
520 553 60
549 550 293
574 575 282
581 628 165
588 601 97
592 636 101
592 598 93
601 634 144
609 643 245
621 645 265
621 631 252
625 658 289
634 641 243
663 676 64
682 725 161
693 694 297
711 718 241
722 732 33
742 790 186
749 796 173
778 812 24
789 812 232
816 861 29
845 892 68
846 877 258
852 878 258
877 908 240
881 926 129
909 913 235
929 979 99
952 987 101
982 1015 119
994 1036 118
1018 1064 200
1039 1070 4
1044 1052 165
1044 1058 281
1050 1075 300
1068 1078 266
1094 1134 52
1101 1142 251
1122 1140 76
1140 1146 86
1159 1171 38
1178 1200 67
1179 1222 214
1193 1236 39
1219 1232 125
1235 1282 128
1240 1263 257
1264 1297 177
1292 1341 291
1305 1328 297
1320 1348 77
1321 1349 137
1345 1385 51
1349 1364 272
1368 1413 105
1390 1413 278
1395 1417 246
1402 1451 144
1415 1438 193
1439 1456 230
1465 1500 212
1485 1522 214
1494 1543 191
1522 1552 82
1532 1554 96
1555 1604 12
1575 1584 236
1584 1614 106
1592 1618 106
1611 1624 175
1624 1672 96
1639 1674 216
1653 1663 99
1655 1673 208
1661 1711 277
1680 1724 183
1697 1746 235
1699 1749 254
1704 1717 279
1724 1769 205
1739 1788 230
1751 1784 144
1772 1805 149
1800 1828 236
1828 1857 223
1856 1878 140
1877 1926 207
1889 1903 270
1908 1930 131
1918 1919 292
1925 1973 284
1952 1970 140
1962 1963 218
1975 1998 271
1978 2002 215
1992 2013 20
1999 2031 191
2011 2019 299
2014 2052 225
2020 2050 189
2031 2065 68
2056 2102 173
2078 2103 265
2092 2123 71
2096 2099 166
2117 2153 236
2143 2192 188
2173 2183 219
2180 2196 202
2183 2219 48
2197 2222 229
2218 2229 79
2233 2257 21
2251 2257 110
2259 2279 30
2268 2289 129
2285 2320 155
2299 2344 128
2307 2349 183
2323 2346 44
2336 2340 9
2364 2398 237
2385 2407 141
2398 2414 51
2402 2404 225
2404 2419 200
2406 2427 288
2435 2455 263
2441 2448 214
2442 2462 25
2458 2467 250
2466 2504 207
2480 2490 13
2481 2499 7
2504 2513 182
2504 2522 289
2507 2513 99
2522 2571 73
2527 2538 38
2533 2577 295
2537 2583 22
2563 2593 71
2570 2615 122
2600 2623 180
2600 2643 269
2610 2630 119
2616 2650 26
2619 2635 217
2631 2632 130
2646 2655 122
2651 2689 116
2670 2699 88
2699 2726 92
2710 2713 156
2725 2747 232
2731 2762 49
2741 2768 121
2744 2749 127
2771 2817 105
2795 2811 225
2820 2845 46
2831 2852 224
2835 2840 100
2856 2900 197
2877 2926 169
2888 2924 114
2906 2954 190
2916 2938 216
2925 2974 61
2940 2988 91
2942 2944 297
2968 2988 9
2997 3014 134
3005 3030 279
3025 3044 186
3034 3075 274
3034 3067 195
3061 3108 219
3072 3082 222
3082 3108 77
3105 3142 119
3134 3173 41
3152 3170 32
3160 3170 37
3172 3197 295
3181 3190 218
3204 3241 143
3217 3259 13
3225 3241 225
3244 3250 125
3251 3274 131
3276 3309 300
3300 3304 150
3321 3353 155
3325 3335 175
3338 3367 48
3354 3379 205
3362 3392 182
3392 3412 113
3395 3399 89
3407 3432 286
3417 3447 109
3426 3443 224
3435 3450 236
3455 3494 273
3461 3467 92
3470 3507 261
3475 3503 125
3501 3505 283
3523 3557 143
3525 3572 235
3539 3568 233
3551 3581 253
3556 3603 257
3561 3583 213
3568 3618 141
3586 3634 137
3604 3609 184
3613 3621 122
3624 3655 199
3639 3672 241
3663 3699 259
3686 3721 224
3714 3720 214
3743 3744 169
3751 3785 125
3769 3818 138
3788 3811 108
3801 3823 270
3829 3864 33
3853 3892 292
3853 3884 242
3864 3865 107
3875 3914 160
3902 3940 84
3931 3938 85
3950 3965 103
3954 3965 114
3962 3983 185
3992 4001 151
3992 4002 175
4000 4037 265
4003 4013 228
4007 4036 257
4016 4064 10
4037 4049 206
4060 4096 286
4085 4107 20
4110 4158 4
4111 4126 80
4139 4167 190
4150 4161 84
4179 4190 11
4195 4245 140
4210 4214 42
4223 4226 270
4245 4254 133
4264 4272 80
4267 4289 247
4272 4280 58
4292 4320 179
4316 4341 239
4321 4367 214
4335 4377 1
4356 4406 196
4384 4386 280
4414 4460 7
4441 4477 167
4470 4471 284
4499 4549 45
4509 4538 132
4539 4584 144
4548 4597 120
4576 4623 27
4606 4647 174
4606 4634 46
4610 4643 259
4626 4666 25
4632 4639 116
4632 4648 77
4651 4690 27
4663 4708 282
4668 4718 150
4676 4694 224
4682 4720 93
4699 4722 142
4709 4717 181
4717 4766 128
4745 4763 17
4773 4792 28
4785 4820 286
4788 4822 94
4810 4844 263
4831 4877 218
4831 4869 202
4858 4908 222
4866 4883 186
4879 4884 158
4883 4909 185
4890 4910 184
4912 4945 154
4921 4965 22
4946 4996 220
4959 4985 53
4973 4999 134
4979 5021 98
4984 4995 94
5003 5039 163
5022 5071 169
5024 5040 196
5042 5050 149
5055 5057 259
5076 5111 135
5099 5102 194
5124 5127 146
5149 5164 200
5158 5193 114
5174 5179 67
5178 5199 204
5198 5241 94
5199 5234 86
5207 5222 71
5230 5237 287
5238 5242 97
5240 5285 96
5245 5276 226
5260 5292 150
5290 5298 56
5302 5344 190
5312 5341 156
5320 5355 221
5336 5355 123
5339 5343 47
5346 5366 68
5373 5396 154
5376 5380 296
5380 5382 192
5391 5400 173
5402 5421 109
5430 5455 11
5459 5464 99
5465 5490 128
5490 5539 205
5496 5522 292
5510 5553 69
5519 5554 224
5540 5586 165
5570 5612 299
5571 5585 242
5588 5604 106
5590 5616 157
5609 5648 180
5611 5658 106
5637 5639 73
5645 5681 229
5664 5714 185
5664 5674 274
5679 5704 261
5708 5745 193
5711 5759 139
5723 5743 51
5744 5757 200
5767 5774 54
5785 5806 217
5793 5810 247
5818 5863 213
5829 5851 31
5849 5886 13
5872 5896 202
5878 5904 210
5889 5914 36
5901 5925 246
5915 5926 238
5933 5945 216
5941 5983 170
5970 6014 250
5991 6030 241
6000 6026 219
6024 6046 210
6046 6065 226
6065 6071 222
6092 6131 117
6121 6166 103
6140 6151 229
6141 6146 259
6155 6199 194
6181 6192 173
6201 6246 11
6221 6253 279
6241 6281 19
6254 6266 259
6276 6277 13
6282 6287 108
6284 6315 74
6294 6312 211
6316 6344 222
6335 6353 78
6344 6375 100
6369 6376 262
6396 6429 108
6414 6437 178
6440 6441 33
6459 6463 287
6465 6499 8
6492 6513 248
6496 6517 11
6515 6553 58
6522 6532 92
6543 6592 133
6558 6575 164
6559 6592 188
6562 6603 186
6584 6602 150
6606 6646 238
6630 6650 108
6658 6696 254
6665 6685 262
6675 6695 263
6694 6721 196
6715 6738 218
6743 6788 73
6762 6800 91
6784 6805 13
6796 6805 41
6816 6841 52
6841 6846 109
6855 6891 249
6870 6893 139
6886 6893 70
6893 6895 253
6905 6944 6
6923 6940 249
6935 6940 116
6954 6966 297
6970 7016 198
6971 6975 54
6982 7021 71
7000 7006 103
7008 7053 150
7021 7054 76
7033 7069 53
7045 7062 33
7073 7113 221
7073 7120 168
7090 7122 281
7094 7110 223
7118 7125 34
7136 7168 147
7159 7208 43
7169 7213 111
7171 7176 194
7180 7208 156
7199 7236 284
7206 7229 104
7221 7260 94
7235 7277 29
7246 7277 100
7272 7305 161
7287 7307 283
7315 7350 161
