500
18 27 137
24 38 19
30 36 272
51 65 216
54 82 92
74 79 188
94 95 277
121 171 286
136 143 134
136 152 183
157 203 95
158 181 130
169 189 84
195 212 155
211 222 125
211 260 124
238 268 31
265 315 204
284 328 289
308 329 75
333 374 52
363 410 242
379 414 260
405 420 269
413 444 134
440 468 21
445 493 75
456 469 116
483 496 93
504 545 280
512 553 20
537 582 144
567 611 184
590 637 16
615 625 168
616 619 190
642 679 253
657 682 141
674 720 25
695 739 260
712 733 70
740 781 21
755 759 209
762 773 16
774 799 2
789 835 40
796 826 127
799 845 179
820 840 174
833 861 299
845 893 78
851 857 281
863 870 128
873 895 177
901 915 245
923 973 45
932 935 49
932 964 146
957 963 128
974 1021 251
992 1033 186
1011 1033 127
1036 1061 155
1066 1069 266
1092 1096 137
1109 1119 82
1116 1146 78
1132 1137 143
1143 1152 258
1156 1186 102
1166 1214 255
1195 1206 23
1204 1208 160
1218 1258 183
1246 1262 150
1266 1312 186
1268 1281 66
1291 1322 68
1303 1344 135
1326 1342 201
1354 1362 57
1380 1398 218
1392 1402 262
1396 1418 234
1414 1432 294
1427 1454 192
1434 1465 234
1439 1451 76
1463 1488 106
1475 1488 64
1476 1520 152
1476 1491 97
1489 1526 89
1504 1530 291
1510 1539 17
1538 1573 7
1547 1587 81
1574 1610 134
1597 1603 41
1602 1624 283
1632 1648 217
1632 1636 234
1661 1674 278
1683 1707 140
1699 1747 201
1706 1750 195
1708 1728 293
1737 1773 6
1766 1782 97
1796 1807 74
1813 1829 177
1831 1873 89
1837 1850 143
1862 1909 32
1865 1900 34
1884 1911 51
1906 1940 274
1914 1953 267
1921 1958 95
1940 1964 227
1943 1989 171
1945 1989 53
1952 1957 292
1976 1979 296
2006 2027 63
2010 2020 247
2024 2033 151
2035 2084 280
2052 2084 88
2061 2091 146
2073 2095 101
2094 2128 202
2099 2126 25
2103 2128 284
2105 2108 241
2112 2159 248
2138 2144 160
2151 2174 108
2171 2202 192
2185 2210 277
2212 2262 150
2229 2273 54
2236 2266 181
2248 2250 14
2253 2265 28
2272 2297 197
2280 2282 73
2286 2327 31
2295 2337 230
2311 2314 264
2324 2370 185
2353 2397 280
2383 2411 205
2393 2406 91
2418 2459 242
2438 2457 83
2461 2469 27
2486 2490 179
2509 2512 174
2516 2546 226
2527 2550 271
2556 2568 28
2558 2595 124
2571 2611 163
2589 2599 141
2606 2614 97
2626 2675 107
2633 2653 142
2644 2645 239
2664 2679 253
2688 2723 119
2691 2735 288
2720 2769 139
2734 2749 33
2753 2771 227
2773 2799 253
2802 2836 115
2809 2855 296
2835 2836 218
2864 2904 71
2894 2905 185
2922 2954 105
2942 2982 186
2959 3009 96
2966 3014 261
2968 2996 211
2983 2997 176
2999 3030 181
3018 3055 106
3032 3054 52
3053 3069 8
3079 3115 278
3102 3151 220
3102 3142 236
3121 3133 145
3145 3186 133
3163 3174 153
3164 3196 32
3178 3216 293
3179 3223 208
3182 3231 263
3185 3200 104
3210 3229 283
3223 3227 35
3226 3268 56
3248 3268 43
3253 3268 97
3272 3298 111
3293 3325 7
3295 3309 77
3312 3337 208
3324 3329 248
3337 3354 121
3365 3398 75
3387 3393 294
3406 3409 31
3433 3479 192
3452 3476 143
3472 3483 220
3476 3487 1
3488 3523 186
3513 3518 284
3540 3558 94
3557 3586 206
3579 3617 75
3609 3612 171
3633 3645 87
3643 3651 7
3655 3684 220
3683 3688 147
3685 3734 105
3697 3734 76
3704 3707 189
3732 3775 14
3757 3791 272
3783 3816 22
3793 3800 193
3803 3811 120
3819 3858 251
3831 3850 144
3836 3861 203
3851 3891 198
3878 3883 270
3896 3907 42
3920 3923 8
3937 3971 153
3952 3987 282
3963 3972 165
3973 3987 115
3974 4008 39
3974 4009 113
3992 4031 243
4016 4046 98
4037 4062 260
4060 4074 103
4085 4126 66
4109 4138 132
4118 4154 51
4137 4179 120
4154 4191 261
4168 4170 215
4179 4186 103
4196 4208 182
4212 4262 148
4230 4247 214
4251 4296 239
4269 4294 147
4281 4302 28
4310 4330 30
4326 4368 15
4355 4358 59
4373 4386 66
4400 4428 68
4410 4423 32
4434 4462 259
4463 4488 187
4477 4523 263
4481 4493 54
4506 4542 67
4536 4538 70
4556 4577 286
4578 4605 237
4600 4648 281
4612 4652 110
4618 4665 70
4637 4676 8
4646 4653 148
4672 4701 177
4697 4699 285
4706 4720 221
4712 4713 62
4716 4717 195
4737 4785 25
4763 4765 120
4766 4806 156
4791 4815 266
4810 4841 218
4818 4830 103
4823 4855 138
4828 4843 173
4843 4854 105
4863 4895 233
4889 4907 267
4898 4939 60
4907 4925 115
4922 4933 52
4931 4971 21
4961 4983 38
4971 4980 250
5001 5044 82
5008 5018 19
5014 5053 197
5027 5058 222
5027 5063 139
5052 5101 17
5079 5124 102
5103 5129 258
5130 5141 45
5136 5152 180
5149 5153 221
5172 5192 279
5191 5212 259
5216 5249 242
5225 5254 124
5238 5288 66
5262 5291 300
5282 5332 70
5310 5347 6
5329 5351 39
5338 5382 69
5342 5363 129
5360 5389 133
5371 5390 115
5397 5418 132
5405 5439 259
5417 5427 56
5432 5463 257
5441 5447 81
5463 5504 250
5474 5482 97
5478 5507 81
5506 5513 174
5514 5540 139
5519 5547 147
5546 5592 171
5568 5590 260
5571 5585 129
5572 5618 94
5587 5613 258
5605 5636 233
5622 5634 264
5647 5692 223
5650 5699 112
5675 5681 58
5688 5703 250
5698 5719 144
5713 5758 265
5728 5737 28
5748 5787 231
5767 5783 237
5782 5823 20
5798 5847 121
5823 5869 109
5832 5841 289
5842 5864 106
5863 5870 291
5865 5873 266
5877 5886 208
5893 5932 204
5901 5913 67
5910 5916 253
5915 5919 263
5916 5944 290
5933 5967 234
5956 5998 290
5977 6010 201
5984 6021 84
5995 6017 284
5996 6026 129
6013 6049 271
6029 6066 275
6049 6064 103
6071 6113 194
6090 6110 269
6111 6132 57
6134 6141 215
6138 6179 151
6139 6187 265
6155 6169 274
6172 6175 12
6178 6207 234
6205 6252 45
6235 6279 150
6258 6281 283
6278 6284 204
6302 6325 23
6326 6341 39
6350 6357 36
6359 6369 121
6367 6405 223
6377 6403 106
6392 6397 75
6397 6443 27
6405 6429 44
6428 6467 80
6430 6438 232
6458 6468 291
6485 6503 294
6510 6524 100
6512 6560 212
6512 6524 249
6517 6524 191
6545 6562 21
6547 6553 235
6547 6572 100
6562 6608 285
6568 6575 166
6572 6576 278
6577 6578 92
6579 6608 211
6606 6643 31
6611 6620 61
6629 6654 47
6629 6660 125
6629 6632 269
6633 6668 198
6647 6697 71
6658 6700 119
6672 6706 34
6696 6744 244
6722 6742 271
6747 6770 149
6755 6799 271
6755 6780 154
6778 6789 149
6782 6806 176
6805 6828 83
6808 6832 163
6808 6832 167
6825 6849 18
6828 6841 6
6828 6859 225
6854 6903 187
6870 6897 28
6881 6888 57
6910 6944 200
6938 6939 167
6966 7015 145
6994 7004 180
7022 7033 213
7026 7053 94
7047 7069 145
7073 7075 59
7099 7136 82
7111 7129 276
7119 7150 179
7136 7164 85
7163 7211 85
7164 7187 295
7176 7185 29
7196 7229 297
7196 7226 206
7222 7249 10
7240 7285 166
7240 7260 243
7254 7292 283
7257 7297 160
7278 7305 263
7283 7314 167
7312 7331 190
7339 7345 40
7364 7399 100
7373 7374 91
7388 7389 225
7412 7415 275
7419 7442 83
7432 7471 230
7448 7465 85
7463 7512 66
7493 7536 34
7517 7530 96
7530 7537 59
7545 7584 110
7570 7589 178
7600 7609 107
7605 7625 210
7620 7667 284
7641 7690 203
7644 7669 288
7671 7697 15
7680 7710 299
7680 7716 77
7695 7705 93
7696 7730 37
7721 7726 162
7731 7774 12
7759 7765 290
7774 7814 109
7790 7813 116
7814 7824 250
