500
0 22 63
12 40 127
39 45 243
67 106 279
79 113 248
102 134 103
121 132 141
143 162 64
149 168 246
163 171 214
180 183 7
194 195 46
220 241 43
237 249 116
244 254 207
248 255 13
248 269 137
263 266 94
267 316 25
276 304 290
304 320 112
315 333 10
321 336 228
347 382 49
366 368 202
394 426 126
420 439 230
420 422 22
431 434 196
441 442 238
464 509 143
489 496 104
512 529 83
534 548 131
553 593 206
554 584 14
576 589 195
589 633 31
614 641 268
629 644 233
630 664 287
658 695 15
682 729 7
690 711 140
699 721 220
718 734 215
747 790 194
765 800 47
793 805 259
799 832 258
803 820 133
833 843 126
856 868 229
863 877 137
891 918 108
895 904 12
900 924 174
900 942 147
902 922 193
906 935 274
915 936 36
918 939 19
922 932 23
937 962 163
949 959 166
960 1010 111
984 1012 120
1000 1036 95
1004 1018 287
1023 1032 290
1048 1071 257
1068 1098 221
1079 1111 66
1084 1102 40
1102 1122 59
1132 1165 280
1160 1170 296
1186 1203 61
1205 1248 122
1235 1244 143
1245 1270 183
1254 1295 61
1264 1308 123
1277 1304 112
1279 1305 289
1304 1332 88
1315 1341 116
1324 1366 50
1353 1390 142
1359 1367 279
1365 1385 189
1373 1376 299
1374 1415 92
1376 1425 136
1404 1439 79
1417 1459 73
1432 1446 292
1437 1443 83
1457 1490 269
1470 1485 193
1490 1495 190
1490 1537 280
1492 1508 197
1507 1531 199
1509 1531 57
1513 1535 219
1528 1571 226
1557 1591 248
1565 1595 249
1580 1613 228
1594 1640 144
1616 1640 7
1641 1645 149
1652 1694 193
1663 1697 297
1678 1685 185
1694 1717 150
1707 1715 277
1736 1750 215
1756 1780 253
1781 1797 86
1782 1812 123
1787 1809 169
1789 1829 131
1789 1831 109
1793 1795 150
1806 1813 2
1827 1871 92
1845 1886 106
1852 1861 7
1874 1922 240
1878 1921 277
1887 1932 214
1915 1965 198
1941 1963 271
1962 1992 48
1991 1996 78
1992 1993 170
1998 2044 37
2001 2039 258
2026 2033 102
2048 2066 8
2070 2112 139
2070 2080 10
2095 2102 235
2115 2125 90
2116 2164 117
2123 2125 132
2132 2171 60
2152 2165 117
2154 2169 93
2161 2168 127
2190 2201 10
2193 2205 72
2208 2245 169
2215 2231 167
2232 2233 32
2251 2289 45
2268 2277 130
2269 2283 137
2269 2295 261
2288 2331 124
2300 2320 171
2311 2328 56
2331 2336 216
2333 2346 122
2345 2384 257
2347 2390 234
2365 2396 212
2382 2390 173
2385 2388 43
2402 2447 299
2410 2433 227
2436 2474 210
2466 2484 14
2482 2528 240
2482 2508 83
2486 2497 204
2504 2524 223
2529 2533 48
2542 2546 20
2549 2569 229
2563 2599 103
2572 2576 155
2592 2638 204
2595 2606 279
2608 2647 60
2609 2658 87
2630 2663 143
2637 2658 20
2647 2677 42
2657 2670 204
2681 2685 197
2699 2745 70
2700 2749 41
2711 2719 112
2724 2746 246
2734 2748 212
2743 2778 269
2761 2787 150
2772 2800 60
2796 2807 10
2807 2812 3
2819 2840 154
2832 2863 17
2861 2867 131
2868 2914 212
2887 2917 167
2891 2917 95
2895 2920 262
2913 2935 47
2928 2975 266
2953 2987 240
2972 2988 21
2979 2987 163
2997 3035 37
3000 3036 116
3026 3051 221
3053 3083 260
3072 3082 275
3086 3120 282
3109 3125 100
3124 3160 200
3133 3175 170
3136 3161 87
3140 3157 263
3163 3184 76
3173 3219 294
3180 3198 105
3195 3209 201
3225 3261 14
3228 3272 29
3240 3253 156
3268 3310 7
3280 3290 2
3288 3293 293
3301 3339 51
3311 3344 1
3312 3348 238
3312 3324 22
3336 3361 280
3344 3380 15
3367 3373 282
3391 3395 67
3419 3425 199
3419 3426 64
3439 3463 194
3469 3517 297
3497 3515 136
3524 3532 190
3550 3555 276
3576 3614 141
3582 3622 298
3611 3644 37
3628 3629 215
3646 3683 281
3653 3689 186
3672 3682 79
3672 3710 139
3687 3709 214
3707 3752 41
3725 3771 145
3755 3757 227
3757 3770 202
3775 3798 110
3794 3803 174
3805 3851 289
3807 3850 28
3817 3849 274
3827 3874 126
3837 3838 64
3851 3895 10
3873 3897 82
3893 3901 34
3920 3934 71
3924 3953 211
3942 3977 258
3948 3975 48
3958 3964 86
3983 4001 36
3997 4008 138
4013 4024 23
4033 4066 50
4038 4061 81
4064 4069 155
4070 4109 235
4078 4086 250
4086 4107 252
4106 4136 264
4132 4174 27
4151 4165 201
4169 4182 190
4187 4195 113
4207 4239 226
4210 4219 16
4220 4225 299
4239 4249 76
4251 4255 300
4274 4301 137
4292 4302 65
4318 4323 160
4333 4366 18
4351 4357 136
4369 4411 186
4370 4420 246
4383 4405 98
4412 4457 222
4431 4467 182
4435 4455 228
4438 4478 225
4441 4476 48
4451 4492 112
4459 4462 81
4464 4470 165
4493 4498 118
4495 4522 94
4497 4508 213
4518 4559 107
4534 4558 125
4542 4554 147
4547 4562 193
4572 4621 250
4598 4636 291
4605 4607 60
4609 4631 17
4634 4681 125
4662 4684 26
4669 4676 34
4688 4699 124
4699 4724 59
4710 4743 9
4726 4728 233
4746 4765 205
4746 4773 48
4767 4814 203
4793 4814 298
4805 4840 66
4828 4829 177
4843 4890 213
4847 4864 239
4867 4917 80
4870 4915 130
4889 4894 103
4903 4948 73
4914 4942 83
4937 4984 136
4948 4994 73
4972 4986 179
4982 4985 8
4999 5035 115
5011 5012 21
5022 5053 119
5045 5057 122
5064 5080 42
5073 5120 152
5080 5123 101
5106 5115 181
5116 5141 94
5131 5137 264
5140 5176 204
5149 5179 118
5153 5184 144
5179 5212 270
5193 5226 221
5199 5235 271
5205 5208 286
5216 5232 11
5232 5246 189
5253 5278 47
5258 5279 171
5268 5308 176
5284 5317 55
5299 5302 149
5319 5332 118
5342 5370 288
5354 5400 6
5366 5368 23
5394 5395 161
5412 5450 125
5419 5444 12
5435 5485 140
5454 5471 214
5477 5516 168
5507 5517 266
5515 5520 295
5519 5520 196
5539 5589 266
5551 5561 172
5575 5597 3
5580 5596 39
5600 5612 199
5607 5645 182
5631 5646 39
5647 5658 132
5665 5692 64
5693 5704 231
5702 5705 128
5716 5762 123
5746 5770 251
5768 5802 269
5790 5797 7
5801 5848 205
5815 5835 256
5833 5854 274
5862 5870 242
5878 5883 261
5906 5934 148
5910 5936 170
5928 5963 179
5932 5945 121
5962 5993 60
5972 5994 156
5994 6030 4
6001 6017 56
6004 6054 86
6028 6036 26
6031 6047 25
6043 6047 277
6054 6058 210
6084 6097 13
6114 6161 243
6137 6165 4
6140 6176 259
6141 6179 73
6170 6176 85
6194 6195 144
6218 6263 82
6230 6274 142
6244 6264 38
6261 6295 167
6291 6292 67
6307 6313 59
6312 6338 268
6320 6345 256
6329 6377 244
6342 6355 174
6372 6418 155
6375 6421 13
6405 6435 77
6408 6437 222
6430 6445 183
6432 6433 179
6439 6447 163
6459 6476 47
6460 6479 5
6485 6513 86
6502 6522 98
6530 6539 292
6537 6561 70
6555 6590 296
6583 6597 254
6602 6646 198
6622 6656 102
6640 6659 186
6666 6687 148
6680 6730 35
6705 6723 130
6732 6759 46
6740 6783 149
6762 6794 279
6778 6805 124
6786 6813 88
6794 6819 255
6811 6823 16
6835 6865 15
6842 6864 5
6861 6899 299
6863 6904 32
6866 6900 187
6894 6918 269
6898 6933 4
6916 6953 77
6931 6969 275
6939 6954 295
6951 6978 51
6953 6970 49
6967 7003 2
6997 7013 184
7010 7019 277
7024 7037 115
7040 7052 133
7063 7092 199
7066 7085 78
7079 7123 59
7098 7109 107
7102 7134 232
7122 7129 160
7141 7179 212
7143 7156 116
7161 7169 244
7164 7169 55
7194 7204 178
7211 7241 270
7225 7242 257
7243 7278 196
7252 7263 60
7274 7317 214
7288 7330 22
7308 7329 58
7309 7320 131
