500
24 64 102
47 56 233
58 105 217
69 99 18
86 126 205
114 144 34
130 173 125
147 187 83
164 212 228
194 201 168
219 231 272
237 273 24
255 298 77
278 324 55
295 324 225
300 329 60
317 365 109
329 331 123
339 357 97
347 375 258
361 398 72
366 367 8
395 434 136
421 431 160
440 448 260
448 460 268
457 481 168
460 464 229
462 507 216
490 534 164
496 509 128
497 532 46
518 546 1
525 557 90
532 564 287
545 591 64
556 593 154
581 595 228
581 591 147
587 621 258
603 623 131
607 638 254
616 625 279
636 675 292
656 667 232
682 720 31
682 720 55
706 744 81
726 732 166
735 762 7
749 774 72
760 767 23
770 779 107
784 830 203
808 821 187
808 834 76
823 824 23
838 851 108
847 885 293
863 869 230
886 936 117
890 906 163
915 959 14
937 955 240
942 982 106
945 972 17
945 973 35
971 992 151
971 1007 135
991 1005 63
1016 1062 51
1039 1077 129
1048 1073 99
1065 1080 79
1083 1087 212
1100 1140 209
1129 1170 268
1149 1153 127
1153 1177 18
1182 1202 107
1191 1235 45
1196 1224 229
1196 1219 268
1217 1221 19
1230 1234 62
1256 1284 105
1273 1276 280
1300 1313 244
1321 1350 162
1325 1361 207
1343 1388 91
1363 1376 132
1384 1399 98
1411 1441 260
1432 1461 107
1435 1483 48
1437 1478 102
1453 1472 300
1457 1473 175
1476 1509 291
1492 1511 26
1510 1533 291
1516 1556 211
1526 1548 276
1551 1573 231
1556 1587 161
1563 1600 47
1574 1601 96
1598 1611 100
1614 1639 150
1614 1644 10
1640 1679 144
1654 1664 170
1659 1673 1
1660 1670 256
1690 1733 212
1698 1717 14
1725 1767 276
1740 1748 127
1766 1814 56
1769 1810 233
1777 1792 248
1802 1824 125
1802 1816 249
1816 1840 165
1819 1822 4
1840 1846 35
1868 1908 189
1881 1893 211
1904 1952 278
1909 1951 105
1938 1944 28
1951 1997 72
1978 2025 212
2001 2044 125
2002 2014 273
2028 2052 293
2037 2040 35
2047 2056 23
2069 2094 154
2093 2094 194
2108 2128 271
2131 2170 55
2135 2171 53
2153 2196 179
2176 2216 121
2182 2193 44
2182 2199 85
2190 2193 6
2209 2232 72
2209 2253 220
2218 2221 152
2229 2257 2
2236 2247 211
2236 2243 175
2252 2260 262
2267 2284 231
2278 2292 199
2303 2348 14
2313 2334 101
2342 2373 249
2365 2408 199
2395 2423 155
2396 2425 101
2409 2459 150
2415 2424 285
2428 2466 60
2458 2477 205
2484 2499 196
2496 2523 91
2500 2548 58
2504 2512 192
2534 2583 289
2540 2577 20
2541 2568 202
2543 2580 103
2571 2620 244
2589 2634 14
2611 2620 79
2640 2664 206
2670 2702 100
2688 2700 237
2700 2711 54
2720 2763 99
2729 2764 268
2735 2740 228
2737 2760 145
2763 2780 25
2781 2810 160
2788 2797 152
2818 2822 188
2823 2856 90
2841 2845 212
2858 2900 267
2887 2899 248
2917 2961 255
2945 2962 73
2967 3007 14
2983 3000 233
2986 3025 127
2999 3034 220
3002 3037 133
3018 3061 210
3040 3067 252
3060 3079 196
3068 3104 117
3082 3129 173
3085 3104 117
3111 3129 122
3111 3114 89
3122 3139 206
3134 3177 52
3163 3194 38
3173 3188 23
3178 3181 30
3191 3215 84
3212 3228 185
3225 3227 157
3232 3257 207
3248 3265 66
3269 3277 45
3285 3289 250
3302 3344 273
3320 3330 238
3334 3341 123
3351 3383 175
3378 3404 246
3405 3447 214
3412 3462 121
3435 3443 148
3447 3486 21
3469 3509 298
3476 3496 232
3476 3524 81
3488 3498 284
3499 3521 169
3520 3522 101
3542 3577 227
3568 3572 212
3597 3647 28
3614 3622 278
3623 3639 15
3642 3689 51
3653 3692 280
3667 3685 300
3679 3729 42
3708 3749 27
3732 3775 37
3748 3782 129
3758 3792 153
3772 3794 24
3787 3821 21
3806 3848 83
3824 3853 197
3851 3863 162
3854 3863 216
3855 3867 277
3873 3911 111
3881 3902 8
3886 3936 29
3889 3909 57
3910 3951 20
3929 3965 90
3945 3974 225
3960 3989 79
3967 3991 70
3990 4024 61
4006 4023 104
4022 4058 230
4037 4084 161
4059 4090 173
4070 4119 121
4091 4117 219
4096 4118 144
4126 4170 5
4134 4167 153
4155 4161 280
4157 4183 77
4164 4196 218
4168 4206 285
4188 4199 4
4202 4226 169
4228 4277 209
4239 4250 147
4266 4272 147
4272 4317 138
4288 4305 241
4306 4321 85
4313 4334 293
4313 4320 182
4342 4351 157
4358 4372 295
4368 4415 218
4381 4419 143
4396 4399 156
4407 4432 159
4410 4449 6
4427 4468 165
4451 4495 251
4469 4509 231
4486 4522 138
4493 4502 164
4520 4541 2
4548 4578 131
4555 4578 87
4584 4613 279
4611 4619 34
4637 4639 86
4638 4679 278
4662 4708 250
4669 4700 43
4695 4714 174
4708 4746 248
4731 4768 117
4747 4766 282
4764 4805 297
4776 4778 66
4784 4793 285
4793 4840 213
4801 4833 27
4801 4841 8
4819 4836 251
4820 4862 102
4832 4834 217
4852 4890 288
4877 4927 2
4886 4901 5
4891 4905 97
4900 4922 199
4907 4956 285
4926 4932 128
4953 4996 221
4967 4989 220
4975 4994 46
4976 5022 76
4985 5028 186
5011 5012 251
5020 5065 65
5050 5090 222
5077 5122 195
5103 5107 107
5103 5148 208
5109 5153 117
5135 5182 223
5151 5156 273
5179 5180 280
5199 5205 293
5221 5249 70
5231 5251 210
5249 5284 131
5279 5307 280
5291 5329 152
5315 5348 72
5322 5367 300
5324 5353 188
5353 5369 1
5354 5380 18
5380 5401 118
5392 5414 156
5419 5448 55
5421 5445 60
5445 5446 55
5445 5491 235
5450 5470 45
5479 5501 101
5481 5526 222
5487 5514 18
5496 5545 11
5521 5536 261
5529 5574 71
5550 5595 279
5571 5592 49
5597 5623 127
5597 5615 53
5608 5639 22
5624 5652 271
5649 5684 217
5655 5683 54
5676 5680 89
5692 5719 37
5720 5763 231
5735 5767 191
5742 5745 277
5748 5771 94
5754 5775 131
5782 5800 232
5793 5804 18
5809 5857 115
5838 5841 7
5847 5863 8
5858 5877 158
5880 5891 232
5899 5905 117
5904 5908 167
5920 5961 108
5948 5955 290
5949 5974 218
5976 6013 249
5997 6038 195
6009 6020 6
6034 6051 123
6050 6090 162
6074 6097 2
6090 6122 94
6113 6162 123
6127 6140 233
6152 6195 248
6171 6172 8
6200 6223 61
6217 6267 297
6222 6257 284
6247 6285 4
6270 6271 274
6288 6326 223
6295 6345 13
6306 6309 284
6327 6364 140
6330 6337 69
6337 6369 267
6359 6402 100
6366 6374 70
6396 6397 287
6418 6439 204
6424 6432 266
6434 6435 40
6464 6508 206
6468 6490 90
6481 6508 49
6487 6525 85
6502 6545 78
6527 6530 7
6533 6581 55
6533 6555 295
6561 6583 15
6586 6596 16
6601 6648 6
6613 6648 199
6640 6659 283
6649 6679 150
6656 6661 188
6686 6706 89
6687 6733 238
6694 6704 12
6704 6749 281
6716 6727 191
6737 6774 172
6745 6778 62
6772 6793 195
6791 6824 174
6796 6839 297
6799 6825 128
6814 6820 234
6814 6864 257
6834 6870 81
6854 6873 46
6872 6884 5
6893 6942 94
6917 6924 174
6941 6957 72
6968 7002 137
6991 7032 105
7004 7005 116
7033 7049 88
7037 7075 56
7041 7048 237
7044 7058 261
7065 7086 176
7070 7107 151
7088 7122 126
7113 7121 269
7136 7185 51
7164 7175 243
7173 7177 141
7192 7208 299
7209 7240 8
7215 7233 266
7238 7266 81
7244 7288 283
7268 7273 258
7297 7331 262
7323 7330 222
7343 7348 3
7350 7355 150
7367 7377 262
7375 7418 266
7381 7404 22
7399 7434 41
7420 7469 51
7420 7466 80
7427 7437 284
7435 7482 84
7447 7495 116
7475 7494 155
7478 7496 95
7488 7519 166
7495 7532 214
7496 7524 196
7518 7557 285
7529 7545 282
7548 7588 263
