500
1 43 200
23 70 80
32 33 17
40 74 33
70 110 114
79 116 225
106 135 36
112 130 53
121 168 163
145 169 70
156 205 243
186 236 160
210 256 128
221 224 130
242 260 253
259 282 31
288 301 10
288 308 201
289 293 218
315 328 104
335 380 163
357 362 220
358 408 183
380 386 162
382 402 28
389 410 31
406 418 161
423 453 180
425 461 28
433 483 192
449 463 50
470 475 183
485 497 61
491 509 247
506 546 291
531 543 256
558 562 294
576 595 298
599 622 182
622 665 86
622 660 90
642 692 52
670 685 290
679 724 132
694 703 238
724 734 218
726 771 298
748 788 227
758 788 78
779 819 51
781 815 21
805 816 264
807 815 192
825 846 205
854 862 61
855 871 27
863 870 18
876 887 6
890 904 1
900 930 68
917 931 117
943 962 238
973 987 51
979 992 234
997 1043 74
1000 1042 88
1018 1030 152
1048 1082 166
1063 1081 78
1084 1089 290
1085 1112 140
1087 1097 13
1101 1117 205
1121 1138 258
1128 1175 39
1136 1180 202
1136 1173 255
1164 1210 219
1193 1227 121
1193 1204 114
1209 1225 264
1233 1273 110
1242 1259 85
1249 1254 275
1277 1306 189
1277 1324 247
1289 1326 56
1311 1337 264
1329 1375 4
1352 1389 279
1370 1414 63
1383 1424 157
1383 1416 282
1387 1417 59
1390 1408 26
1400 1414 212
1429 1455 299
1454 1473 157
1470 1519 171
1479 1515 300
1491 1536 95
1492 1513 151
1507 1518 293
1527 1535 35
1535 1547 172
1564 1602 100
1587 1591 21
1616 1649 198
1620 1640 58
1644 1659 291
1657 1660 142
1683 1714 113
1690 1732 286
1692 1698 104
1699 1741 62
1707 1723 152
1734 1783 202
1746 1767 175
1764 1793 185
1794 1842 133
1799 1801 228
1805 1813 158
1807 1816 89
1811 1819 123
1825 1874 56
1851 1890 1
1854 1879 166
1857 1889 287
1865 1908 277
1877 1890 300
1897 1942 65
1912 1919 142
1924 1959 114
1937 1951 233
1964 2007 292
1983 2022 53
1991 2025 234
1992 2005 162
2012 2021 211
2017 2041 115
2018 2030 267
2034 2072 65
2055 2057 144
2063 2096 139
2068 2081 19
2086 2129 11
2090 2107 144
2093 2109 18
2123 2132 9
2143 2160 203
2164 2185 275
2178 2209 69
2206 2241 256
2206 2212 70
2210 2234 212
2211 2248 187
2213 2227 185
2226 2253 145
2253 2273 37
2260 2270 20
2289 2321 72
2318 2358 211
2320 2366 239
2333 2338 46
2337 2374 228
2337 2384 120
2356 2389 56
2379 2385 98
2388 2429 150
2393 2407 246
2397 2401 233
2417 2450 143
2421 2448 153
2446 2467 259
2448 2494 92
2454 2483 185
2474 2501 78
2485 2517 150
2487 2505 232
2495 2526 174
2502 2545 135
2503 2534 4
2528 2556 70
2551 2579 282
2555 2604 242
2583 2623 98
2588 2634 235
2616 2625 227
2621 2633 228
2636 2656 1
2637 2655 208
2653 2691 220
2658 2690 229
2661 2678 152
2675 2689 194
2682 2695 68
2694 2701 213
2722 2758 172
2728 2759 71
2732 2743 95
2756 2795 62
2769 2771 228
2771 2786 177
2780 2826 213
2790 2829 30
2816 2857 123
2836 2886 267
2848 2895 191
2861 2903 235
2887 2931 168
2901 2941 90
2902 2925 267
2923 2939 4
2929 2932 200
2938 2945 237
2947 2968 156
2952 2999 193
2978 3001 91
2982 3031 221
2997 3032 229
3000 3034 294
3002 3021 259
3005 3012 237
3006 3014 76
3018 3033 163
3020 3037 147
3035 3060 206
3048 3068 165
3072 3076 184
3102 3125 175
3131 3170 254
3145 3188 179
3161 3167 162
3169 3208 10
3180 3217 71
3199 3217 112
3208 3228 24
3238 3240 115
3256 3299 6
3265 3308 289
3288 3324 249
3291 3296 63
3313 3358 293
3314 3328 92
3327 3342 111
3335 3382 164
3336 3383 39
3361 3368 108
3370 3380 193
3377 3413 85
3404 3433 146
3415 3443 4
3436 3462 12
3454 3488 1
3484 3532 277
3495 3508 70
3515 3517 260
3540 3558 154
3540 3574 129
3541 3568 147
3571 3616 186
3578 3613 276
3601 3620 88
3628 3659 59
3646 3672 75
3649 3680 103
3676 3690 35
3705 3734 21
3728 3763 122
3745 3780 267
3759 3806 11
3785 3788 139
3809 3856 165
3834 3846 55
3846 3869 228
3867 3898 12
3882 3898 38
3900 3919 142
3922 3940 146
3946 3962 121
3975 4010 274
3979 3986 49
3993 4004 149
4013 4026 246
4014 4019 22
4040 4050 192
4053 4078 238
4080 4081 43
4096 4124 182
4104 4127 85
4112 4156 264
4124 4127 294
4154 4184 120
4178 4180 134
4194 4223 104
4208 4221 128
4226 4276 294
4242 4274 112
4258 4274 272
4268 4289 36
4276 4285 165
4276 4311 73
4279 4329 242
4284 4320 252
4302 4351 170
4321 4330 281
4348 4349 98
4370 4404 66
4381 4398 280
4386 4396 26
4395 4417 247
4410 4439 295
4437 4455 205
4455 4467 137
4483 4491 156
4491 4536 99
4494 4522 161
4500 4530 80
4527 4541 222
4553 4577 57
4574 4575 194
4585 4605 193
4589 4620 48
4609 4630 70
4619 4649 61
4623 4627 192
4652 4693 57
4661 4698 155
4671 4689 290
4677 4717 219
4707 4756 58
4714 4739 248
4723 4737 243
4750 4799 153
4761 4804 186
4762 4769 76
4774 4799 299
4783 4801 104
4810 4833 194
4832 4873 289
4835 4867 263
4849 4858 166
4868 4885 140
4877 4894 138
4879 4912 106
4894 4904 78
4921 4965 297
4932 4962 271
4937 4981 91
4939 4972 173
4956 4965 266
4980 5025 215
5000 5049 39
5012 5034 182
5040 5047 75
5068 5105 182
5088 5132 89
5109 5159 94
5138 5166 144
5158 5189 132
5186 5189 59
5194 5198 167
5212 5246 48
5227 5276 20
5252 5284 145
5271 5301 147
5298 5340 181
5301 5315 150
5309 5358 62
5334 5380 67
5355 5364 298
5369 5417 18
5388 5392 100
5417 5451 262
5436 5439 253
5461 5506 198
5477 5509 183
5489 5536 130
5502 5544 131
5525 5550 229
5552 5575 292
5556 5589 58
5579 5603 188
5589 5603 134
5604 5654 31
5610 5657 70
5624 5657 150
5635 5649 199
5645 5657 285
5660 5661 83
5675 5711 261
5680 5730 34
5699 5736 246
5712 5739 250
5727 5767 191
5743 5761 243
5762 5810 251
5774 5814 272
5798 5807 160
5822 5865 77
5848 5880 260
5852 5877 217
5856 5863 289
5882 5927 148
5901 5931 190
5915 5961 183
5915 5960 207
5938 5939 41
5953 5971 157
5962 5975 114
5990 6040 264
6013 6020 11
6039 6064 293
6043 6078 240
6066 6080 163
6090 6110 51
6114 6129 105
6117 6149 139
6125 6134 187
6133 6179 43
6141 6149 189
6171 6203 174
6182 6185 174
6192 6225 54
6194 6221 206
6213 6221 105
6216 6229 150
6222 6267 187
6238 6260 164
6266 6269 270
6286 6329 172
6286 6314 145
6305 6329 113
6327 6373 83
6337 6350 226
6344 6359 252
6370 6410 66
6371 6388 62
6389 6438 237
6418 6434 156
6427 6434 247
6451 6486 199
6481 6513 126
6496 6509 28
6503 6542 159
6520 6540 180
6526 6537 63
6543 6560 173
6570 6590 220
6597 6601 247
6618 6631 276
6627 6676 205
6653 6679 154
6667 6679 255
6686 6728 223
6709 6746 97
6737 6763 5
6760 6768 50
6780 6821 265
6793 6815 276
6805 6821 25
6816 6830 249
6833 6872 103
6854 6857 92
6872 6909 222
6894 6917 76
6915 6946 3
6933 6939 47
6948 6956 290
6967 7008 235
6985 7029 288
6992 7013 195
6995 7016 141
7006 7056 67
7021 7063 217
7032 7068 109
7050 7067 20
7065 7102 119
7085 7113 112
7102 7137 243
7131 7152 33
7140 7188 297
7156 7158 187
7169 7187 289
7170 7197 204
7189 7193 277
7211 7238 244
7235 7243 279
7238 7277 280
7266 7270 16
7277 7302 189
7283 7320 90
7287 7304 49
7317 7345 289
7334 7383 158
7360 7372 210
7388 7428 78
7408 7425 158
7431 7470 144
7442 7476 39
