500
11 37 83
22 49 23
40 71 64
40 87 117
43 45 89
73 91 249
96 115 1
103 112 28
107 135 253
111 140 89
118 119 70
132 164 16
136 140 285
136 161 292
165 171 202
189 211 261
201 209 13
228 235 118
231 251 124
251 267 195
263 302 191
271 284 58
271 305 266
281 319 168
299 316 17
301 339 154
313 357 173
338 351 265
339 365 81
341 366 254
365 368 280
366 367 26
393 434 233
405 434 280
426 467 183
442 467 19
471 488 231
488 526 109
507 512 95
530 570 226
538 544 125
566 600 296
579 623 70
590 626 179
593 610 170
613 654 167
629 636 158
630 641 4
632 676 45
639 686 243
669 718 107
672 686 173
700 730 262
716 724 101
721 758 175
750 784 69
767 775 290
779 790 289
803 851 211
831 840 77
839 864 76
869 871 202
881 894 292
887 930 78
911 934 284
934 942 53
936 951 279
938 988 125
957 997 108
987 1024 3
999 1021 252
1012 1048 4
1025 1045 127
1039 1061 234
1040 1060 53
1049 1080 110
1053 1071 209
1058 1087 31
1086 1108 64
1091 1116 201
1116 1144 73
1120 1163 61
1120 1163 211
1131 1161 296
1131 1166 21
1159 1199 143
1169 1211 168
1183 1217 263
1203 1251 4
1222 1235 89
1238 1245 168
1267 1269 5
1274 1318 153
1301 1305 240
1301 1347 69
1305 1335 21
1314 1330 10
1343 1378 60
1360 1376 101
1364 1383 124
1385 1415 279
1402 1406 39
1404 1450 110
1411 1412 182
1436 1443 192
1448 1479 134
1476 1523 82
1498 1547 266
1517 1518 275
1546 1558 171
1558 1598 288
1579 1629 300
1601 1628 26
1628 1653 275
1648 1684 208
1676 1707 167
1678 1680 210
1692 1720 128
1711 1759 238
1713 1714 254
1736 1775 287
1754 1785 268
1768 1816 7
1768 1805 21
1795 1812 114
1810 1839 174
1836 1842 6
1854 1900 163
1870 1911 226
1897 1916 197
1899 1915 268
1904 1908 1
1907 1910 29
1936 1981 97
1951 1969 154
1975 1980 52
1995 1996 39
2017 2018 83
2027 2028 131
2040 2058 13
2046 2064 152
2058 2059 61
2078 2110 171
2097 2111 117
2100 2125 14
2129 2143 68
2147 2195 281
2173 2214 30
2183 2211 260
2193 2222 234
2216 2247 54
2229 2245 207
2245 2274 159
2271 2279 85
2274 2306 122
2281 2282 170
2285 2324 294
2285 2307 40
2287 2304 58
2302 2323 138
2306 2336 226
2319 2338 157
2345 2376 15
2368 2403 42
2368 2406 83
2368 2404 112
2396 2441 202
2411 2420 65
2417 2467 128
2435 2454 154
2449 2473 54
2461 2462 60
2477 2513 195
2498 2503 106
2505 2533 130
2523 2554 252
2530 2543 170
2544 2564 278
2559 2586 263
2578 2617 297
2579 2583 127
2604 2648 298
2624 2632 185
2633 2661 190
2643 2649 27
2659 2660 245
2674 2693 181
2678 2714 64
2682 2719 135
2706 2709 276
2724 2730 129
2751 2801 152
2751 2770 199
2774 2800 5
2799 2831 43
2799 2837 218
2826 2846 233
2827 2869 76
2850 2867 245
2878 2900 154
2905 2928 113
2914 2925 121
2915 2962 76
2924 2935 252
2930 2941 8
2960 2990 102
2967 3008 198
2974 3021 154
2988 3033 289
3007 3011 189
3033 3036 3
3034 3064 277
3052 3096 235
3064 3073 186
3082 3087 38
3109 3146 90
3139 3140 53
3159 3171 96
3163 3196 115
3178 3213 265
3180 3226 24
3187 3232 201
3206 3256 237
3221 3232 111
3239 3280 255
3239 3275 257
3239 3268 214
3251 3286 37
3280 3283 96
3281 3325 215
3291 3333 283
3300 3308 188
3305 3321 90
3316 3358 289
3317 3319 177
3319 3338 291
3333 3344 144
3349 3375 296
3350 3394 23
3374 3414 272
3385 3391 131
3390 3422 150
3413 3430 79
3440 3475 106
3468 3477 260
3496 3525 207
3507 3534 211
3524 3552 208
3531 3574 184
3538 3545 195
3558 3600 93
3588 3627 44
3597 3642 265
3600 3623 262
3627 3651 55
3641 3683 252
3670 3691 198
3675 3702 204
3682 3731 18
3710 3747 112
3713 3738 70
3716 3720 96
3732 3770 245
3759 3770 288
3777 3785 62
3803 3806 76
3817 3823 6
3844 3862 7
3854 3899 32
3878 3896 279
3900 3937 14
3911 3941 300
3929 3966 271
3938 3949 269
3940 3943 44
3956 3982 25
3970 4011 75
3998 4022 209
4001 4023 143
4003 4033 293
4006 4047 197
4029 4070 11
4046 4080 138
4050 4081 88
4059 4081 229
4089 4135 275
4094 4111 288
4117 4146 25
4138 4139 84
4150 4178 101
4162 4175 93
4184 4224 279
4194 4203 120
4197 4246 149
4201 4218 40
4216 4250 111
4225 4242 238
4231 4278 268
4248 4284 218
4263 4308 53
4280 4318 42
4288 4323 122
4303 4341 275
4304 4314 229
4320 4349 257
4330 4342 265
4351 4352 230
4363 4404 157
4364 4392 161
4381 4421 222
4408 4453 97
4418 4439 255
4422 4423 284
4437 4476 11
4442 4487 292
4443 4464 213
4469 4507 237
4481 4503 156
4495 4540 182
4505 4508 196
4523 4553 98
4535 4585 273
4550 4580 80
4554 4595 186
4559 4593 216
4566 4578 217
4569 4574 234
4575 4622 46
4584 4629 28
4585 4598 276
4598 4606 261
4603 4606 262
4605 4609 190
4612 4617 274
4620 4670 85
4625 4653 195
4653 4654 116
4663 4713 299
4673 4712 73
4698 4737 247
4705 4748 121
4716 4726 7
4741 4788 74
4742 4775 219
4752 4799 61
4758 4791 90
4759 4788 185
4774 4786 124
4797 4823 274
4809 4856 245
4816 4836 138
4816 4839 35
4846 4891 150
4856 4878 53
4879 4898 180
4904 4933 175
4910 4941 141
4917 4932 25
4933 4954 54
4953 4962 57
4980 4992 268
4987 5028 234
5008 5056 260
5024 5063 42
5026 5051 223
5042 5053 108
5047 5097 299
5067 5110 47
5086 5110 173
5092 5098 204
5101 5144 211
5102 5149 241
5132 5165 197
5140 5147 142
5145 5182 105
5163 5201 140
5187 5221 72
5188 5201 49
5192 5234 221
5202 5231 143
5229 5235 289
5239 5269 30
5247 5265 205
5277 5291 129
5291 5295 13
5304 5314 134
5314 5316 16
5320 5338 206
5346 5396 109
5367 5394 66
5371 5406 80
5383 5407 246
5406 5410 70
5419 5464 11
5440 5456 197
5449 5485 100
5472 5478 221
5480 5519 253
5500 5512 10
5513 5534 100
5533 5551 170
5557 5599 87
5563 5579 148
5591 5633 145
5600 5607 112
5610 5650 294
5617 5632 15
5633 5636 176
5662 5707 238
5663 5692 158
5690 5710 24
5693 5732 63
5707 5711 273
5711 5731 24
5741 5781 231
5742 5791 227
5744 5787 250
5760 5794 71
5790 5806 137
5804 5848 250
5833 5841 112
5840 5881 176
5841 5872 120
5854 5864 222
5884 5933 237
5910 5942 13
5939 5957 183
5965 5974 291
5990 6001 79
6011 6061 134
6032 6064 117
6040 6067 84
6052 6085 42
6065 6094 184
6078 6108 102
6102 6106 285
6103 6105 214
6119 6154 51
6132 6152 185
6134 6149 37
6160 6204 262
6185 6197 217
6215 6236 75
6229 6266 190
6244 6249 263
6246 6247 198
6249 6276 208
6275 6323 197
6285 6292 1
6291 6324 289
6312 6319 149
6330 6352 50
6354 6362 299
6378 6390 116
6379 6399 85
6400 6421 216
6407 6432 299
6425 6444 224
6426 6433 116
6434 6453 248
6440 6468 63
6453 6481 222
6455 6501 134
6485 6509 103
6501 6524 36
6508 6534 121
6508 6553 61
6517 6545 214
6541 6547 6
6549 6597 24
6566 6616 1
6572 6590 76
6593 6618 11
6596 6614 121
6610 6611 239
6618 6626 2
6634 6648 15
6656 6693 267
6671 6673 2
6700 6725 45
6709 6730 197
6728 6760 100
6758 6779 249
6766 6803 117
6790 6838 244
6795 6811 105
6795 6834 192
6809 6811 8
6815 6838 93
6817 6827 6
6832 6877 200
6859 6896 56
6864 6912 6
6882 6915 63
6883 6885 126
6883 6890 225
6913 6953 111
6929 6956 213
6959 6961 255
6974 7016 161
