500
18 37 52
21 41 135
37 56 179
47 73 264
50 93 197
56 80 145
65 99 265
85 114 116
102 124 270
125 132 44
151 163 117
151 154 57
181 229 154
187 195 39
214 241 28
222 234 21
224 241 194
250 293 215
261 262 173
288 290 31
306 315 184
307 336 149
322 356 244
333 379 231
341 357 117
366 380 102
367 401 256
381 420 257
382 384 207
388 426 119
400 402 22
419 465 105
447 456 166
471 496 300
486 500 194
510 532 187
514 551 285
544 575 135
557 570 228
558 560 8
560 609 59
572 617 217
600 614 259
623 659 176
651 657 36
652 699 36
676 689 60
706 744 280
720 732 223
720 766 115
746 785 52
758 772 45
773 798 112
801 845 158
805 855 289
821 851 43
841 853 47
867 911 21
887 913 273
906 924 32
910 937 121
940 957 160
965 988 300
981 1010 118
991 1005 67
1015 1017 219
1028 1043 28
1046 1075 234
1066 1076 57
1075 1097 54
1090 1110 254
1108 1119 196
1114 1155 231
1114 1142 282
1135 1162 12
1142 1186 276
1146 1162 296
1147 1182 53
1170 1185 34
1193 1239 231
1194 1197 52
1215 1224 9
1230 1277 15
1237 1258 297
1266 1292 1
1294 1297 27
1301 1311 233
1324 1363 7
1338 1388 152
1351 1383 27
1378 1388 164
1408 1415 103
1433 1441 248
1438 1488 23
1442 1467 57
1464 1465 219
1466 1489 172
1479 1487 123
1484 1506 261
1508 1543 64
1536 1542 263
1542 1545 81
1558 1576 163
1577 1587 166
1592 1640 178
1609 1659 31
1613 1646 85
1635 1665 181
1637 1649 226
1650 1696 291
1653 1686 287
1683 1713 68
1685 1735 153
1690 1716 222
1710 1743 82
1714 1743 63
1726 1773 31
1756 1758 293
1767 1778 175
1786 1794 68
1796 1805 89
1796 1800 146
1798 1821 254
1816 1857 125
1818 1844 213
1825 1831 99
1839 1845 239
1862 1886 188
1878 1890 200
1886 1916 10
1913 1942 57
1924 1926 283
1925 1974 46
1944 1948 49
1964 1999 253
1977 1986 198
1985 1986 106
1999 2031 187
2001 2002 298
2022 2059 57
2037 2073 115
2048 2064 131
2068 2080 128
2096 2121 11
2106 2107 2
2130 2139 296
2148 2167 170
2151 2155 249
2159 2179 33
2173 2178 270
2189 2215 126
2196 2218 252
2210 2228 59
2231 2274 176
2240 2290 119
2267 2303 290
2280 2328 292
2299 2329 287
2324 2369 30
2333 2346 28
2363 2409 251
2369 2401 258
2399 2435 198
2417 2466 255
2433 2467 42
2452 2482 186
2455 2463 85
2479 2500 296
2504 2511 130
2524 2550 183
2535 2562 36
2561 2577 170
2582 2598 117
2599 2614 98
2600 2636 206
2613 2617 9
2621 2633 26
2641 2667 173
2657 2668 240
2685 2692 211
2696 2721 142
2705 2755 172
2723 2762 29
2751 2795 223
2760 2763 95
2780 2799 34
2793 2806 278
2820 2825 156
2829 2832 244
2859 2888 245
2860 2862 204
2873 2887 220
2883 2895 279
2898 2944 134
2909 2945 125
2911 2939 153
2913 2919 15
2942 2947 255
2968 3011 78
2980 3017 213
3004 3020 29
3032 3045 154
3057 3067 292
3060 3104 218
3075 3091 176
3094 3101 50
3110 3115 183
3138 3160 110
3157 3188 228
3165 3175 116
3178 3213 46
3208 3217 209
3236 3283 208
3255 3297 265
3265 3268 106
3293 3313 59
3296 3319 186
3319 3353 295
3342 3361 14
3349 3354 156
3366 3381 286
3371 3396 111
3394 3436 105
3407 3431 116
3412 3462 96
3412 3434 294
3425 3432 250
3454 3480 168
3476 3497 254
3480 3485 68
3504 3543 278
3519 3547 125
3519 3546 183
3541 3554 8
3545 3574 212
3552 3565 81
3557 3589 126
3579 3601 294
3583 3596 50
3595 3596 213
3596 3625 79
3612 3650 173
3614 3646 288
3617 3656 117
3639 3644 12
3662 3688 25
3672 3697 1
3683 3726 71
3684 3691 109
3700 3739 272
3717 3743 255
3725 3748 210
3735 3752 107
3759 3793 23
3789 3804 193
3796 3804 221
3810 3821 209
3837 3844 197
3842 3864 142
3844 3858 261
3868 3883 186
3869 3914 217
3876 3888 193
3895 3925 129
3897 3919 166
3917 3937 242
3942 3988 29
3957 3977 127
3962 3976 181
3978 4004 218
3985 3996 111
3999 4037 74
4005 4054 87
4016 4064 119
4031 4077 28
4059 4108 53
4074 4114 211
4085 4112 150
4101 4111 281
4113 4146 196
4143 4170 294
4164 4213 242
4169 4208 263
4175 4188 129
4194 4200 194
4211 4237 9
4236 4246 265
4238 4244 115
4253 4289 114
4274 4275 207
4292 4301 35
4318 4352 121
4348 4354 28
4369 4390 123
4373 4379 261
4375 4378 106
4375 4392 33
4405 4450 50
4430 4463 260
4435 4477 136
4446 4450 68
4451 4495 251
4478 4503 50
4503 4526 130
4514 4525 299
4525 4533 89
4535 4539 105
4561 4601 291
4587 4610 177
4587 4614 117
4598 4608 158
4617 4652 169
4618 4634 148
4626 4648 180
4656 4685 300
4684 4689 199
4693 4717 188
4700 4723 34
4713 4731 263
4740 4756 153
4740 4773 99
4742 4755 268
4756 4783 67
4766 4801 292
4773 4818 263
4797 4837 277
4805 4836 109
4806 4822 128
4822 4861 288
4848 4860 111
4857 4873 293
4880 4904 146
4881 4916 63
4897 4898 107
4923 4932 13
4931 4935 82
4957 4960 146
4969 4994 188
4976 4989 9
4999 5009 118
5007 5036 202
5011 5031 18
5035 5057 34
5036 5059 82
5041 5069 197
5048 5060 86
5067 5116 164
5095 5143 68
5120 5149 71
5150 5187 106
5164 5187 67
5173 5203 45
5179 5199 231
5203 5218 122
5214 5244 247
5222 5265 24
5250 5259 171
5271 5317 290
5298 5319 242
5302 5317 138
5306 5312 256
5318 5358 226
5321 5363 78
5350 5369 22
5362 5385 266
5363 5399 207
5368 5393 38
5391 5402 176
5408 5442 197
5434 5436 40
5464 5513 169
5471 5485 159
5478 5511 154
5494 5507 231
5514 5554 45
5538 5566 75
5546 5553 263
5564 5581 231
5587 5606 118
5591 5625 170
5608 5623 64
5638 5646 134
5664 5701 105
5679 5690 14
5688 5738 54
5704 5725 260
5725 5775 229
5728 5777 211
5743 5773 136
5747 5769 1
5748 5760 20
5770 5771 268
5784 5824 269
5796 5842 196
5808 5818 151
5838 5839 221
5842 5868 33
5857 5906 208
5867 5908 178
5897 5932 260
5925 5954 172
5938 5979 19
5956 5992 64
5967 5995 225
5975 5983 117
5989 6031 80
6011 6012 132
6039 6070 9
6057 6076 52
6085 6127 74
6089 6131 252
6108 6141 95
6110 6134 85
6137 6172 155
6149 6187 159
6157 6185 82
6176 6224 39
6186 6225 103
6216 6248 29
6243 6264 12
6251 6269 106
6260 6302 284
6280 6306 64
6308 6337 62
6327 6345 58
6351 6379 141
6358 6390 178
6383 6390 62
6399 6419 291
6399 6421 6
6427 6448 247
6439 6478 141
6459 6492 21
6471 6482 284
6484 6487 217
6487 6515 285
6493 6536 35
6507 6523 288
6522 6562 155
6552 6599 293
6555 6602 138
6560 6610 145
6567 6600 275
6586 6626 110
6605 6607 98
6633 6646 50
6656 6683 112
6679 6724 177
6698 6720 21
6702 6743 159
6716 6718 194
6735 6760 71
6761 6781 169
6790 6833 170
6800 6803 29
6826 6833 5
6849 6876 46
6877 6879 220
6878 6903 234
6908 6923 95
6933 6969 248
6949 6982 222
6961 6972 10
6965 7000 269
6987 7026 264
7002 7005 247
7028 7068 30
7057 7065 65
7082 7118 51
7094 7095 17
7098 7100 212
7108 7132 168
7137 7173 31
7167 7171 180
7167 7212 53
7174 7219 227
7201 7237 171
7216 7266 171
7223 7270 89
7223 7229 62
7229 7261 173
7246 7290 55
7258 7270 169
7288 7299 85
7311 7313 180
7333 7375 8
7349 7364 103
7368 7381 47
7390 7415 101
7408 7426 119
7438 7465 70
7441 7449 68
7458 7481 277
7463 7506 126
7487 7506 282
7493 7534 3
7500 7502 25
7509 7547 275
7520 7532 158
7550 7560 43
