500
9 12 185
29 70 47
37 65 105
45 78 14
61 86 189
76 120 160
101 124 46
103 131 161
105 153 18
108 150 29
120 149 2
125 133 209
150 195 286
157 172 273
185 216 151
193 199 159
200 202 280
227 238 61
247 259 150
248 288 266
270 304 71
270 276 138
279 309 16
300 332 189
311 335 99
319 334 214
328 341 45
357 396 218
383 398 55
402 424 250
426 433 170
433 470 195
459 488 256
468 494 1
488 506 48
507 527 69
508 543 83
514 559 82
538 561 177
568 600 222
588 623 179
592 615 40
622 655 11
645 662 20
654 664 38
664 691 297
693 698 108
713 729 151
731 775 21
742 756 157
754 776 69
779 781 244
806 850 241
834 866 138
853 858 66
871 907 163
882 886 61
888 932 261
889 895 172
912 946 177
921 942 1
943 972 46
964 991 100
983 1025 229
994 1044 157
1005 1008 242
1027 1058 98
1051 1063 205
1065 1070 105
1081 1101 21
1087 1108 30
1107 1127 88
1123 1130 286
1139 1167 36
1156 1186 282
1159 1204 89
1189 1203 205
1207 1238 74
1214 1246 4
1236 1285 115
1260 1282 120
1262 1301 171
1289 1293 215
1295 1326 293
1317 1327 146
1328 1350 77
1355 1357 239
1366 1381 225
1383 1399 163
1405 1428 5
1434 1439 242
1461 1506 169
1474 1504 197
1502 1516 122
1512 1542 276
1519 1520 25
1521 1542 299
1550 1566 4
1572 1621 54
1576 1606 194
1601 1649 51
1616 1658 277
1629 1658 91
1645 1672 237
1661 1711 24
1687 1695 280
1692 1741 8
1715 1723 134
1715 1749 220
1727 1755 83
1754 1757 72
1756 1797 169
1757 1775 172
1774 1795 139
1775 1780 196
1788 1824 9
1796 1799 30
1825 1831 195
1852 1892 5
1866 1881 203
1874 1881 199
1880 1890 103
1880 1893 117
1883 1884 18
1902 1921 61
1931 1955 213
1956 1968 18
1967 2003 221
1993 2018 122
2018 2020 160
2042 2089 297
2064 2079 199
2069 2101 149
2081 2131 76
2098 2142 32
2126 2168 181
2138 2157 120
2145 2149 272
2164 2185 72
2174 2198 40
2188 2215 122
2217 2257 121
2232 2274 161
2240 2268 159
2252 2274 295
2261 2302 269
2272 2292 220
2278 2313 78
2280 2286 158
2282 2284 144
2304 2337 42
2325 2364 41
2329 2364 17
2336 2370 185
2359 2408 146
2377 2414 38
2387 2419 159
2415 2417 288
2419 2434 55
2447 2456 22
2467 2485 166
2470 2496 113
2475 2516 288
2494 2507 293
2500 2526 245
2519 2548 244
2529 2557 202
2551 2569 150
2561 2575 169
2572 2618 265
2597 2617 145
2621 2640 117
2627 2665 25
2642 2686 87
2672 2703 34
2702 2723 217
2722 2737 226
2745 2780 110
2775 2824 117
2803 2845 237
2829 2866 37
2829 2869 299
2856 2863 129
2866 2867 13
2877 2923 64
2882 2914 166
2911 2943 111
2911 2935 67
2919 2964 281
2928 2964 45
2944 2950 164
2963 2992 236
2970 2980 48
2973 2986 90
2997 3017 26
3015 3036 209
3015 3023 94
3041 3088 5
3060 3079 23
3070 3092 221
3078 3126 298
3101 3125 282
3113 3151 212
3113 3122 112
3128 3163 230
3141 3183 178
3158 3190 148
3171 3210 274
3196 3203 90
3214 3221 54
3239 3256 117
3263 3289 180
3289 3333 28
3316 3350 78
3328 3329 261
3333 3338 10
3334 3363 281
3336 3374 240
3345 3367 174
3350 3362 61
3358 3405 232
3364 3414 101
3392 3431 206
3403 3412 86
3410 3449 190
3412 3459 227
3431 3475 17
3456 3459 197
3469 3498 250
3488 3526 62
3507 3520 150
3507 3532 137
3511 3548 118
3523 3552 11
3542 3586 188
3570 3607 146
3574 3581 142
3577 3593 270
3584 3605 290
3614 3629 5
3620 3665 271
3650 3670 275
3669 3716 148
3673 3713 86
3681 3695 60
3692 3725 17
3716 3727 22
3730 3753 241
3739 3788 279
3760 3798 138
3781 3790 156
3790 3839 52
3796 3840 259
3824 3868 262
3851 3864 146
3877 3917 25
3907 3955 255
3924 3948 12
3948 3989 225
3959 4000 67
3964 3997 129
3968 3986 261
3988 4034 274
3992 3997 81
4013 4047 152
4014 4024 139
4033 4074 161
4057 4094 80
4085 4090 294
4089 4135 11
4108 4111 281
4117 4140 243
4130 4168 57
4155 4198 196
4173 4191 296
4184 4227 222
4191 4219 166
4205 4218 242
4221 4246 106
4234 4277 212
4264 4302 213
4291 4328 23
4298 4305 268
4315 4353 131
4325 4330 260
4351 4367 45
4355 4385 197
4366 4373 71
4369 4370 255
4384 4427 30
4394 4421 117
4405 4422 251
4417 4423 3
4430 4432 287
4430 4449 212
4431 4460 19
4454 4490 285
4476 4486 160
4482 4497 193
4508 4545 247
4517 4519 261
4546 4595 85
4556 4570 121
4582 4618 29
4582 4604 35
4601 4602 179
4612 4649 149
4640 4652 227
4668 4717 161
4670 4699 52
4673 4715 231
4703 4736 187
4711 4713 41
4739 4781 242
4762 4764 91
4791 4806 293
4816 4819 181
4823 4848 154
4842 4843 87
4858 4870 162
4860 4894 263
4881 4899 18
4885 4933 269
4893 4943 69
4903 4947 211
4920 4953 60
4937 4987 250
4948 4991 172
4969 4973 58
4983 4992 30
5011 5034 31
5037 5078 93
5047 5066 237
5072 5100 227
5094 5114 25
5120 5137 46
5122 5124 69
5146 5193 105
5165 5184 110
5195 5232 216
5208 5232 33
5216 5227 237
5225 5269 60
5252 5271 154
5273 5320 223
5292 5308 52
5303 5304 208
5329 5342 158
5340 5386 1
5369 5376 192
5373 5383 207
5394 5400 51
5402 5448 88
5423 5440 61
5423 5447 277
5425 5462 194
5443 5458 175
5445 5484 210
5455 5478 46
5466 5484 125
5488 5531 247
5506 5549 295
5517 5529 227
5539 5544 105
5560 5579 260
5568 5595 126
5583 5606 228
5598 5647 85
5605 5634 79
5625 5670 264
5628 5666 233
5658 5677 158
5679 5723 193
5696 5734 263
5702 5708 238
5710 5757 82
5731 5733 172
5734 5742 293
5753 5782 78
5773 5776 266
5798 5837 234
5828 5830 71
5837 5884 37
5855 5902 201
5872 5886 130
5884 5914 281
5895 5931 249
5895 5939 288
5895 5934 266
5921 5960 117
5929 5950 61
5954 5985 223
5959 6007 30
5965 6008 15
5981 6004 268
6010 6017 126
6026 6065 15
6043 6086 261
6045 6082 263
6074 6103 202
6099 6125 156
6107 6153 144
6123 6162 245
6144 6191 253
6145 6165 20
6154 6173 188
6171 6176 274
6174 6223 214
6181 6218 37
6190 6231 277
6194 6211 71
6204 6218 229
6206 6231 51
6231 6248 92
6243 6291 125
6248 6268 167
6275 6281 116
6304 6344 267
6308 6332 115
6324 6343 277
6341 6389 152
6354 6359 263
6380 6396 185
6385 6391 114
6404 6442 131
6421 6471 146
6442 6469 58
6465 6475 23
6489 6521 33
6500 6547 81
6525 6559 242
6535 6585 204
6558 6574 225
6576 6612 9
6578 6612 37
6581 6600 90
6581 6609 91
6610 6635 292
6614 6642 247
6640 6652 253
6652 6670 170
6679 6691 84
6708 6714 122
6724 6739 146
6742 6773 223
6746 6768 222
6751 6752 142
6759 6788 30
6763 6771 282
6772 6815 269
6789 6802 116
6789 6811 49
6790 6824 156
6808 6831 67
6829 6857 220
6839 6883 169
6843 6859 247
6853 6861 30
6877 6903 294
6896 6898 131
6908 6956 123
6928 6941 188
6953 6986 36
6975 6977 29
7000 7021 272
7008 7018 161
7009 7029 300
7011 7015 196
7021 7056 98
7025 7029 259
7041 7079 124
7061 7093 13
7080 7121 90
7091 7126 252
7114 7152 84
7121 7123 194
7147 7178 1
7177 7202 93
7191 7239 203
7192 7223 284
7196 7207 262
7220 7249 54
7223 7271 43
7241 7256 220
7250 7285 300
7265 7273 4
7285 7313 63
7311 7322 45
7320 7350 57
7346 7394 80
7364 7410 20
7387 7427 197
7405 7447 120
7414 7442 19
7442 7461 195
7442 7470 279
7451 7491 271
7477 7500 193
7490 7500 181
7517 7526 29
