500
20 24 102
28 71 150
40 41 123
66 94 293
92 93 297
111 113 246
124 142 2
137 184 130
149 151 76
163 209 50
192 230 213
196 205 204
209 259 69
209 241 244
213 261 206
221 228 160
235 261 2
252 299 213
281 327 249
289 338 97
293 329 8
317 348 259
341 360 120
360 381 191
381 401 59
400 436 294
401 433 254
408 458 164
434 453 176
461 471 225
475 501 130
475 507 196
505 538 264
526 528 14
551 595 197
579 587 216
590 635 288
613 631 15
622 635 146
643 668 128
646 651 37
648 649 299
651 681 109
659 661 147
686 723 153
695 735 296
697 747 225
707 747 212
716 759 243
726 746 77
730 763 8
753 774 203
765 794 43
781 783 65
791 816 72
816 835 264
822 828 218
833 883 59
839 852 59
851 862 244
859 906 152
887 916 130
910 960 66
919 930 234
943 965 154
951 978 7
978 989 230
1004 1016 261
1004 1026 62
1018 1020 164
1043 1058 233
1057 1107 48
1065 1095 102
1085 1106 165
1092 1101 59
1104 1148 299
1105 1149 38
1120 1154 191
1148 1191 213
1160 1193 191
1180 1199 34
1199 1210 197
1225 1246 239
1227 1241 143
1242 1250 96
1258 1279 132
1285 1321 105
1297 1303 13
1322 1359 94
1330 1368 286
1349 1390 150
1358 1364 92
1387 1430 160
1405 1441 215
1410 1442 164
1423 1437 57
1446 1496 194
1462 1489 146
1486 1520 260
1490 1503 73
1512 1530 155
1512 1530 166
1533 1567 257
1563 1581 280
1568 1571 261
1591 1623 152
1607 1650 95
1634 1670 131
1640 1643 196
1653 1664 58
1663 1699 89
1664 1695 45
1691 1736 105
1697 1716 121
1720 1748 154
1745 1753 197
1762 1771 47
1787 1835 137
1790 1821 284
1817 1834 32
1843 1876 55
1855 1876 222
1864 1888 245
1864 1881 12
1879 1914 143
1900 1932 254
1922 1961 257
1922 1941 128
1924 1927 27
1946 1957 175
1957 1989 287
1981 2017 13
1999 2003 182
2001 2051 188
2003 2020 210
2020 2064 238
2021 2024 178
2029 2042 69
2055 2074 95
2068 2076 45
2089 2125 44
2117 2145 139
2118 2123 222
2141 2179 101
2147 2173 293
2154 2198 245
2180 2225 95
2195 2210 136
2200 2201 280
2208 2224 68
2232 2257 112
2243 2265 233
2273 2309 85
2278 2287 223
2290 2317 239
2315 2333 232
2342 2387 252
2350 2383 155
2364 2402 229
2388 2394 239
2402 2434 243
2422 2438 279
2428 2468 4
2458 2476 125
2484 2487 77
2485 2520 133
2508 2545 78
2521 2533 269
2521 2535 257
2548 2559 130
2573 2598 186
2576 2596 228
2589 2615 69
2608 2625 145
2638 2669 153
2654 2681 134
2676 2717 249
2689 2705 266
2693 2722 157
2705 2719 82
2707 2740 68
2713 2716 128
2742 2768 201
2755 2778 289
2757 2797 48
2773 2809 94
2790 2820 268
2812 2841 166
2823 2866 1
2851 2897 210
2874 2890 154
2893 2910 233
2916 2964 258
2926 2971 89
2930 2947 57
2935 2975 220
2954 3002 248
2967 2997 163
2991 3030 260
3011 3027 33
3013 3048 33
3034 3065 14
3064 3073 106
3075 3117 16
3081 3124 251
3108 3148 10
3127 3168 30
3145 3178 242
3145 3159 189
3172 3196 299
3179 3196 193
3209 3247 207
3211 3244 46
3213 3241 175
3214 3253 236
3222 3239 137
3222 3260 199
3226 3273 203
3231 3239 54
3238 3264 135
3259 3284 250
3268 3272 27
3292 3331 2
3297 3340 141
3327 3340 130
3350 3376 212
3361 3364 194
3364 3372 283
3389 3415 118
3400 3437 179
3412 3433 223
3424 3443 237
3433 3475 87
3433 3478 117
3458 3490 100
3486 3511 1
3506 3538 17
3519 3528 216
3549 3574 126
3562 3580 233
3576 3618 295
3606 3613 91
3612 3633 199
3618 3653 94
3636 3638 251
3659 3672 145
3684 3691 184
3695 3734 54
3700 3727 72
3721 3764 55
3732 3765 47
3752 3759 294
3761 3787 237
3774 3775 86
3779 3788 293
3809 3850 265
3832 3849 87
3850 3895 141
3873 3888 151
3891 3928 219
3921 3947 288
3942 3989 76
3953 3964 255
3977 4024 205
4000 4036 35
4001 4047 300
4015 4024 270
4024 4029 186
4024 4030 282
4045 4078 62
4057 4068 124
4068 4077 10
4092 4107 97
4108 4131 257
4124 4174 298
4132 4165 241
4161 4208 13
4169 4184 225
4195 4234 295
4204 4247 90
4234 4268 247
4236 4269 190
4249 4287 242
4258 4261 80
4288 4297 137
4301 4318 216
4307 4339 232
4315 4352 246
4329 4364 172
4355 4398 217
4384 4419 8
4399 4417 206
4423 4437 197
4433 4438 281
4457 4496 283
4466 4474 280
4486 4528 35
4495 4508 102
4508 4532 5
4524 4526 264
4530 4538 183
4535 4559 58
4540 4563 111
4551 4579 71
4564 4603 281
4594 4639 212
4618 4639 210
4636 4682 189
4662 4686 148
4688 4734 116
4690 4717 222
4690 4702 110
4708 4718 133
4720 4728 30
4735 4759 109
4744 4762 129
4764 4783 135
4768 4809 2
4797 4846 161
4820 4865 265
4842 4860 159
4850 4879 132
4876 4919 298
4881 4888 192
4887 4935 156
4911 4929 214
4939 4972 187
4949 4970 191
4954 4978 249
4955 4966 84
4955 4995 124
4982 4996 59
5005 5046 44
5012 5057 233
5025 5034 208
5040 5065 167
5070 5088 159
5084 5099 140
5090 5113 249
5118 5144 134
5126 5159 248
5130 5138 23
5160 5186 41
5168 5173 200
5189 5216 125
5203 5253 262
5204 5215 58
5234 5282 96
5237 5287 255
5260 5278 238
5265 5271 286
5267 5310 7
5288 5296 264
5310 5351 59
5338 5361 46
5365 5389 125
5382 5415 296
5382 5424 233
5405 5455 140
5412 5449 3
5417 5465 26
5441 5460 66
5460 5474 12
5482 5522 229
5486 5493 20
5487 5537 194
5497 5505 176
5507 5511 160
5521 5537 228
5544 5590 206
5546 5573 206
5572 5603 272
5583 5601 166
5587 5633 171
5589 5610 289
5610 5627 66
5610 5617 16
5635 5651 56
5659 5676 254
5675 5711 64
5686 5723 16
5687 5712 212
5706 5731 275
5735 5780 222
5745 5765 8
5766 5799 246
5768 5798 232
5798 5810 43
5798 5836 233
5827 5876 129
5830 5852 165
5848 5890 261
5877 5882 52
5893 5916 141
5899 5919 81
5921 5948 300
5931 5981 228
5940 5954 161
5966 5979 64
5973 5997 123
5976 6020 164
6000 6033 286
6023 6032 171
6032 6050 184
6052 6096 292
6060 6067 107
6070 6098 34
6073 6106 171
6086 6105 167
6116 6140 272
6132 6172 171
6158 6195 33
6179 6209 212
6188 6207 271
6190 6232 300
6203 6241 259
6210 6221 166
6217 6244 241
6224 6249 246
6238 6270 234
6253 6300 185
6256 6299 124
6276 6292 60
6287 6330 131
6289 6329 85
6289 6321 19
6293 6314 28
6293 6313 287
6304 6328 137
6309 6349 89
6338 6375 232
6354 6404 221
6379 6424 87
6383 6399 80
6399 6445 114
6400 6450 176
6430 6442 191
6436 6461 114
6457 6503 151
6459 6480 200
6460 6501 79
6474 6499 133
6497 6508 257
6516 6546 155
6529 6534 281
6529 6539 50
6544 6564 155
6569 6586 188
6570 6590 219
6590 6624 245
6613 6638 280
6627 6672 52
6643 6682 195
6660 6686 26
6680 6693 273
6693 6737 140
6707 6729 83
6728 6777 79
6735 6749 243
6763 6811 19
6793 6835 175
6802 6808 183
6802 6844 254
6816 6847 214
6822 6858 204
6824 6861 49
6849 6854 230
6854 6867 35
6857 6904 120
6858 6874 240
6860 6902 97
6884 6931 166
6894 6902 115
6913 6914 6
6939 6943 103
6959 6981 289
6960 7007 74
6969 7011 124
6970 7009 272
6983 7018 234
6992 7001 40
7003 7019 203
7010 7033 138
7023 7069 126
7027 7054 10
7043 7047 159
7044 7079 145
7059 7082 211
7085 7114 150
7112 7153 256
7141 7176 55
7170 7177 100
7195 7208 245
7198 7234 147
7210 7244 105
7240 7288 84
7240 7245 223
7261 7287 156
7272 7305 165
7290 7306 245
