500
22 32 150
30 40 283
30 49 273
44 72 93
71 78 171
74 122 279
77 99 130
93 114 274
103 152 2
127 137 32
143 147 190
149 171 29
157 187 85
157 192 271
159 173 3
167 179 265
168 184 93
193 218 259
199 244 192
201 213 136
206 220 78
233 275 198
233 263 122
252 297 202
268 283 241
286 298 143
308 348 186
315 318 81
330 369 53
352 353 169
356 390 274
359 395 206
371 379 180
395 401 26
409 431 288
426 441 157
450 462 256
454 498 55
468 474 17
491 498 257
507 553 121
518 555 14
540 548 176
554 560 67
568 604 248
568 603 80
575 622 205
589 625 228
608 622 238
618 645 270
634 648 229
635 658 255
660 707 193
662 701 249
677 711 295
680 707 166
691 702 104
714 721 145
722 731 202
747 793 75
765 769 72
793 813 71
820 821 168
827 831 42
851 864 37
859 895 46
861 880 247
869 903 263
895 937 251
922 928 162
931 953 298
956 978 188
974 1017 128
991 1033 121
996 1003 87
1020 1064 206
1029 1070 66
1040 1090 165
1041 1082 42
1055 1076 234
1084 1131 214
1103 1114 275
1111 1135 147
1141 1185 8
1162 1193 88
1191 1233 249
1193 1220 78
1196 1225 57
1209 1213 32
1209 1245 119
1216 1219 85
1228 1244 282
1235 1283 154
1241 1247 248
1241 1264 282
1269 1298 39
1279 1301 12
1283 1331 159
1283 1309 299
1292 1311 193
1304 1308 30
1320 1336 124
1342 1370 249
1365 1394 8
1389 1429 52
1399 1441 183
1413 1434 134
1421 1465 137
1445 1476 214
1459 1503 49
1471 1473 112
1479 1513 98
1487 1521 145
1517 1539 76
1519 1533 21
1523 1557 288
1548 1583 134
1568 1590 7
1593 1617 253
1608 1627 80
1627 1660 35
1636 1651 67
1636 1638 294
1644 1658 79
1659 1666 279
1660 1706 180
1674 1709 138
1689 1709 249
1689 1732 48
1696 1702 85
1719 1755 15
1727 1742 132
1740 1760 266
1759 1764 268
1769 1810 245
1775 1796 2
1802 1811 143
1805 1835 160
1808 1823 256
1813 1853 102
1815 1852 181
1842 1879 48
1842 1854 203
1859 1872 224
1867 1877 266
1873 1894 275
1896 1941 158
1926 1937 224
1947 1992 74
1967 1988 185
1996 2000 125
2005 2043 70
2012 2033 156
2023 2037 58
2034 2047 150
2054 2098 103
2073 2104 178
2093 2097 279
2106 2120 178
2111 2160 232
2141 2146 166
2147 2151 260
2175 2186 291
2192 2206 246
2211 2260 108
2234 2252 243
2261 2308 295
2275 2299 11
2299 2337 235
2299 2342 102
2299 2304 58
2315 2344 154
2339 2340 278
2364 2370 131
2382 2409 24
2391 2429 8
2392 2429 276
2417 2462 3
2435 2447 104
2460 2479 97
2460 2477 83
2478 2494 294
2503 2544 262
2518 2536 14
2544 2566 72
2553 2563 200
2553 2603 242
2573 2623 242
2595 2608 262
2608 2615 208
2624 2658 50
2651 2652 15
2651 2665 133
2681 2688 44
2700 2743 90
2729 2748 146
2755 2776 68
2767 2798 116
2784 2826 74
2812 2819 18
2839 2880 171
2851 2873 290
2874 2890 203
2893 2939 133
2915 2948 255
2935 2975 291
2960 2982 96
2968 2971 270
2975 2983 68
2992 3018 163
3016 3060 113
3039 3048 61
3051 3072 57
3056 3104 155
3081 3108 180
3104 3116 105
3113 3114 223
3123 3151 107
3132 3149 171
3138 3188 130
3145 3169 110
3159 3168 43
3178 3203 121
3206 3248 173
3209 3224 85
3231 3265 49
3238 3276 25
3268 3316 183
3268 3288 4
3293 3327 189
3305 3319 140
3310 3346 101
3324 3365 19
3342 3352 54
3359 3366 90
3368 3382 212
3384 3387 20
3387 3420 286
3405 3408 29
3418 3444 128
3432 3460 174
3448 3468 205
3464 3465 161
3484 3517 68
3506 3511 199
3525 3573 149
3541 3555 184
3544 3546 26
3553 3589 50
3553 3568 210
3563 3578 197
3583 3600 241
3602 3627 32
3611 3632 224
3612 3627 24
3632 3660 269
3651 3700 210
3654 3703 158
3676 3710 58
3697 3718 262
3726 3759 283
3740 3771 227
3747 3785 47
3776 3792 297
3798 3843 170
3826 3828 138
3850 3865 99
3850 3862 158
3861 3880 245
3891 3927 39
3899 3919 270
3919 3958 276
3922 3971 72
3938 3946 22
3962 3966 221
3986 4034 130
4015 4062 207
4024 4074 283
4050 4077 85
4057 4061 79
4070 4118 171
4080 4100 123
4084 4106 79
4099 4132 300
4103 4133 216
4115 4164 207
4144 4154 157
4150 4161 57
4153 4200 187
4153 4166 134
4182 4222 141
4212 4235 72
4213 4258 36
4236 4247 260
4252 4280 177
4254 4284 156
4268 4315 159
4280 4313 167
4295 4306 299
4321 4338 235
4349 4377 288
4357 4389 4
4360 4391 78
4390 4395 95
4408 4448 7
4419 4459 241
4436 4484 10
4460 4501 281
4480 4488 120
4480 4528 87
4500 4503 177
4520 4554 227
4524 4529 161
4528 4532 5
4529 4570 25
4536 4566 247
4563 4566 137
4577 4609 33
4581 4585 161
4586 4605 265
4586 4596 269
4599 4649 146
4604 4625 149
4609 4656 41
4618 4668 14
4641 4690 7
4670 4708 59
4694 4725 53
4703 4719 163
4709 4737 256
4734 4752 7
4743 4790 228
4772 4796 76
4774 4778 8
4792 4802 104
4818 4868 143
4847 4882 108
4863 4906 113
4883 4913 178
4907 4921 87
4926 4955 207
4944 4959 298
4969 5009 246
4986 5021 155
5009 5055 182
5020 5045 165
5020 5060 144
5050 5085 101
5057 5087 123
5075 5120 245
5099 5131 279
5123 5147 104
5139 5161 229
5142 5169 104
5145 5166 277
5147 5150 87
5150 5164 24
5154 5196 251
5172 5190 96
5191 5193 26
5216 5226 161
5235 5260 129
5239 5248 210
5268 5296 96
5288 5326 166
5293 5332 161
5318 5324 193
5330 5349 242
5355 5398 271
5371 5394 214
5385 5403 87
5392 5434 180
5419 5447 143
5442 5486 86
5451 5491 277
5455 5481 120
5477 5525 3
5487 5531 55
5513 5524 64
5533 5545 193
5561 5604 145
5590 5608 23
5615 5630 112
5619 5665 204
5646 5669 31
5674 5707 122
5692 5712 20
5704 5745 194
5717 5739 41
5724 5765 171
5732 5763 271
5750 5795 221
5755 5769 250
5770 5783 115
5778 5804 233
5795 5821 57
5800 5838 37
5815 5856 45
5841 5868 6
5855 5876 222
5871 5883 74
5877 5918 258
5886 5927 96
5893 5908 252
5900 5949 283
5928 5943 234
5931 5933 124
5954 5956 189
5977 5987 7
6003 6043 108
6019 6027 25
6025 6035 150
6049 6096 205
6057 6096 1
6058 6073 202
6078 6089 10
6094 6112 129
6115 6164 253
6144 6192 194
6166 6193 21
6194 6220 132
6203 6248 82
6217 6221 266
6242 6277 206
6270 6279 107
6270 6313 115
6298 6345 178
6298 6303 136
6298 6311 126
6319 6335 45
6326 6368 288
6336 6368 85
6350 6392 128
6367 6392 1
6368 6384 52
6383 6390 72
6392 6397 270
6406 6413 224
6434 6480 165
6460 6479 85
6473 6516 170
6497 6525 55
6522 6529 241
6532 6557 67
6552 6562 57
6557 6569 21
6579 6594 38
6592 6614 234
6619 6642 126
6649 6665 60
6669 6670 222
6681 6696 242
6695 6701 104
6711 6754 252
6719 6747 274
6739 6787 12
6767 6815 119
6795 6826 92
6797 6800 167
6811 6834 103
6823 6846 178
6833 6866 9
6839 6879 1
6849 6892 70
6877 6901 109
6886 6918 289
6894 6941 195
6910 6952 23
6923 6926 193
6937 6938 161
6966 6989 260
6976 7021 170
7006 7037 178
7016 7035 141
7042 7063 22
7063 7067 241
7065 7110 180
7083 7126 54
7103 7131 224
7104 7136 276
7129 7178 51
7137 7161 235
7163 7170 52
7183 7227 55
7205 7232 45
7209 7255 154
7239 7273 173
7244 7267 1
7261 7272 44
7280 7291 174
7288 7299 86
7313 7352 295
7316 7317 101
7334 7353 165
7361 7386 28
7378 7409 114
7399 7431 77
7399 7421 207
7413 7441 264
7430 7475 61
