500
20 41 115
26 28 159
50 77 284
56 75 16
80 118 100
94 140 204
119 159 230
129 162 17
147 179 171
153 197 209
156 206 158
181 191 58
208 237 272
216 250 276
217 230 13
245 250 1
255 293 209
282 283 196
295 304 252
297 335 241
318 352 253
321 352 17
332 350 73
341 365 229
345 375 201
375 410 240
390 400 179
413 436 67
443 446 287
463 469 227
475 504 228
482 528 213
508 549 158
522 553 20
531 559 265
539 567 180
566 598 194
591 629 185
617 660 122
633 665 240
658 682 24
670 697 54
688 710 288
704 717 272
704 711 282
721 755 130
731 747 242
759 779 83
776 789 263
790 795 64
807 852 71
818 840 248
838 858 35
843 848 240
849 871 276
854 874 1
873 888 25
888 891 19
914 962 215
931 966 178
947 981 208
953 954 296
970 1010 82
976 994 141
999 1047 82
1003 1030 86
1005 1054 58
1028 1056 197
1028 1071 163
1053 1073 4
1068 1095 283
1081 1100 72
1099 1112 13
1113 1145 33
1124 1142 154
1151 1175 277
1156 1179 234
1184 1222 43
1192 1198 273
1209 1210 51
1214 1254 124
1218 1268 37
1227 1252 111
1243 1272 198
1250 1290 226
1273 1311 143
1296 1317 128
1296 1315 153
1307 1356 121
1312 1340 81
1324 1368 210
1342 1352 69
1342 1361 18
1347 1381 19
1363 1378 65
1386 1405 129
1401 1434 102
1404 1424 33
1418 1432 228
1440 1451 268
1457 1474 46
1484 1530 295
1502 1529 42
1515 1558 68
1540 1590 141
1550 1584 152
1557 1569 174
1578 1593 283
1584 1594 69
1605 1612 298
1622 1661 214
1634 1683 271
1664 1669 237
1675 1693 160
1678 1728 3
1691 1724 35
1692 1699 114
1703 1722 259
1709 1750 180
1717 1735 184
1726 1733 160
1748 1774 113
1756 1770 241
1776 1798 275
1797 1833 256
1823 1855 19
1830 1838 295
1841 1875 3
1870 1915 79
1889 1911 220
1912 1960 131
1930 1966 83
1935 1952 248
1937 1948 135
1940 1960 5
1960 2008 220
1960 1965 300
1990 2011 281
2014 2021 297
2036 2085 264
2058 2059 71
2079 2118 29
2086 2102 94
2103 2143 104
2108 2152 9
2127 2138 70
2148 2185 150
2166 2205 203
2182 2212 21
2189 2227 17
2208 2258 155
2232 2266 250
2246 2251 292
2262 2294 3
2278 2309 9
2297 2322 155
2297 2311 156
2323 2354 150
2341 2354 267
2356 2370 283
2385 2401 123
2415 2437 222
2444 2470 99
2468 2517 42
2480 2520 91
2504 2552 117
2524 2547 254
2547 2578 284
2561 2572 191
2568 2580 66
2598 2616 21
2612 2661 35
2621 2646 114
2646 2653 250
2661 2700 265
2670 2691 19
2684 2698 64
2707 2709 155
2736 2774 39
2746 2781 124
2769 2771 107
2796 2831 125
2808 2848 282
2835 2874 194
2851 2893 114
2855 2897 274
2858 2860 285
2882 2924 5
2890 2939 250
2895 2923 290
2921 2939 16
2944 2954 278
2944 2951 121
2950 2977 139
2977 3027 213
2999 3021 79
3028 3052 40
3057 3076 227
3058 3102 259
3078 3112 188
3085 3088 220
3111 3124 26
3111 3149 180
3128 3153 247
3150 3169 294
3158 3177 300
3179 3197 198
3205 3246 241
3234 3247 176
3234 3255 289
3249 3258 137
3278 3328 220
3295 3320 292
3304 3321 243
3323 3329 222
3345 3391 275
3355 3367 85
3364 3394 62
3387 3408 16
3407 3431 69
3424 3453 258
3451 3456 176
3455 3489 223
3472 3497 149
3483 3519 185
3499 3508 209
3526 3560 101
3536 3545 242
3563 3613 3
3572 3595 153
3589 3608 247
3602 3633 45
3615 3649 107
3631 3655 120
3641 3664 268
3657 3699 72
3684 3732 260
3710 3725 3
3722 3765 100
3746 3750 253
3775 3825 47
3788 3814 131
3790 3821 77
3804 3853 66
3834 3855 255
3848 3874 167
3859 3894 228
3875 3884 7
3885 3925 93
3902 3910 54
3918 3930 287
3929 3948 11
3957 3976 154
3981 3983 78
3985 4031 51
4012 4058 148
4032 4069 236
4034 4052 126
4040 4078 12
4045 4073 214
4056 4075 258
4078 4109 124
4104 4143 232
4133 4153 111
4146 4158 293
4163 4209 184
4169 4184 83
4169 4213 120
4181 4202 225
4189 4195 248
4218 4256 95
4248 4286 160
4253 4296 92
4259 4264 180
4283 4304 29
4295 4332 82
4309 4343 71
4337 4384 186
4337 4346 62
4344 4382 44
4359 4361 55
4378 4393 2
4402 4421 43
4403 4413 160
4414 4445 46
4418 4452 98
4435 4458 50
4441 4481 101
4446 4465 208
4474 4477 35
4479 4507 234
4494 4496 212
4503 4546 241
4521 4566 163
4521 4559 33
4527 4535 176
4546 4578 198
4554 4604 177
4570 4574 281
4578 4598 16
4583 4620 2
4598 4622 285
4623 4648 280
4625 4641 274
4637 4652 137
4638 4652 166
4643 4653 60
4667 4698 8
4669 4671 65
4685 4716 96
4702 4718 53
4720 4761 216
4749 4769 141
4776 4781 96
4790 4826 190
4809 4819 99
4837 4860 216
4862 4897 13
4881 4905 61
4911 4947 56
4941 4981 82
4960 4974 132
4976 5023 293
4989 5002 227
5014 5058 32
5015 5056 120
5041 5084 118
5041 5064 49
5062 5077 261
5073 5114 177
5090 5097 288
5110 5149 43
5121 5158 39
5139 5165 186
5151 5154 240
5163 5164 39
5190 5233 87
5215 5262 9
5219 5262 174
5224 5253 25
5247 5287 44
5262 5292 118
5275 5311 20
5304 5349 107
5309 5337 185
5324 5350 278
5342 5367 297
5351 5393 203
5380 5401 280
5400 5449 204
5420 5452 298
5448 5473 274
5461 5491 144
5470 5477 196
5496 5518 247
5524 5549 29
5537 5574 101
5546 5563 146
5566 5582 83
5575 5588 246
5579 5601 3
5597 5614 14
5614 5627 158
5633 5683 151
5637 5679 106
5660 5689 88
5667 5706 2
5680 5724 65
5686 5690 99
5708 5716 258
5733 5738 95
5753 5803 197
5766 5814 113
5781 5790 265
5794 5823 205
5794 5805 256
5818 5852 195
5830 5875 168
5843 5888 258
5865 5912 196
5880 5910 162
5908 5925 195
5920 5928 196
5927 5962 23
5943 5988 166
5958 5983 35
5984 6022 153
6002 6031 200
6025 6040 260
6044 6091 272
6048 6073 45
6061 6069 7
6068 6076 260
6076 6095 187
6091 6133 252
6095 6097 12
6122 6143 6
6126 6163 225
6127 6141 297
6140 6181 3
6163 6211 108
6169 6183 4
6199 6245 131
6223 6245 92
6238 6262 22
6261 6287 50
6287 6296 122
6309 6339 27
6326 6338 179
6336 6355 204
6348 6387 38
6378 6414 180
6378 6405 111
6401 6439 90
6408 6414 9
6429 6463 248
6459 6495 54
6470 6508 134
6484 6501 10
6498 6526 196
6505 6512 272
6507 6540 117
6510 6536 231
6535 6571 297
6545 6582 9
6552 6567 148
6553 6565 77
6574 6589 57
6589 6594 183
6605 6627 75
6630 6648 28
6647 6650 239
6675 6685 113
6692 6723 226
6699 6716 57
6721 6748 169
6726 6748 90
6746 6779 45
6748 6771 213
6776 6823 139
6777 6792 20
6796 6842 48
6823 6872 127
6839 6866 129
6846 6883 104
6867 6915 266
6883 6890 235
6897 6902 263
6924 6961 167
6934 6948 37
6949 6953 248
6971 6973 212
6981 6998 207
7004 7042 50
7020 7035 167
7020 7023 144
7033 7067 186
7047 7078 22
7068 7097 146
7078 7110 63
7100 7105 17
7117 7145 187
7146 7176 255
7161 7187 240
7179 7227 33
7181 7197 248
7208 7257 67
7218 7232 75
7227 7240 68
7236 7269 45
7257 7277 138
7280 7307 138
7280 7329 136
7307 7335 282
7315 7323 106
7320 7350 164
7346 7367 49
7349 7365 243
7352 7366 83
7372 7396 95
7373 7383 299
7394 7402 129
7395 7444 55
7411 7423 142
7440 7460 139
7447 7468 4
7467 7485 38
7491 7533 166
7512 7550 8
7539 7548 64
7560 7593 197
7580 7583 217
7604 7647 229
7609 7621 155
7609 7613 216
7614 7663 141
7616 7630 265
7635 7657 212
7647 7660 42
7657 7688 193
