500
0 41 279
15 38 158
29 74 33
30 75 111
42 45 143
72 88 113
85 123 277
91 98 11
96 135 83
104 126 40
122 130 42
124 163 209
150 160 263
161 181 98
190 210 28
219 244 226
248 258 47
263 270 100
265 314 88
290 312 244
305 308 20
325 339 237
339 382 159
365 415 203
394 428 117
424 469 202
450 489 151
450 493 278
466 492 204
495 543 164
503 549 238
515 516 130
530 558 54
556 602 196
566 578 203
566 591 39
580 603 159
595 632 290
603 611 137
625 647 103
627 662 111
630 637 57
650 670 152
676 692 157
686 695 89
692 694 60
695 719 180
710 759 164
734 763 86
746 760 293
752 786 74
775 781 194
776 813 114
779 786 12
790 797 117
815 851 15
840 841 198
856 868 288
869 898 219
874 880 37
894 935 285
894 942 258
907 929 39
934 944 19
948 983 277
977 1018 283
990 1018 164
995 1026 76
1021 1046 85
1047 1090 190
1074 1097 199
1085 1096 51
1099 1110 269
1123 1145 87
1123 1158 91
1134 1179 156
1156 1186 5
1162 1209 112
1192 1199 150
1204 1249 38
1232 1234 38
1257 1283 203
1287 1335 43
1307 1318 68
1336 1385 37
1363 1387 239
1382 1409 214
1385 1434 228
1411 1422 198
1414 1461 247
1427 1430 205
1435 1437 20
1435 1447 106
1435 1457 289
1461 1477 285
1468 1515 252
1476 1498 288
1506 1515 281
1531 1576 55
1543 1579 71
1566 1580 233
1567 1611 252
1578 1579 212
1603 1647 136
1604 1614 99
1628 1678 101
1651 1689 59
1654 1682 281
1680 1712 116
1687 1702 282
1703 1729 262
1718 1738 43
1736 1753 266
1758 1760 65
1779 1785 106
1787 1802 274
1809 1854 284
1814 1854 65
1830 1872 243
1830 1838 276
1835 1882 144
1863 1872 7
1868 1914 216
1875 1884 201
1903 1918 125
1930 1950 225
1938 1961 76
1961 1977 25
1987 2015 109
1989 1995 202
2012 2018 299
2040 2073 238
2064 2074 191
2086 2087 29
2104 2129 208
2108 2155 124
2135 2179 207
2137 2183 59
2167 2192 189
2174 2203 242
2196 2211 95
2221 2236 9
2228 2270 131
2246 2294 208
2267 2270 42
2297 2346 137
2309 2338 118
2328 2364 232
2346 2385 247
2363 2392 208
2371 2420 276
2382 2413 92
2408 2457 45
2414 2418 61
2428 2465 193
2447 2451 12
2461 2504 96
2482 2500 57
2499 2535 222
2528 2551 269
2536 2563 272
2563 2590 27
2564 2575 159
2590 2626 148
2595 2621 26
2625 2636 34
2640 2642 163
2665 2670 282
2677 2710 226
2692 2721 69
2699 2732 259
2715 2741 64
2719 2761 195
2748 2769 84
2777 2784 145
2798 2816 116
2807 2841 144
2812 2856 270
2835 2874 134
2835 2848 246
2839 2852 247
2843 2854 263
2847 2870 255
2873 2912 173
2881 2925 103
2897 2908 101
2915 2916 96
2931 2945 1
2940 2948 289
2940 2971 275
2950 2979 14
2954 2980 232
2980 2986 300
2981 3012 149
3011 3017 158
3016 3048 27
3023 3067 237
3051 3061 192
3071 3117 116
3081 3109 295
3102 3145 182
3119 3162 197
3135 3158 224
3161 3190 52
3176 3209 227
3199 3219 36
3225 3271 126
3239 3289 249
3241 3274 223
3263 3271 33
3275 3287 8
3277 3313 260
3302 3328 247
3328 3359 189
3344 3367 284
3351 3390 244
3368 3405 140
3373 3379 295
3384 3405 49
3393 3420 168
3393 3402 65
3416 3439 288
3427 3430 147
3447 3460 259
3477 3512 102
3478 3518 158
3493 3504 153
3512 3519 198
3513 3547 274
3525 3558 17
3528 3558 183
3537 3573 230
3561 3579 122
3579 3616 166
3595 3605 32
3601 3613 133
3602 3642 35
3609 3633 90
3614 3636 6
3621 3628 68
3626 3634 205
3653 3694 193
3660 3697 108
3672 3698 208
3686 3727 148
3697 3735 245
3720 3736 137
3726 3771 245
3750 3751 55
3771 3821 231
3780 3813 133
3784 3811 48
3792 3841 14
3809 3852 109
3831 3861 33
3834 3869 39
3847 3893 187
3853 3860 114
3865 3874 182
3869 3882 193
3897 3907 179
3917 3949 183
3933 3968 18
3963 3975 143
3986 4011 263
4000 4040 177
4009 4012 300
4038 4053 270
4052 4089 266
4063 4103 61
4093 4122 105
4102 4113 283
4117 4129 281
4121 4153 140
4129 4176 266
4145 4185 276
4161 4177 97
4162 4211 187
4177 4226 196
4190 4191 122
4207 4221 130
4227 4228 290
4254 4299 248
4272 4284 153
4295 4345 97
4295 4314 124
4304 4336 50
4325 4337 78
4334 4377 296
4341 4371 75
4355 4356 35
4381 4397 207
4387 4407 195
4398 4407 238
4400 4426 173
4411 4435 201
4433 4446 179
4453 4483 86
4461 4507 186
4485 4511 196
4495 4528 163
4503 4544 28
4518 4534 210
4530 4567 285
4554 4595 225
4574 4576 191
4602 4647 61
4615 4623 4
4621 4645 203
4643 4651 119
4657 4659 228
4681 4693 188
4691 4717 50
4715 4717 92
4722 4771 72
4728 4777 96
4735 4742 222
4746 4791 245
4748 4772 64
4776 4824 230
4792 4825 130
4820 4866 138
4850 4860 116
4873 4902 203
4895 4915 34
4907 4909 108
4916 4942 244
4924 4973 77
4953 5000 293
4976 5025 151
5004 5053 189
5016 5046 284
5043 5093 158
5066 5079 257
5084 5125 251
5104 5131 35
5122 5153 47
5146 5172 143
5165 5181 276
5166 5196 91
5184 5200 83
5188 5203 153
5189 5205 293
5195 5200 208
5216 5218 152
5223 5249 134
5252 5262 293
5271 5280 234
5278 5295 230
5300 5302 11
5318 5328 182
5340 5367 77
5353 5387 36
5357 5394 147
5364 5382 99
5391 5405 127
5406 5441 163
5434 5442 165
5457 5505 196
5478 5525 118
5482 5510 271
5499 5506 245
5511 5556 168
5531 5576 61
5545 5573 300
5552 5586 124
5568 5589 9
5598 5635 258
5625 5640 64
5655 5692 252
5684 5694 146
5705 5717 286
5719 5754 48
5746 5780 134
5770 5798 98
5773 5784 91
5776 5817 212
5804 5842 72
5834 5836 179
5855 5891 130
5870 5878 92
5886 5907 195
5887 5889 97
5908 5955 87
5928 5938 137
5940 5970 266
5964 5983 153
5986 6024 78
6007 6038 43
6021 6065 76
6050 6081 181
6069 6112 295
6091 6141 136
6098 6119 183
6099 6146 176
6128 6163 242
6153 6176 145
6158 6192 151
6174 6194 240
6179 6227 135
6181 6199 25
6181 6231 139
6191 6201 150
6214 6244 27
6230 6263 236
6254 6264 164
6265 6292 24
6273 6311 71
6286 6335 86
6292 6331 262
6312 6319 62
6337 6366 91
6353 6403 288
6354 6375 227
6375 6389 169
6398 6428 146
6420 6457 63
6426 6439 259
6426 6468 273
6455 6485 49
6468 6499 190
6482 6519 70
6512 6534 131
6534 6546 155
6552 6572 2
6555 6560 47
6575 6617 230
6597 6640 104
6600 6603 44
6623 6656 295
6623 6628 245
6630 6657 189
6647 6684 249
6669 6690 132
6696 6701 22
6706 6714 19
6707 6732 114
6737 6742 103
6745 6776 116
6760 6785 164
6770 6814 20
6794 6810 225
6822 6871 132
6826 6834 279
6830 6863 247
6837 6885 103
6861 6869 53
6891 6910 14
6903 6915 100
6911 6927 72
6930 6976 46
6934 6961 150
6943 6989 266
6954 6967 95
6977 6996 250
6977 7001 132
6999 7013 102
7027 7059 143
7055 7098 127
7071 7097 30
7092 7135 216
7114 7160 142
7141 7177 162
7159 7175 104
7167 7196 157
7181 7217 265
7207 7245 88
7219 7258 38
7249 7264 230
7253 7265 253
7270 7309 81
7281 7316 151
7293 7324 28
7314 7322 174
7321 7346 109
7344 7345 226
7368 7418 86
7390 7436 123
7416 7456 288
7435 7466 50
7442 7459 15
7472 7495 7
7472 7505 48
7474 7479 92
7487 7526 234
7498 7528 77
7512 7524 170
7512 7515 285
7527 7554 264
7529 7573 96
7544 7577 208
7569 7619 28
7583 7622 41
7605 7611 123
7609 7618 49
7621 7627 290
7632 7666 30
7636 7649 126
7639 7647 189
7669 7703 11
