500
3 7 286
30 48 15
53 78 143
68 96 111
93 119 228
104 128 130
115 142 289
137 178 57
151 200 70
154 174 214
158 180 150
174 187 250
199 235 10
229 252 179
256 296 244
271 286 55
279 297 184
301 338 246
305 319 252
313 323 150
337 339 164
339 365 293
350 351 81
367 402 153
367 394 186
387 392 70
398 438 111
428 476 140
433 436 195
439 455 29
445 480 262
470 516 262
499 533 51
502 525 162
530 536 51
538 567 99
552 586 45
582 590 201
591 592 86
612 633 259
635 645 94
642 651 63
656 693 225
663 691 260
692 717 242
697 711 74
708 748 274
735 756 139
744 780 294
757 781 67
767 773 18
784 795 156
808 816 15
814 831 202
840 866 7
845 889 228
857 870 85
866 881 88
884 906 232
903 950 157
930 932 176
951 966 183
953 1001 178
957 976 262
975 1004 175
1003 1019 119
1012 1040 218
1038 1042 68
1046 1083 154
1076 1124 103
1080 1099 161
1088 1113 292
1109 1134 261
1116 1141 14
1125 1131 138
1145 1188 146
1154 1188 269
1184 1191 292
1205 1244 179
1231 1242 256
1245 1262 27
1271 1276 121
1279 1284 246
1302 1315 293
1329 1375 24
1341 1346 273
1356 1404 68
1385 1392 155
1394 1435 223
1417 1460 252
1418 1443 277
1438 1475 270
1463 1496 278
1473 1478 170
1487 1513 12
1510 1546 202
1529 1548 124
1538 1570 300
1549 1585 61
1551 1572 135
1558 1566 13
1565 1599 99
1572 1597 32
1587 1596 288
1615 1647 257
1625 1665 85
1655 1664 181
1671 1675 166
1699 1717 40
1729 1757 33
1743 1756 149
1760 1769 16
1777 1781 297
1778 1787 112
1797 1816 181
1823 1870 242
1845 1859 182
1858 1870 184
1882 1904 48
1909 1946 241
1911 1930 184
1928 1932 4
1928 1964 171
1948 1995 178
1949 1998 248
1956 1974 117
1982 1997 238
2012 2025 176
2029 2063 298
2031 2054 289
2053 2072 105
2055 2057 1
2075 2106 116
2085 2131 243
2085 2094 197
2115 2136 166
2135 2177 110
2141 2168 23
2158 2163 46
2183 2217 243
2186 2215 293
2205 2232 51
2215 2221 151
2215 2218 195
2238 2275 209
2246 2289 11
2253 2256 246
2278 2309 50
2287 2325 34
2303 2316 10
2326 2373 98
2352 2365 59
2373 2421 246
2398 2420 246
2416 2431 30
2436 2466 273
2444 2480 80
2448 2469 60
2469 2512 33
2498 2526 174
2523 2551 139
2532 2561 240
2538 2544 222
2551 2569 287
2556 2598 19
2574 2582 44
2602 2642 3
2602 2642 73
2608 2648 208
2627 2632 3
2631 2636 132
2655 2700 278
2682 2719 17
2696 2737 79
2714 2740 49
2719 2747 65
2725 2742 74
2732 2769 252
2762 2776 33
2776 2823 206
2783 2826 98
2804 2833 226
2816 2842 252
2839 2878 101
2848 2864 116
2856 2865 64
2862 2912 45
2889 2914 46
2916 2934 262
2935 2944 264
2945 2972 69
2964 2980 262
2976 3000 214
2992 3019 123
3018 3027 193
3029 3067 146
3051 3073 76
3062 3072 197
3084 3129 20
3113 3137 41
3128 3131 162
3137 3170 263
3158 3205 118
3185 3201 197
3191 3220 204
3220 3225 154
3226 3274 257
3245 3285 123
3259 3294 283
3287 3325 82
3307 3310 57
3317 3337 77
3326 3364 214
3337 3364 79
3359 3367 247
3377 3396 254
3398 3435 228
3403 3431 214
3408 3456 177
3437 3447 195
3464 3466 50
3491 3537 36
3518 3544 77
3547 3555 246
3556 3557 123
3582 3611 178
3605 3619 207
3606 3655 93
3607 3653 56
3620 3622 103
3642 3661 149
3653 3672 114
3653 3666 123
3683 3696 83
3704 3748 138
3732 3765 297
3748 3757 286
3768 3812 115
3798 3807 292
3803 3810 202
3811 3815 275
3820 3829 277
3828 3853 29
3839 3868 222
3851 3888 159
3853 3903 29
3877 3916 78
3895 3905 238
3899 3933 153
3912 3955 229
3926 3965 210
3945 3951 23
3969 3986 179
3998 4003 240
4021 4022 294
4021 4040 82
4048 4097 165
4051 4055 156
4067 4084 157
4088 4131 63
4113 4154 68
4142 4153 235
4146 4196 77
4163 4173 284
4170 4179 287
4199 4221 3
4205 4254 207
4230 4252 183
4236 4242 151
4239 4259 243
4255 4274 299
4282 4317 285
4293 4328 55
4298 4345 47
4315 4318 38
4343 4347 242
4366 4412 229
4388 4411 258
4393 4410 218
4402 4442 60
4408 4425 257
4438 4450 103
4451 4454 96
4461 4509 26
4463 4469 228
4484 4508 165
4490 4538 33
4509 4541 173
4536 4544 40
4538 4576 60
4564 4613 90
4573 4585 110
4583 4616 104
4602 4611 156
4624 4657 285
4646 4670 99
4668 4677 81
4691 4732 238
4707 4710 95
4707 4752 277
4729 4736 73
4735 4758 285
4765 4786 233
4787 4812 151
4792 4841 213
4820 4854 31
4833 4835 16
4843 4876 165
4862 4904 18
4892 4937 59
4914 4940 288
4942 4965 122
4948 4963 243
4974 5020 185
4995 5044 279
5007 5025 154
5022 5066 181
5047 5059 11
5057 5100 2
5063 5081 6
5090 5096 12
5116 5122 105
5141 5183 173
5143 5170 58
5172 5180 89
5196 5232 86
5208 5239 137
5234 5274 257
5241 5246 164
5252 5283 11
5279 5297 70
5295 5321 162
5323 5343 67
5336 5371 276
5361 5378 250
5370 5393 125
5387 5425 167
5410 5414 45
5432 5480 42
5432 5468 69
5451 5470 43
5455 5464 169
5483 5490 188
5489 5526 147
5504 5545 20
5529 5542 130
5558 5577 142
5579 5608 156
5607 5640 129
5609 5639 165
5638 5658 299
5642 5649 54
5647 5672 116
5652 5680 197
5678 5717 113
5684 5687 124
5700 5704 166
5725 5729 279
5755 5786 4
5769 5816 63
5786 5836 132
5797 5821 8
5813 5841 176
5842 5843 95
5859 5898 71
5859 5909 243
5889 5934 206
5914 5933 27
5925 5957 285
5943 5957 164
5950 5974 255
5957 5977 138
5964 5983 48
5977 6027 288
6007 6011 93
6035 6072 182
6048 6075 80
6077 6083 12
6106 6108 299
6115 6122 176
6122 6169 30
6135 6182 8
6143 6147 143
6146 6168 155
6163 6212 146
6171 6194 139
6176 6179 261
6178 6192 200
6181 6203 294
6194 6215 127
6211 6217 250
6228 6272 259
6256 6297 27
6281 6296 97
6306 6351 125
6334 6357 58
6350 6351 99
6368 6395 188
6385 6427 35
6402 6452 113
6417 6419 2
6430 6474 164
6441 6459 7
6451 6457 117
6455 6491 60
6485 6532 102
6511 6521 234
6524 6542 191
6535 6564 208
6540 6542 191
6567 6593 27
6587 6610 188
6616 6663 119
6618 6647 10
6638 6646 30
6657 6664 114
6669 6705 199
6680 6687 297
6683 6685 13
6693 6716 163
6713 6734 112
6714 6740 53
6714 6724 200
6743 6751 55
6756 6773 54
6764 6772 211
6778 6805 212
6780 6806 134
6810 6859 285
6839 6858 257
6859 6889 28
6878 6882 291
6881 6903 284
6910 6937 124
6929 6951 247
6933 6968 97
6952 6958 146
6974 6995 192
6989 7020 260
7011 7049 266
7034 7042 100
7040 7074 135
7048 7092 300
7065 7111 94
7087 7121 181
7093 7122 28
7117 7152 221
7128 7152 298
7130 7147 4
7153 7196 272
7178 7197 105
7189 7237 219
7202 7225 129
7227 7267 264
7250 7275 15
7278 7299 37
7291 7318 224
7294 7321 12
7311 7323 88
7339 7349 164
7347 7351 62
7369 7411 76
7392 7425 66
7415 7460 118
7415 7433 298
7439 7483 191
7449 7452 68
7475 7484 298
7498 7544 205
7510 7556 148
7527 7546 227
7530 7569 144
7546 7561 27
7572 7621 299
7591 7629 201
7618 7645 130
7643 7689 250
7672 7715 38
7689 7703 34
7693 7734 208
7714 7733 89
7743 7756 32
7772 7783 36
7787 7792 147
7796 7841 191
7803 7849 225
7814 7851 53
7835 7861 296
7837 7847 93
7853 7861 34
7853 7860 285
7874 7892 190
7903 7941 61
7933 7959 23
7955 7978 192
7964 7994 5
7970 7987 203
7995 8043 170
8021 8032 29
8037 8039 78
