500
5 21 269
13 28 17
38 85 154
49 53 284
71 109 243
88 96 2
90 134 98
108 129 194
109 126 258
126 139 145
138 140 299
149 163 234
164 190 35
186 197 150
188 222 44
216 243 204
243 270 215
255 288 271
265 303 71
273 308 200
278 312 108
289 292 30
311 352 205
341 380 181
367 393 153
370 409 276
397 435 272
399 401 45
407 451 53
419 444 93
437 476 139
452 492 111
477 521 197
482 503 57
506 552 290
529 537 274
544 568 69
559 563 164
565 609 103
581 606 246
590 597 178
598 601 247
609 649 45
632 660 3
648 695 17
651 682 215
681 730 227
686 715 111
705 739 203
732 780 82
747 767 222
766 767 103
778 821 153
780 822 255
798 839 267
821 855 282
849 853 19
875 901 45
900 937 41
905 917 268
915 930 219
919 953 151
926 964 31
947 965 42
953 984 235
963 1001 209
983 988 200
1008 1015 249
1028 1077 156
1053 1087 34
1057 1097 264
1074 1115 273
1101 1120 219
1129 1150 18
1133 1158 249
1136 1161 115
1150 1200 107
1155 1175 211
1177 1190 161
1188 1193 263
1202 1212 59
1209 1239 189
1219 1223 184
1219 1250 152
1245 1246 44
1249 1274 44
1262 1279 222
1262 1265 98
1276 1297 154
1296 1319 37
1313 1319 294
1342 1381 161
1353 1376 126
1365 1385 143
1381 1413 25
1409 1431 10
1414 1442 202
1433 1437 267
1439 1476 254
1453 1459 4
1471 1490 242
1489 1491 217
1519 1550 130
1520 1555 105
1543 1566 55
1556 1582 85
1556 1597 42
1568 1611 118
1575 1616 232
1596 1607 2
1625 1639 126
1631 1658 209
1647 1655 76
1667 1685 263
1667 1706 61
1685 1721 50
1695 1720 147
1723 1773 102
1737 1740 236
1758 1771 187
1762 1799 1
1774 1806 151
1785 1814 185
1806 1852 118
1830 1838 230
1851 1898 40
1879 1926 80
1902 1942 195
1908 1940 105
1933 1944 295
1936 1968 84
1938 1977 5
1941 1980 254
1947 1996 79
1968 2004 215
1973 2023 46
1982 1997 170
1989 2023 8
2006 2041 287
2029 2068 184
2048 2053 28
2065 2097 110
2081 2110 60
2106 2146 9
2127 2137 194
2151 2197 58
2173 2223 179
2188 2191 210
2208 2214 252
2227 2261 18
2236 2281 284
2247 2256 5
2277 2324 112
2290 2293 266
2318 2323 257
2342 2377 247
2361 2395 112
2377 2405 92
2391 2407 88
2419 2432 282
2436 2450 184
2456 2460 68
2477 2512 10
2479 2489 135
2484 2506 148
2484 2532 258
2505 2553 89
2527 2552 76
2542 2559 152
2560 2568 48
2572 2584 55
2584 2585 163
2597 2635 115
2619 2668 81
2625 2628 15
2636 2637 9
2647 2665 84
2668 2670 44
2698 2728 13
2706 2735 81
2719 2720 199
2749 2785 38
2771 2790 243
2777 2799 85
2777 2790 208
2782 2827 232
2784 2833 112
2813 2824 11
2832 2835 300
2834 2862 146
2847 2859 32
2851 2852 156
2880 2930 42
2893 2920 206
2907 2936 165
2934 2968 6
2952 2997 246
2959 3006 292
2971 2989 118
2993 3040 36
3001 3006 155
3015 3057 144
3020 3023 271
3043 3084 6
3061 3087 214
3073 3102 73
3073 3121 112
3102 3105 105
3127 3137 44
3137 3186 228
3144 3176 179
3161 3174 7
3186 3212 77
3194 3199 202
3210 3212 16
3217 3267 110
3235 3281 131
3247 3257 236
3276 3319 119
3296 3336 275
3309 3316 164
3319 3348 7
3327 3374 296
3329 3372 261
3346 3373 25
3346 3369 36
3358 3364 150
3365 3378 201
3386 3434 116
3398 3417 57
3428 3443 165
3429 3432 68
3435 3468 268
3461 3509 101
3463 3476 166
3491 3525 255
3510 3539 234
3523 3551 230
3526 3527 124
3546 3568 95
3569 3574 53
3596 3605 206
3626 3631 239
3636 3654 41
3640 3689 176
3669 3683 128
3670 3720 295
3685 3703 226
3689 3718 154
3702 3748 187
3709 3710 298
3735 3736 202
3755 3805 252
3765 3794 185
3774 3811 148
3775 3794 59
3798 3837 138
3804 3826 261
3830 3862 70
3846 3875 112
3874 3922 16
3901 3931 296
3914 3927 214
3920 3924 179
3942 3950 217
3963 3975 284
3984 4018 191
4014 4041 135
4021 4032 258
4039 4044 245
4068 4099 204
4082 4088 134
4084 4104 228
4100 4144 103
4101 4141 68
4115 4129 244
4126 4151 100
4155 4193 2
4170 4204 298
4191 4214 189
4202 4213 112
4226 4259 222
4245 4275 41
4255 4296 140
4272 4308 23
4274 4304 242
4284 4291 24
4314 4336 170
4320 4351 287
4337 4383 165
4360 4400 201
4375 4392 15
4401 4431 162
4421 4468 45
4433 4461 246
4433 4478 120
4449 4498 206
4452 4460 148
4466 4482 206
4481 4521 161
4510 4513 209
4524 4554 96
4541 4570 191
4544 4594 209
4547 4562 198
4554 4566 140
4579 4593 125
4583 4608 49
4609 4610 256
4634 4665 85
4636 4656 239
4646 4648 227
4654 4667 178
4673 4707 116
4678 4726 187
4678 4698 82
4698 4699 41
4711 4756 69
4740 4785 113
4740 4752 267
4745 4763 144
4767 4778 208
4776 4804 179
4796 4816 145
4824 4831 188
4838 4863 106
4858 4895 1
4872 4873 298
4872 4921 140
4874 4898 272
4894 4943 271
4924 4972 122
4931 4948 20
4933 4956 113
4961 4985 195
4975 5015 178
4998 5043 37
5016 5022 171
5037 5045 196
5059 5104 234
5083 5128 223
5112 5114 107
5115 5133 295
5117 5160 273
5126 5142 6
5134 5174 87
5144 5158 223
5147 5162 81
5173 5208 108
5192 5242 169
5208 5211 11
5237 5239 132
5237 5270 74
5243 5292 207
5251 5275 241
5265 5293 231
5269 5274 204
5293 5337 141
5308 5341 30
5333 5381 77
5336 5346 210
5364 5379 74
5392 5441 51
5399 5444 71
5405 5438 69
5407 5452 19
5419 5456 158
5446 5474 221
5447 5454 134
5459 5470 19
5474 5512 57
5501 5512 184
5530 5550 77
5547 5588 284
5549 5591 292
5555 5601 185
5555 5567 152
5560 5595 231
5578 5619 8
5606 5622 97
5628 5671 173
5657 5705 300
5659 5684 9
5663 5687 295
5686 5699 74
5701 5703 78
5730 5752 184
5734 5759 104
5742 5786 116
5754 5758 21
5772 5776 7
5772 5796 159
5796 5813 29
5820 5831 293
5845 5880 225
5868 5913 295
5880 5930 36
5910 5923 83
5917 5958 16
5922 5940 42
5950 5955 231
5964 5978 104
5976 6017 244
5997 6026 53
5998 6006 57
6027 6032 187
6040 6060 131
6061 6081 235
6065 6079 284
6073 6090 14
6103 6134 248
6119 6157 258
6149 6166 74
6169 6208 207
6177 6183 143
6198 6221 253
6223 6224 60
6235 6265 237
6257 6266 138
6267 6280 5
6274 6318 285
6279 6328 194
6296 6337 137
6311 6312 28
6317 6366 111
6345 6352 112
6345 6370 257
6357 6361 206
6367 6409 253
6389 6399 70
6412 6458 298
6422 6424 83
6436 6453 37
6459 6484 15
6489 6513 100
6500 6509 203
6519 6530 154
6544 6545 145
6567 6577 193
6596 6623 157
6599 6609 210
6619 6667 242
6645 6648 241
6673 6711 135
6681 6722 5
6705 6732 299
6706 6735 216
6736 6764 96
6757 6795 192
6769 6808 240
6784 6786 68
6795 6837 127
6819 6830 194
6838 6847 48
6852 6864 223
6871 6918 300
6889 6903 18
6891 6939 284
6911 6932 58
6917 6941 28
6928 6975 139
6942 6975 60
6947 6959 83
6947 6957 256
6970 7013 194
6970 6991 299
6988 7021 82
7006 7030 278
7024 7047 256
7041 7081 229
7060 7080 222
7069 7102 169
7085 7118 2
7098 7111 295
7119 7123 214
7125 7169 205
7132 7170 132
7152 7182 28
7176 7218 131
7187 7190 49
7200 7212 28
7217 7225 102
7228 7232 208
7242 7273 61
7250 7270 36
7276 7326 164
7300 7348 23
7322 7335 189
7351 7382 152
7360 7393 66
7378 7416 27
7385 7391 86
7415 7461 5
7441 7448 36
7454 7498 105
7477 7479 253
7488 7537 52
7518 7524 298
7533 7549 133
7550 7565 31
