500
1 44 4
11 29 202
34 60 57
61 70 34
79 114 59
99 112 189
128 162 1
139 141 52
156 173 237
172 195 234
183 195 275
213 253 231
240 281 274
258 274 157
272 279 152
302 304 260
306 348 127
328 353 268
328 349 246
340 356 292
344 373 74
367 379 197
395 415 105
395 416 25
412 435 63
419 452 54
448 460 143
460 472 9
488 511 274
506 553 61
534 580 136
555 597 169
571 602 110
579 628 284
603 619 154
606 627 60
621 636 185
624 658 74
648 672 186
648 652 2
660 686 56
663 676 119
672 678 101
681 698 50
686 697 165
699 713 210
726 730 293
756 776 95
772 779 270
781 790 82
810 834 235
819 859 64
834 873 284
862 863 88
877 927 235
884 929 240
895 913 104
896 906 246
918 937 176
947 994 67
966 975 143
991 993 109
1001 1044 47
1010 1012 273
1017 1043 187
1030 1057 282
1059 1098 215
1072 1087 127
1094 1116 13
1108 1135 206
1125 1157 90
1145 1158 143
1161 1205 289
1167 1190 286
1182 1204 41
1209 1230 7
1222 1227 261
1224 1231 113
1236 1282 166
1257 1290 174
1265 1306 75
1295 1340 163
1308 1332 225
1330 1355 100
1334 1361 67
1350 1369 32
1380 1405 83
1394 1401 278
1395 1427 157
1408 1416 268
1429 1438 96
1439 1461 111
1453 1460 135
1474 1517 82
1488 1505 192
1488 1500 3
1498 1531 229
1515 1559 62
1543 1582 295
1564 1586 149
1564 1587 3
1581 1592 184
1587 1595 230
1598 1646 162
1626 1672 273
1656 1691 127
1686 1716 15
1708 1739 243
1719 1765 240
1736 1783 91
1761 1795 255
1780 1800 34
1796 1826 163
1813 1839 182
1824 1870 222
1826 1832 117
1854 1904 283
1862 1909 213
1863 1895 104
1891 1927 52
1898 1907 38
1910 1960 138
1939 1970 83
1960 1988 174
1990 2034 86
2000 2019 56
2017 2038 270
2020 2057 60
2048 2064 191
2070 2115 285
2096 2101 92
2107 2128 299
2117 2148 149
2145 2152 24
2157 2166 50
2164 2186 117
2165 2191 243
2168 2216 31
2194 2209 260
2195 2243 294
2206 2223 34
2215 2244 160
2231 2247 288
2256 2275 49
2271 2285 67
2292 2341 13
2293 2313 72
2312 2322 228
2325 2360 106
2335 2351 80
2337 2385 189
2354 2362 56
2382 2386 289
2386 2397 5
2411 2443 266
2431 2461 231
2439 2450 188
2449 2452 117
2458 2463 228
2462 2473 44
2485 2493 192
2487 2502 125
2506 2507 271
2523 2550 72
2553 2582 73
2571 2590 133
2587 2598 71
2608 2614 253
2626 2642 14
2655 2702 69
2668 2674 177
2670 2696 64
2670 2680 41
2683 2716 278
2710 2731 175
2724 2725 151
2748 2774 132
2767 2787 230
2773 2778 285
2801 2807 243
2816 2843 177
2825 2867 173
2829 2846 228
2852 2888 265
2868 2899 225
2877 2904 79
2885 2917 229
2885 2913 100
2896 2940 33
2918 2923 183
2925 2932 54
2927 2961 170
2930 2933 183
2960 2980 53
2967 2988 229
2974 3015 3
2987 2991 123
3017 3043 33
3025 3055 204
3040 3067 255
3061 3086 162
3076 3122 273
3087 3093 115
3115 3117 161
3139 3182 299
3147 3170 137
3153 3164 239
3171 3196 107
3201 3221 84
3204 3226 242
3215 3265 208
3240 3241 176
3256 3278 118
3277 3325 153
3288 3311 155
3307 3343 64
3334 3370 46
3358 3366 122
3361 3394 187
3371 3374 229
3382 3402 138
3383 3395 238
3384 3423 178
3405 3424 191
3428 3451 254
3430 3456 137
3455 3497 9
3465 3474 87
3475 3513 284
3477 3486 175
3496 3527 211
3522 3533 244
3542 3568 272
3557 3587 11
3561 3606 64
3582 3603 32
3588 3614 60
3597 3602 13
3616 3628 215
3637 3639 61
3637 3662 273
3638 3644 35
3655 3704 206
3670 3699 251
3700 3702 254
3700 3701 84
3724 3738 165
3730 3758 40
3738 3782 162
3762 3809 215
3767 3785 96
3793 3799 1
3795 3843 62
3801 3839 271
3821 3841 58
3827 3874 5
3853 3867 223
3871 3905 185
3901 3924 151
3911 3931 45
3933 3975 300
3940 3946 69
3958 3962 66
3987 3988 281
4015 4048 98
4040 4083 274
4042 4088 284
4059 4109 258
4063 4070 12
4091 4099 206
4091 4096 251
4114 4163 77
4141 4173 279
4163 4173 150
4165 4185 229
4167 4173 15
4180 4185 153
4204 4232 28
4214 4236 59
4216 4221 125
4244 4292 159
4253 4279 207
4275 4291 207
4283 4331 278
4308 4350 68
4323 4358 247
4351 4398 14
4375 4386 269
4386 4405 246
4388 4410 75
4409 4445 234
4419 4439 159
4435 4454 228
4445 4459 277
4471 4486 268
4481 4488 205
4487 4499 212
4487 4504 281
4504 4534 10
4533 4545 276
4546 4572 136
4552 4562 62
4575 4614 247
4577 4605 227
4596 4632 211
4605 4626 260
4623 4672 228
4628 4654 180
4629 4645 177
4633 4674 72
4638 4682 180
4666 4687 300
4678 4711 90
4693 4718 237
4704 4744 120
4709 4755 19
4712 4758 118
4721 4754 135
4738 4780 155
4739 4766 226
4763 4781 250
4763 4786 14
4786 4787 8
4796 4817 291
4805 4842 47
4820 4860 155
4847 4884 202
4860 4906 55
4887 4923 125
4892 4910 10
4921 4945 105
4951 4997 103
4973 5007 256
4978 4980 169
4983 5024 84
5007 5026 260
5018 5022 41
5029 5052 96
5058 5096 81
5084 5130 256
5110 5123 155
5134 5178 39
5155 5179 218
5163 5179 152
5186 5217 280
5216 5220 202
5229 5276 42
5234 5253 36
5251 5291 223
5260 5302 48
5270 5313 73
5279 5320 270
5295 5342 289
5300 5331 282
5313 5342 90
5318 5338 250
5331 5371 152
5352 5398 119
5382 5432 76
5408 5446 253
5433 5439 289
5443 5480 165
5461 5490 139
5461 5485 110
5479 5527 81
5485 5504 100
5490 5497 46
5505 5533 197
5525 5556 248
5549 5574 247
5562 5595 254
5583 5623 257
5593 5607 258
5607 5638 258
5631 5653 145
5631 5680 170
5640 5667 24
5659 5665 141
5683 5695 245
5690 5708 34
5695 5719 257
5702 5726 227
5713 5751 239
5714 5748 266
5732 5780 268
5743 5758 32
5764 5800 289
5787 5807 127
5799 5841 227
5813 5857 124
5834 5839 181
5834 5860 75
5856 5899 273
5872 5905 80
5872 5918 26
5880 5917 116
5904 5919 241
5923 5960 149
5949 5990 231
5955 5962 175
5967 5983 248
5994 6032 265
5997 6047 56
6026 6052 201
6041 6085 63
6042 6079 175
6051 6083 132
6070 6119 90
6076 6122 277
6081 6086 222
6089 6129 161
6100 6116 239
6126 6132 194
6132 6158 140
6140 6166 111
6163 6183 44
6167 6203 4
6182 6199 147
6198 6213 227
6200 6249 223
6210 6242 113
6226 6249 37
6245 6251 91
6274 6321 92
6291 6323 106
6294 6340 98
6323 6336 6
6342 6369 49
6357 6405 221
6377 6395 138
6407 6452 161
6410 6411 165
6430 6478 85
6445 6450 76
6445 6471 44
6452 6478 256
6454 6485 40
6458 6501 113
6465 6496 27
6488 6516 244
6507 6546 135
6512 6559 236
6542 6575 146
6557 6580 177
6561 6563 255
6568 6583 107
6573 6622 61
6595 6601 254
6617 6621 81
6645 6664 240
6667 6695 261
6692 6705 123
6713 6744 282
6724 6771 107
6739 6757 193
6744 6794 57
6759 6799 180
6782 6787 183
6807 6832 212
6812 6837 27
6836 6871 237
6844 6855 219
6846 6865 71
6849 6864 288
6876 6901 33
6883 6920 81
6898 6943 254
6926 6976 122
6955 7002 158
6984 7020 126
6992 7002 237
7004 7007 140
7014 7042 46
7016 7043 111
7026 7062 18
7045 7094 128
7072 7105 98
7080 7107 131
7095 7109 292
7106 7123 179
7106 7132 229
7136 7153 90
7162 7170 176
7173 7194 173
7181 7204 1
7181 7217 18
7196 7225 12
7196 7198 5
7213 7241 14
7233 7271 46
7240 7267 141
7246 7255 286
7250 7262 238
7261 7286 48
7264 7265 168
7267 7307 219
7293 7308 194
7310 7356 116
7310 7353 56
7329 7349 109
