500
1 49 58
11 38 168
40 90 188
65 80 101
77 110 26
77 96 153
106 113 268
125 172 297
133 162 192
149 159 229
167 191 107
188 238 215
204 217 173
210 238 125
232 275 178
236 240 180
257 258 58
272 279 127
300 305 266
325 329 246
344 347 250
369 382 292
393 415 105
411 431 38
428 438 9
458 462 18
465 488 153
476 480 67
492 534 248
512 554 160
526 569 149
555 588 53
581 599 181
597 619 138
613 654 101
619 668 226
642 648 23
649 689 188
671 694 61
695 717 64
703 740 11
712 753 62
714 744 269
723 765 243
744 746 42
765 791 296
774 799 300
803 839 161
806 809 53
831 855 4
856 876 230
870 871 224
881 910 167
905 942 168
930 937 60
936 948 17
950 984 226
978 1021 211
1007 1029 3
1019 1031 128
1040 1079 74
1045 1070 226
1050 1090 143
1069 1104 41
1096 1117 147
1123 1126 227
1135 1149 102
1155 1195 23
1184 1190 207
1204 1244 137
1216 1247 127
1228 1275 127
1234 1249 271
1254 1273 116
1256 1295 16
1275 1310 279
1281 1323 169
1292 1302 227
1293 1319 179
1310 1338 229
1327 1374 215
1353 1402 99
1380 1404 100
1387 1403 179
1399 1446 247
1423 1460 256
1437 1444 263
1455 1494 71
1473 1499 135
1496 1544 115
1520 1528 252
1543 1551 150
1568 1606 156
1584 1632 238
1594 1629 234
1603 1639 202
1624 1669 173
1642 1673 140
1668 1684 93
1694 1709 73
1712 1742 105
1728 1758 278
1749 1771 74
1776 1798 131
1785 1794 225
1796 1820 139
1807 1839 266
1813 1840 138
1839 1869 153
1852 1899 57
1876 1888 63
1890 1907 173
1897 1918 15
1900 1925 83
1926 1944 259
1928 1944 248
1943 1984 93
1965 1984 228
1969 1990 13
1990 2023 71
1998 2014 81
1998 2047 9
2025 2036 278
2041 2081 14
2068 2099 68
2068 2100 8
2071 2117 116
2094 2129 81
2101 2111 157
2125 2143 93
2135 2166 251
2160 2203 139
2176 2195 220
2205 2214 122
2226 2276 32
2235 2274 141
2253 2262 264
2270 2274 29
2284 2331 129
2298 2333 249
2322 2369 162
2335 2357 109
2339 2363 73
2359 2364 102
2388 2407 126
2412 2452 117
2424 2451 41
2447 2483 278
2449 2490 27
2476 2514 143
2488 2500 54
2492 2508 71
2509 2557 57
2511 2558 94
2539 2578 261
2557 2585 217
2557 2564 100
2562 2584 37
2572 2592 134
2584 2585 78
2604 2624 80
2614 2647 33
2638 2679 3
2664 2676 162
2682 2712 16
2698 2747 162
2726 2733 285
2739 2746 67
2739 2758 103
2759 2789 215
2762 2782 15
2789 2812 229
2811 2860 3
2819 2842 19
2849 2875 286
2872 2900 87
2887 2902 24
2892 2927 117
2902 2913 239
2913 2936 28
2919 2960 250
2935 2962 205
2962 2981 198
2984 3002 300
2999 3015 233
3016 3036 14
3036 3076 245
3046 3084 49
3069 3118 21
3084 3110 291
3107 3155 59
3115 3123 144
3145 3179 23
3158 3170 45
3162 3198 201
3184 3234 4
3203 3212 28
3208 3219 289
3219 3268 182
3244 3245 143
3268 3318 247
3283 3322 172
3306 3328 65
3321 3366 243
3351 3368 46
3366 3393 38
3377 3395 274
3399 3402 30
3413 3445 27
3414 3443 7
3433 3446 76
3444 3451 242
3473 3493 216
3486 3516 174
3492 3526 242
3518 3561 165
3539 3567 163
3553 3591 4
3560 3585 43
3584 3596 105
3605 3638 75
3611 3636 84
3611 3661 128
3639 3650 53
3666 3712 101
3685 3709 70
3711 3753 281
3731 3737 152
3748 3776 143
3777 3822 188
3805 3809 19
3823 3824 262
3834 3868 289
3859 3878 265
3881 3893 221
3907 3928 299
3935 3974 126
3955 3995 34
3956 3978 222
3956 3958 176
3986 3996 204
3998 4021 232
4006 4032 190
4022 4065 91
4036 4066 24
4047 4059 42
4057 4094 280
4082 4091 19
4100 4115 159
4128 4178 173
4141 4165 1
4164 4212 9
4190 4222 240
4195 4225 83
4201 4205 124
4209 4222 297
4219 4241 147
4233 4270 284
4234 4255 224
4247 4294 87
4259 4293 144
4263 4284 32
4286 4303 276
4293 4322 37
4313 4323 210
4329 4360 171
4344 4349 293
4358 4360 88
4367 4379 215
4367 4411 252
4367 4368 24
4389 4409 56
4418 4467 73
4435 4479 31
4463 4468 122
4466 4499 105
4479 4497 277
4509 4549 124
4523 4567 127
4543 4569 169
4573 4600 132
4599 4631 169
4621 4634 214
4631 4678 144
4642 4679 68
4657 4697 203
4674 4695 268
4692 4717 88
4712 4728 89
4726 4729 154
4733 4741 261
4743 4746 56
4745 4755 291
4761 4764 212
4782 4803 166
4789 4817 146
4808 4852 147
4813 4838 275
4828 4859 270
4836 4884 148
4848 4863 260
4852 4863 264
4874 4907 270
4901 4936 250
4915 4921 56
4928 4957 209
4938 4962 48
4941 4947 31
4950 4954 139
4980 5013 296
5008 5051 37
5009 5034 1
5012 5054 17
5018 5059 122
5025 5064 281
5026 5039 227
5030 5038 193
5030 5031 70
5041 5060 113
5066 5069 96
5088 5118 117
5092 5095 226
5104 5138 271
5112 5119 176
5125 5149 220
5143 5151 237
5159 5176 156
5161 5178 172
5168 5172 200
5193 5216 9
5210 5240 268
5226 5251 46
5251 5253 59
5261 5289 149
5266 5294 254
5288 5326 78
5301 5306 31
5303 5329 61
5327 5360 104
5330 5339 155
5341 5388 211
5354 5396 93
5362 5392 132
5380 5428 207
5397 5405 58
5422 5434 263
5434 5467 190
5459 5465 170
5465 5467 29
5473 5519 174
5495 5541 84
5514 5530 137
5542 5554 86
5558 5564 54
5584 5598 280
5605 5649 145
5626 5655 155
5629 5662 202
5652 5695 104
5654 5690 231
5669 5710 78
5697 5727 235
5705 5752 193
5705 5746 256
5715 5759 185
5723 5771 58
5736 5750 244
5740 5773 131
5762 5791 64
5791 5822 67
5806 5812 231
5812 5842 236
5842 5868 71
5868 5916 281
5877 5891 161
5896 5898 162
5899 5931 83
5923 5933 151
5924 5944 258
5936 5949 87
5958 5982 258
5961 5982 254
5971 6007 249
5972 6012 91
5999 6034 202
6007 6043 221
6013 6033 244
6017 6046 191
6027 6052 181
6050 6081 191
6063 6109 291
6089 6101 43
6102 6132 9
6122 6142 154
6124 6127 83
6150 6197 49
6169 6209 153
6184 6230 95
6199 6226 41
6223 6256 200
6252 6271 38
6258 6290 8
6278 6315 40
6279 6292 127
6279 6316 141
6289 6301 167
6313 6327 109
6326 6375 35
6330 6362 105
6344 6351 116
6368 6406 229
6381 6415 190
6398 6441 212
6408 6436 255
6415 6424 30
6422 6429 217
6440 6456 19
6452 6481 111
6480 6489 90
6489 6507 250
6494 6511 204
6523 6530 150
6547 6578 47
6550 6577 58
6575 6586 237
6598 6635 278
6625 6637 283
6650 6658 159
6667 6696 261
6679 6716 107
6695 6732 130
6725 6770 178
6754 6757 165
6757 6789 88
6764 6796 199
6770 6786 79
6782 6792 191
6807 6824 18
6826 6858 220
6843 6876 53
6868 6908 203
6872 6917 29
6890 6931 211
6892 6906 171
6919 6921 268
6942 6972 38
6962 6976 101
6992 7036 56
6993 7025 271
7012 7015 170
7023 7058 56
7025 7054 8
7054 7081 20
7079 7100 159
7083 7107 284
7102 7147 6
7124 7164 42
7141 7161 107
7148 7172 6
7168 7210 299
7170 7176 39
7198 7199 106
7228 7260 23
7244 7261 183
7247 7273 33
7265 7270 92
7292 7335 177
7319 7323 108
7322 7355 241
7346 7394 46
7366 7410 175
7370 7396 233
7372 7422 37
7384 7394 208
7409 7433 229
7418 7436 44
7428 7474 25
7448 7473 45
7456 7458 44
7464 7465 237
7480 7484 239
7481 7501 83
7483 7514 130
7484 7534 233
7492 7497 271
7501 7549 257
7524 7550 209
7549 7573 275
7553 7575 279
7579 7602 128
7594 7635 60
7612 7653 230
7617 7644 201
7640 7677 171
7670 7713 291
7685 7707 87
7695 7716 171
7702 7710 26
7724 7735 130
7725 7731 62
