500
24 50 101
37 72 255
59 107 258
83 88 135
89 135 159
96 108 279
122 129 274
152 157 124
169 173 166
195 238 276
200 231 190
210 219 33
239 261 40
244 256 76
260 307 102
272 298 240
277 304 167
279 319 17
291 329 43
316 358 101
331 343 36
360 363 296
377 424 159
386 436 195
407 436 226
429 456 169
452 500 192
466 508 113
479 495 242
494 541 99
507 547 189
523 559 104
528 549 119
550 572 259
557 602 173
587 597 23
605 610 211
621 630 15
648 682 234
655 686 25
662 663 120
668 687 92
697 719 71
698 714 140
706 743 203
708 757 119
736 751 206
753 758 293
778 818 59
781 784 173
799 846 12
829 835 188
859 872 51
884 917 234
910 930 4
921 963 88
951 956 209
958 973 231
984 1010 231
1008 1021 173
1009 1022 19
1021 1064 289
1033 1037 33
1037 1053 231
1067 1104 199
1090 1120 175
1105 1128 232
1108 1112 57
1117 1130 174
1137 1161 29
1149 1155 191
1166 1212 193
1169 1176 165
1195 1245 177
1210 1227 250
1224 1226 118
1242 1276 291
1244 1278 219
1264 1303 76
1293 1328 176
1305 1352 284
1332 1352 241
1345 1360 193
1375 1395 274
1391 1402 276
1420 1423 141
1446 1492 250
1446 1481 152
1456 1487 299
1468 1490 32
1486 1493 263
1514 1532 270
1544 1590 99
1556 1582 93
1579 1601 209
1604 1645 158
1628 1674 1
1641 1687 69
1663 1672 167
1686 1716 159
1707 1731 48
1708 1741 192
1735 1782 74
1755 1782 65
1768 1793 157
1775 1820 8
1794 1806 139
1812 1851 180
1816 1860 160
1818 1839 257
1819 1822 109
1848 1878 284
1862 1909 226
1889 1905 250
1899 1904 68
1908 1958 141
1929 1934 154
1942 1985 220
1967 1968 86
1991 2038 235
2001 2007 205
2003 2038 158
2016 2037 118
2045 2091 118
2049 2056 127
2055 2087 245
2060 2091 17
2072 2100 7
2088 2118 61
2096 2101 64
2116 2160 77
2131 2133 297
2137 2139 34
2146 2173 201
2171 2218 122
2175 2212 32
2195 2221 214
2209 2210 176
2235 2280 111
2245 2268 244
2273 2313 273
2286 2288 173
2292 2311 191
2304 2354 39
2308 2333 114
2337 2369 184
2362 2378 207
2373 2395 230
2386 2388 249
2402 2407 76
2416 2453 64
2417 2448 57
2421 2443 208
2421 2423 75
2441 2473 293
2461 2500 163
2469 2487 58
2486 2536 126
2512 2552 165
2529 2570 150
2532 2565 2
2541 2587 228
2570 2575 90
2600 2608 123
2626 2634 215
2647 2671 125
2665 2681 169
2676 2700 275
2696 2705 277
2716 2728 108
2721 2726 266
2722 2763 238
2729 2777 106
2737 2756 60
2746 2750 204
2760 2770 23
2777 2798 217
2802 2821 295
2818 2834 173
2821 2831 131
2836 2872 124
2851 2854 18
2870 2901 216
2892 2918 205
2894 2937 45
2898 2933 285
2910 2921 194
2923 2965 68
2930 2961 125
2955 2991 266
2970 2993 232
2989 2996 8
2993 2999 82
3012 3032 51
3023 3063 85
3042 3052 276
3050 3089 133
3058 3082 221
3076 3084 101
3094 3100 152
3097 3106 230
3100 3139 278
3107 3141 142
3113 3134 245
3137 3139 1
3138 3145 102
3138 3185 71
3144 3150 265
3148 3186 200
3153 3179 228
3182 3205 293
3207 3213 247
3224 3265 29
3236 3276 151
3253 3293 167
3272 3322 95
3274 3318 150
3282 3300 277
3311 3321 187
3317 3362 281
3326 3361 42
3354 3355 83
3358 3405 77
3374 3413 150
3389 3390 229
3399 3432 229
3404 3411 68
3423 3426 138
3431 3459 62
3459 3482 231
3465 3488 163
3489 3527 87
3502 3552 29
3504 3539 156
3504 3516 242
3514 3558 244
3535 3560 99
3565 3586 244
3575 3612 255
3581 3591 91
3590 3594 95
3611 3645 76
3624 3638 232
3626 3635 30
3632 3635 213
3655 3672 119
3675 3683 232
3698 3725 174
3717 3741 165
3717 3731 42
3731 3759 42
3735 3771 266
3754 3788 268
3758 3781 132
3788 3804 42
3793 3824 39
3794 3799 290
3815 3817 80
3824 3826 169
3837 3873 245
3837 3863 230
3849 3859 137
3867 3882 204
3874 3909 188
3884 3907 179
3893 3914 3
3893 3920 43
3909 3920 267
3918 3938 80
3944 3991 290
3959 4004 239
3960 3966 235
3962 3964 268
3980 4004 43
3982 4030 101
3993 3994 151
4023 4071 35
4037 4058 16
4039 4045 260
4062 4102 79
4078 4096 161
4081 4101 273
4106 4131 297
4133 4148 250
4158 4197 60
4173 4201 99
4203 4211 135
4220 4230 236
4241 4242 216
4270 4288 36
4278 4319 173
4280 4322 47
4297 4335 178
4298 4330 58
4328 4342 28
4348 4363 246
4373 4423 79
4392 4409 120
4399 4419 124
4412 4422 70
4431 4454 290
4433 4439 191
4460 4497 211
4478 4494 74
4479 4521 48
4486 4527 234
4500 4525 190
4515 4524 185
4516 4519 201
4538 4579 49
4557 4560 127
4580 4608 16
4588 4621 45
4594 4606 192
4620 4623 55
4625 4631 221
4650 4657 290
4655 4669 50
4675 4705 240
4688 4698 145
4708 4748 236
4717 4725 136
4743 4783 158
4755 4803 78
4772 4804 190
4786 4788 290
4800 4806 275
4813 4829 266
4814 4854 198
4822 4846 48
4823 4856 200
4837 4872 199
4854 4898 213
4878 4892 254
4887 4927 178
4889 4911 238
4891 4915 294
4902 4918 217
4903 4914 289
4929 4944 235
4930 4942 17
4936 4971 63
4944 4988 268
4952 4959 97
4953 4983 44
4964 5012 93
4972 5000 52
4998 5010 100
5016 5055 228
5044 5055 17
5070 5100 250
5083 5095 235
5110 5114 5
5136 5148 6
5157 5176 186
5177 5181 120
5189 5193 255
5219 5237 163
5226 5245 231
5234 5269 207
5263 5267 24
5275 5315 287
5296 5324 188
5322 5357 168
5333 5336 172
5347 5390 193
5374 5411 138
5379 5388 117
5390 5416 71
5402 5413 66
5405 5421 192
5432 5456 263
5462 5483 166
5484 5513 221
5489 5502 192
5495 5503 162
5519 5551 62
5547 5593 290
5556 5588 12
5583 5609 28
5595 5627 255
5624 5662 53
5633 5682 205
5648 5682 145
5675 5700 250
5675 5677 77
5677 5685 55
5686 5717 123
5705 5711 136
5720 5763 3
5731 5763 215
5742 5778 171
5768 5780 212
5792 5795 193
5821 5850 240
5837 5839 131
5846 5870 296
5850 5865 33
5862 5897 248
5883 5898 180
5905 5910 279
5931 5975 192
5952 5978 37
5963 6010 2
5970 5980 6
5975 5989 165
5983 6023 130
5983 6003 153
5986 6007 194
6009 6043 179
6014 6033 171
6038 6054 64
6045 6074 162
6046 6067 78
6056 6103 149
6075 6118 97
6094 6128 98
6103 6143 97
6128 6173 120
6157 6160 243
6170 6184 143
6180 6196 84
6189 6220 131
6204 6253 127
6207 6221 27
6227 6259 26
6241 6268 161
6244 6283 157
6270 6313 90
6291 6329 20
6308 6323 48
6320 6357 210
6339 6372 277
6366 6409 298
6386 6430 228
6388 6392 63
6402 6441 58
6421 6437 100
6441 6474 160
6458 6499 160
6464 6499 273
6467 6482 37
6479 6501 246
6499 6513 13
6500 6517 163
6516 6538 27
6519 6558 150
6534 6574 248
6560 6570 136
6560 6562 23
6590 6636 207
6618 6644 280
6632 6644 53
6648 6666 150
6677 6689 197
6696 6740 251
6721 6731 191
6736 6756 102
6764 6795 2
6766 6770 98
6780 6811 256
6806 6849 64
6824 6838 242
6827 6828 19
6849 6897 82
6866 6900 71
6892 6922 1
6919 6960 26
6937 6976 185
6950 6973 253
6951 6980 25
6963 6992 242
6972 6985 189
6974 6976 84
7002 7045 253
7014 7023 254
7027 7056 255
7052 7060 96
7071 7090 265
7079 7104 213
7085 7106 212
7105 7143 75
7130 7137 50
7154 7200 44
7165 7198 226
7167 7194 266
7175 7200 100
7176 7179 226
7201 7238 16
7224 7240 174
7239 7249 258
7250 7256 271
7254 7269 151
7255 7283 143
7268 7281 114
7271 7287 30
7279 7297 300
7298 7299 146
7306 7346 178
7323 7362 53
