500
23 26 41
34 43 169
55 91 49
65 66 50
66 88 107
95 101 299
120 163 237
131 163 85
136 141 207
157 169 26
164 203 21
174 212 135
178 205 32
202 221 77
227 260 127
254 269 132
258 286 287
259 302 81
281 296 233
295 304 191
297 317 287
315 352 22
329 341 215
329 358 244
350 368 185
355 375 56
371 416 86
388 404 279
406 450 25
423 431 266
448 498 129
472 484 270
483 499 292
485 513 133
508 518 48
518 551 93
537 560 108
540 581 218
563 587 229
569 574 237
573 584 132
592 612 246
613 627 118
625 675 276
625 660 228
629 673 168
643 677 291
660 693 225
679 717 111
703 720 170
707 757 158
730 735 4
754 757 91
769 807 270
783 830 295
811 813 42
822 851 255
829 843 90
858 895 95
860 891 153
869 912 165
877 894 197
893 930 196
922 941 188
933 938 204
945 974 196
971 982 46
981 1019 130
985 1029 282
986 1021 212
1015 1016 240
1018 1029 159
1029 1038 182
1057 1077 87
1083 1094 104
1092 1122 265
1107 1152 281
1115 1149 210
1135 1149 294
1145 1151 266
1161 1188 247
1167 1171 41
1173 1183 243
1196 1214 20
1197 1238 104
1217 1252 233
1240 1253 227
1245 1259 121
1262 1293 230
1284 1295 132
1286 1310 116
1303 1351 211
1330 1334 249
1330 1374 147
1333 1334 179
1340 1390 282
1353 1377 126
1354 1387 30
1371 1417 73
1379 1421 279
1392 1413 220
1412 1448 300
1419 1452 119
1427 1431 32
1439 1476 218
1445 1449 7
1475 1486 166
1485 1504 289
1502 1531 276
1505 1513 204
1509 1552 290
1531 1555 93
1542 1563 74
1556 1587 255
1570 1577 238
1587 1616 219
1593 1623 86
1605 1641 87
1606 1612 146
1629 1664 41
1657 1669 277
1667 1675 144
1695 1723 110
1725 1742 135
1749 1775 97
1772 1822 89
1783 1786 300
1812 1854 289
1827 1843 222
1852 1886 185
1878 1893 77
1884 1886 46
1898 1913 48
1899 1928 44
1914 1942 176
1925 1969 152
1951 1977 43
1960 1973 223
1986 1995 81
2009 2057 168
2030 2063 53
2036 2051 110
2065 2111 8
2092 2097 174
2114 2127 93
2122 2126 6
2137 2174 111
2150 2171 109
2153 2155 71
2172 2204 215
2193 2194 76
2193 2221 153
2220 2256 23
2228 2262 10
2248 2290 148
2271 2278 113
2283 2293 76
2297 2319 300
2317 2339 43
2331 2339 111
2347 2354 144
2359 2395 49
2367 2386 67
2375 2385 278
2378 2388 262
2402 2407 283
2414 2446 180
2439 2454 195
2450 2481 260
2464 2507 145
2464 2472 197
2465 2480 104
2486 2530 259
2502 2541 9
2520 2564 243
2531 2539 218
2533 2560 98
2539 2540 266
2562 2608 33
2581 2583 256
2585 2635 165
2600 2601 124
2608 2633 183
2612 2658 70
2618 2653 182
2627 2639 89
2650 2693 133
2675 2686 212
2681 2711 268
2686 2707 98
2700 2707 121
2721 2738 22
2728 2749 195
2737 2738 127
2759 2805 181
2776 2816 56
2795 2816 16
2803 2849 293
2816 2863 287
2835 2875 129
2864 2910 163
2890 2912 257
2905 2925 81
2915 2945 7
2936 2944 238
2954 2982 78
2984 2986 189
2997 3011 183
3003 3031 18
3007 3034 100
3021 3048 142
3048 3080 221
3075 3091 132
3091 3121 263
3118 3151 163
3146 3177 11
3165 3171 136
3165 3191 28
3178 3220 115
3188 3225 292
3214 3251 43
3237 3246 177
3246 3253 95
3274 3277 240
3281 3312 14
3298 3321 40
3312 3320 87
3335 3360 13
3358 3405 105
3385 3408 221
3402 3406 56
3429 3479 275
3439 3448 182
3449 3487 92
3476 3522 253
3478 3513 99
3479 3489 261
3491 3498 296
3515 3535 236
3525 3534 200
3541 3558 172
3541 3574 31
3570 3584 140
3591 3626 139
3620 3622 29
3639 3645 62
3664 3675 150
3673 3711 199
3676 3702 143
3682 3717 222
3690 3738 189
3697 3698 197
3714 3740 271
3733 3737 147
3747 3795 182
3757 3806 73
3785 3823 118
3805 3836 297
3817 3818 150
3817 3853 1
3818 3865 24
3836 3837 232
3846 3878 229
3873 3886 262
3882 3927 70
3896 3899 209
3902 3945 110
3925 3972 121
3952 3978 14
3955 4001 28
3977 4000 210
3991 4030 198
3999 4044 279
4010 4026 184
4010 4051 37
4037 4056 20
4043 4088 284
4068 4091 214
4081 4113 299
4106 4144 141
4133 4168 3
4152 4175 222
4152 4181 54
4182 4213 199
4189 4228 245
4205 4237 34
4232 4234 298
4234 4272 248
4259 4286 218
4272 4300 191
4295 4301 11
4320 4365 22
4341 4367 217
4341 4369 105
4363 4367 108
4371 4411 199
4383 4428 12
4385 4432 213
4401 4404 181
4417 4436 172
4421 4448 227
4447 4490 152
4457 4498 227
4476 4495 232
4487 4531 36
4492 4527 56
4518 4540 295
4532 4537 157
4548 4552 4
4558 4562 57
4579 4610 216
4586 4603 18
4590 4611 141
4620 4645 63
4639 4680 276
4668 4714 268
4695 4735 122
4721 4731 175
4744 4788 181
4766 4767 209
4794 4839 213
4814 4826 76
4823 4857 11
4828 4837 21
4837 4870 66
4844 4886 284
4852 4873 42
4857 4860 152
4870 4907 150
4871 4898 292
4875 4881 146
4904 4915 139
4909 4953 223
4923 4931 183
4925 4937 26
4927 4931 204
4927 4955 143
4955 4987 84
4975 5020 274
4996 5019 90
5026 5074 193
5026 5060 14
5034 5058 24
5064 5091 257
5079 5092 224
5088 5101 230
5109 5110 20
5134 5157 176
5147 5166 203
5176 5218 200
5193 5217 197
5198 5210 264
5213 5216 167
5224 5239 140
5237 5270 286
5260 5298 88
5289 5323 121
5289 5326 46
5291 5300 203
5297 5347 266
5323 5345 264
5351 5375 145
5375 5386 128
5380 5422 122
5381 5421 186
5410 5454 195
5437 5450 182
5463 5477 71
5466 5467 211
5479 5515 57
5479 5512 26
5488 5522 220
5508 5514 123
5524 5539 126
5552 5563 169
5554 5581 280
5575 5617 17
5580 5591 122
5582 5627 82
5592 5598 32
5592 5597 12
5619 5650 122
5642 5684 160
5653 5670 153
5681 5705 102
5684 5711 288
5714 5724 44
5739 5767 254
5742 5779 141
5769 5799 78
5771 5811 155
5792 5795 197
5820 5838 225
5847 5871 132
5862 5899 144
5870 5885 244
5899 5944 159
5919 5963 21
5947 5982 289
5953 5955 172
5980 6009 269
5988 6004 178
6009 6033 165
6012 6040 147
6020 6021 259
6027 6058 228
6056 6089 222
6063 6094 254
6079 6087 293
6102 6151 205
6109 6124 193
6129 6172 219
6153 6190 145
6182 6196 176
6209 6245 138
6209 6235 299
6234 6270 280
6253 6274 147
6259 6269 32
6272 6317 53
6296 6334 274
6324 6342 288
6333 6340 36
6360 6383 92
6362 6400 107
6369 6413 116
6398 6412 284
6413 6460 116
6442 6468 81
6455 6461 174
6478 6508 56
6481 6519 181
6489 6506 159
6493 6498 245
6499 6508 178
6499 6542 73
6519 6560 244
6520 6544 223
6521 6532 188
6525 6534 150
6554 6596 21
6560 6591 138
6561 6573 106
6578 6605 56
6587 6626 173
6614 6648 120
6643 6659 4
6665 6697 297
6665 6677 96
6687 6729 268
6704 6720 130
6734 6782 282
6756 6792 61
6780 6817 218
6786 6806 109
6796 6829 191
6816 6839 46
6818 6868 146
6848 6849 76
6862 6896 139
6882 6886 136
6897 6899 204
6917 6926 206
6921 6940 137
6929 6951 6
6944 6960 100
6950 6963 43
6962 6986 16
6971 7004 89
6975 6984 68
6990 7038 296
7000 7004 52
7029 7061 92
7052 7089 59
7055 7068 18
7082 7128 237
7093 7100 90
7100 7110 23
7118 7131 282
7126 7152 275
7142 7172 32
7166 7185 16
7169 7187 235
7176 7190 45
7205 7229 136
7229 7272 177
7231 7277 16
7235 7245 84
7250 7266 100
7277 7325 216
7289 7324 232
7304 7347 142
7323 7372 249
7336 7367 45
7346 7373 94
7364 7397 194
7375 7388 281
7403 7439 283
7405 7439 71
7412 7420 86
