500
13 61 180
41 51 256
71 78 285
87 132 65
95 98 106
113 157 184
133 159 277
145 151 69
155 194 288
164 203 70
188 208 131
215 220 289
236 244 279
262 288 96
287 335 242
294 310 123
314 334 123
320 351 64
346 389 163
346 353 11
366 403 167
388 412 263
397 443 283
417 418 289
421 422 117
443 448 159
459 509 180
477 516 56
494 540 170
494 537 121
498 522 46
525 568 281
551 560 56
573 574 165
602 626 188
626 652 62
656 658 222
681 703 36
685 701 79
702 708 115
721 762 28
751 752 52
763 774 211
775 813 271
790 836 86
807 819 143
808 819 287
812 845 76
828 852 226
844 854 263
861 890 126
887 893 138
906 939 178
926 948 213
932 980 210
942 963 90
972 1018 252
979 1002 290
981 1021 156
991 1041 2
1012 1021 89
1027 1031 256
1052 1064 245
1062 1064 182
1087 1110 138
1089 1102 101
1107 1116 204
1128 1155 270
1134 1173 157
1149 1169 64
1178 1226 67
1208 1243 19
1217 1263 111
1227 1266 293
1244 1290 136
1270 1310 132
1275 1302 269
1301 1320 96
1318 1363 109
1343 1358 284
1366 1382 202
1394 1423 32
1411 1450 181
1411 1441 281
1426 1460 297
1434 1483 62
1444 1457 248
1455 1462 123
1463 1506 26
1466 1496 71
1468 1505 68
1493 1537 10
1506 1555 212
1535 1552 120
1535 1558 10
1549 1588 165
1579 1596 53
1604 1647 137
1626 1647 17
1639 1658 33
1659 1662 179
1687 1735 46
1703 1750 204
1732 1780 249
1762 1767 89
1773 1819 53
1800 1846 241
1810 1842 14
1813 1827 158
1826 1851 185
1831 1858 296
1857 1888 3
1865 1881 213
1895 1902 73
1895 1933 175
1919 1944 27
1948 1987 192
1965 1993 279
1993 2007 153
2011 2021 92
2041 2055 174
2058 2075 157
2081 2090 224
2100 2106 229
2123 2139 148
2130 2164 256
2141 2179 248
2166 2176 134
2182 2223 27
2183 2219 48
2211 2215 37
2233 2239 50
2247 2261 88
2275 2314 222
2285 2310 59
2313 2343 299
2334 2338 116
2336 2381 220
2338 2381 63
2358 2361 108
2380 2419 277
2402 2411 275
2406 2451 108
2423 2437 7
2430 2435 33
2434 2479 79
2462 2493 198
2488 2507 130
2501 2524 296
2513 2552 163
2526 2572 174
2546 2580 33
2572 2612 247
2599 2645 255
2615 2663 300
2636 2641 59
2641 2648 38
2666 2677 263
2671 2690 187
2685 2702 203
2686 2716 255
2690 2706 90
2698 2706 112
2713 2735 83
2715 2728 139
2737 2784 193
2742 2748 285
2748 2783 284
2773 2809 128
2795 2831 131
2795 2803 187
2806 2814 63
2833 2851 201
2835 2837 64
2861 2894 300
2876 2916 294
2879 2919 117
2897 2927 212
2910 2931 217
2940 2985 284
2959 2964 50
2983 3031 263
2992 3031 32
3010 3043 265
3031 3048 122
3057 3084 269
3086 3094 37
3111 3136 71
3120 3127 256
3150 3193 257
3161 3201 167
3172 3186 215
3201 3220 17
3223 3262 50
3228 3244 269
3231 3253 93
3231 3265 242
3237 3255 205
3251 3297 135
3260 3307 147
3287 3311 10
3308 3340 166
3323 3347 16
3340 3365 277
3354 3392 277
3362 3375 142
3366 3367 159
3396 3401 128
3411 3424 125
3432 3476 134
3449 3457 28
3451 3499 75
3463 3507 249
3470 3498 47
3500 3508 160
3501 3502 217
3512 3537 155
3524 3571 48
3534 3557 60
3558 3585 84
3561 3606 178
3565 3573 143
3575 3610 141
3583 3589 294
3604 3608 272
3617 3663 183
3627 3647 189
3651 3699 265
3651 3686 100
3658 3698 134
3684 3720 110
3697 3739 143
3697 3716 127
3701 3717 235
3704 3728 222
3716 3759 265
3740 3754 282
3754 3767 169
3770 3807 225
3784 3831 70
3813 3814 211
3824 3872 91
3852 3869 14
3880 3889 266
3885 3898 184
3899 3927 291
3917 3964 283
3938 3984 35
3953 3996 12
3983 3986 183
3987 4002 212
3992 4008 268
4017 4018 286
4034 4051 195
4054 4092 175
4068 4093 209
4086 4111 207
4110 4118 272
4132 4181 33
4134 4161 135
4146 4179 121
4171 4176 217
4175 4205 38
4188 4230 163
4191 4199 72
4196 4244 209
4213 4222 134
4220 4244 127
4243 4278 195
4249 4257 34
4262 4273 274
4291 4316 274
4319 4354 118
4340 4369 197
4342 4361 88
4353 4354 59
4366 4405 145
4370 4417 265
4377 4400 27
4380 4392 247
4402 4442 91
4408 4435 71
4416 4440 127
4419 4426 169
4439 4460 224
4440 4452 116
4446 4493 212
4453 4494 210
4464 4468 230
4474 4500 135
4502 4508 182
4525 4573 110
4542 4589 183
4557 4565 170
4564 4570 148
4566 4593 284
4593 4614 131
4599 4633 4
4617 4636 234
4624 4653 44
4644 4669 178
4669 4687 270
4699 4743 64
4708 4728 68
4713 4747 86
4727 4753 81
4728 4746 277
4729 4747 241
4729 4745 183
4744 4754 174
4762 4783 290
4775 4817 112
4777 4793 64
4806 4842 5
4829 4863 244
4836 4876 16
4840 4843 109
4841 4855 190
4855 4885 156
4885 4930 250
4897 4936 27
4911 4937 46
4920 4970 8
4945 4951 88
4962 5008 245
4984 4992 269
5003 5012 63
5026 5076 90
5028 5034 286
5042 5067 217
5064 5070 288
5093 5111 20
5116 5134 162
5137 5181 70
5144 5192 107
5153 5201 117
5182 5198 11
5191 5212 236
5221 5240 209
5222 5225 10
5224 5242 128
5240 5256 275
5251 5252 287
5270 5295 68
5272 5307 207
5285 5330 200
5287 5314 214
5291 5314 147
5308 5330 2
5322 5353 300
5336 5384 128
5341 5373 184
5363 5391 19
5369 5404 135
5391 5413 223
5419 5432 228
5443 5448 272
5463 5488 215
5486 5493 34
5513 5549 120
5524 5526 6
5546 5553 64
5571 5581 89
5583 5626 234
5611 5659 210
5624 5656 87
5634 5663 274
5642 5646 177
5660 5693 40
5684 5730 222
5708 5727 147
5732 5763 141
5740 5775 83
5743 5752 102
5773 5774 1
5799 5808 28
5815 5857 165
5832 5841 270
5838 5882 51
5854 5863 124
5856 5875 216
5880 5911 94
5903 5930 121
5915 5922 174
5935 5972 274
5940 5979 136
5963 5971 245
5973 5984 94
5999 6037 241
6005 6010 69
6019 6064 136
6040 6054 193
6045 6053 290
6052 6058 266
6073 6090 62
6101 6129 264
6122 6155 229
6152 6161 9
6156 6187 52
6181 6198 199
6209 6230 297
6225 6274 118
6241 6272 92
6261 6275 212
6278 6302 72
6284 6293 139
6310 6342 67
6336 6371 38
6339 6349 265
6352 6365 72
6353 6402 212
6355 6397 49
6355 6400 119
6379 6418 13
6381 6402 120
6395 6445 114
6425 6462 131
6438 6458 132
6443 6476 2
6452 6476 277
6464 6469 47
6482 6492 183
6487 6517 272
6504 6539 92
6507 6535 209
6507 6517 47
6520 6544 174
6532 6579 145
6550 6552 115
6558 6568 156
6572 6617 17
6579 6604 172
6597 6614 110
6597 6634 244
6608 6648 229
6633 6682 171
6648 6664 193
6657 6674 102
6682 6683 205
6696 6734 114
6706 6725 150
6714 6717 111
6723 6770 39
6749 6752 95
6770 6793 165
6800 6837 112
6818 6829 51
6840 6868 32
6843 6868 8
6844 6872 161
6872 6919 164
6892 6928 42
6902 6933 245
6907 6914 127
6930 6964 42
6930 6952 18
6957 6992 163
6962 7003 232
6983 7015 65
6998 7029 127
7009 7035 196
7022 7051 2
7048 7080 211
7058 7097 207
7086 7128 83
7092 7111 163
7095 7107 10
7095 7138 260
7124 7159 281
7145 7190 53
7168 7191 284
7171 7215 110
7186 7218 141
7212 7245 90
7239 7246 25
7244 7284 130
7247 7271 136
7259 7260 263
7279 7327 149
7287 7305 103
7291 7310 260
7315 7359 22
7335 7343 39
7357 7391 112
7377 7392 241
7405 7452 133
7426 7476 242
7434 7455 217
7442 7453 75
7463 7493 142
7474 7498 291
7484 7486 66
7506 7511 294
7521 7546 46
7550 7591 269
7565 7584 216
7572 7581 56
7602 7612 278
7620 7670 296
7632 7670 92
