500
26 70 189
43 87 62
73 108 143
100 130 3
124 160 265
135 161 125
152 194 241
175 213 122
175 196 196
184 195 128
213 256 238
243 261 230
269 298 17
271 288 138
294 297 288
307 318 287
321 366 60
335 381 17
354 380 273
384 408 44
402 429 100
413 420 172
417 428 216
417 433 260
439 451 249
467 492 127
490 521 205
520 547 211
523 572 151
531 538 40
546 557 161
559 585 8
574 617 31
597 624 204
597 628 219
619 628 131
638 687 266
639 644 45
641 679 26
650 682 11
669 685 26
681 683 245
705 728 198
707 719 29
732 758 223
755 799 153
763 801 119
792 806 10
809 855 198
835 865 158
849 853 26
867 872 116
892 894 138
911 938 217
923 936 54
934 938 187
947 949 166
958 976 169
962 987 256
979 991 247
1001 1005 165
1007 1028 22
1013 1020 158
1021 1061 189
1039 1077 228
1048 1052 28
1064 1102 54
1094 1104 204
1117 1144 277
1125 1173 67
1127 1129 254
1150 1192 266
1160 1195 223
1168 1200 10
1171 1219 11
1178 1197 142
1195 1229 197
1208 1243 214
1224 1271 192
1224 1255 192
1248 1269 59
1266 1273 98
1287 1319 90
1303 1333 11
1333 1342 266
1357 1382 256
1372 1385 181
1379 1418 117
1393 1409 154
1416 1436 14
1437 1472 100
1463 1469 169
1478 1526 131
1491 1529 204
1510 1519 259
1516 1553 150
1520 1552 178
1535 1582 168
1551 1583 99
1563 1583 203
1579 1607 112
1595 1618 37
1607 1633 293
1631 1646 292
1656 1661 241
1675 1699 93
1691 1716 88
1693 1739 235
1717 1753 125
1731 1772 85
1751 1780 206
1769 1806 3
1786 1807 188
1787 1807 51
1799 1829 64
1802 1849 159
1818 1857 25
1833 1873 75
1856 1901 77
1856 1869 171
1864 1888 200
1880 1899 153
1896 1935 128
1908 1932 44
1934 1950 166
1943 1944 292
1957 1996 279
1962 1974 56
1983 1986 153
2010 2026 105
2014 2034 169
2014 2030 243
2043 2090 264
2069 2071 206
2072 2090 34
2091 2107 60
2116 2138 95
2135 2150 3
2161 2209 214
2190 2207 235
2213 2236 73
2242 2261 223
2254 2304 256
2265 2313 93
2291 2296 159
2311 2320 68
2313 2347 262
2322 2372 220
2336 2343 130
2337 2369 47
2357 2394 271
2384 2428 15
2406 2450 20
2418 2456 137
2432 2469 261
2435 2451 296
2442 2482 22
2444 2468 44
2462 2485 78
2486 2505 151
2504 2524 32
2525 2537 6
2531 2570 280
2532 2561 230
2536 2582 217
2544 2588 213
2552 2594 214
2566 2601 168
2572 2594 97
2580 2607 86
2607 2612 83
2607 2615 109
2614 2622 12
2624 2638 88
2643 2645 147
2646 2661 74
2667 2698 67
2680 2702 231
2706 2731 127
2720 2721 247
2729 2765 110
2742 2752 292
2759 2794 85
2763 2812 96
2782 2820 185
2787 2799 181
2789 2838 119
2799 2805 104
2820 2855 113
2821 2865 183
2841 2861 149
2869 2905 154
2885 2913 231
2886 2917 269
2901 2949 157
2915 2954 9
2918 2961 167
2926 2963 88
2935 2957 104
2937 2970 283
2959 2984 21
2982 2992 185
3006 3053 211
3011 3020 211
3017 3042 93
3019 3036 53
3033 3080 230
3060 3068 42
3077 3091 210
3086 3099 263
3095 3109 140
3116 3120 291
3142 3143 257
3166 3182 35
3183 3222 66
3183 3184 188
3201 3242 66
3208 3246 137
3226 3248 31
3248 3258 118
3254 3293 40
3269 3296 239
3280 3288 195
3301 3320 231
3313 3355 166
3323 3353 166
3334 3375 262
3359 3369 230
3373 3385 162
3403 3404 167
3422 3460 56
3433 3470 30
3459 3466 200
3471 3476 37
3471 3508 7
3500 3514 13
3509 3521 292
3522 3526 224
3539 3580 271
3565 3576 53
3587 3634 121
3613 3635 131
3619 3653 216
3633 3657 194
3638 3673 85
3645 3663 166
3649 3681 274
3665 3685 140
3690 3735 238
3716 3736 189
3736 3784 114
3749 3786 80
3775 3822 174
3787 3828 283
3793 3834 246
3812 3841 225
3828 3876 122
3847 3854 56
3868 3875 196
3881 3902 187
3887 3928 20
3910 3926 283
3924 3960 220
3924 3954 164
3932 3947 4
3949 3957 14
3970 3993 39
3983 4016 30
4002 4042 106
4019 4068 123
4034 4084 200
4044 4060 161
4048 4063 258
4077 4123 176
4102 4139 70
4129 4164 81
4156 4158 214
4178 4184 127
4184 4224 234
4193 4229 249
4197 4235 290
4201 4227 25
4203 4219 113
4224 4263 228
4228 4273 258
4239 4244 34
4252 4255 150
4270 4277 266
4288 4305 249
4289 4300 238
4299 4348 45
4303 4306 237
4332 4339 166
4339 4357 221
4356 4374 263
4363 4392 277
4375 4407 21
4393 4407 116
4399 4413 22
4419 4421 217
4428 4441 251
4451 4501 239
4476 4526 56
4484 4525 115
4495 4518 71
4508 4519 143
4517 4560 83
4533 4583 92
4541 4563 139
4555 4590 48
4568 4573 214
4598 4640 5
4628 4663 271
4654 4694 169
4657 4670 235
4657 4689 104
4677 4707 47
4681 4729 172
4686 4693 144
4688 4723 194
4691 4700 30
4707 4750 150
4736 4741 229
4758 4779 282
4777 4799 189
4797 4822 37
4802 4831 277
4818 4843 29
4818 4866 58
4826 4875 37
4840 4852 205
4840 4858 3
4847 4862 71
4866 4881 242
4880 4882 109
4880 4912 96
4895 4913 63
4907 4937 15
4918 4936 101
4922 4963 250
4948 4957 134
4968 5004 194
4992 5025 218
5005 5015 233
5030 5079 94
5035 5042 60
5055 5097 293
5081 5100 45
5085 5116 84
5095 5111 89
5123 5173 139
5146 5151 205
5160 5161 179
5166 5188 82
5170 5217 282
5183 5189 260
5187 5209 288
5202 5213 37
5211 5253 231
5227 5240 299
5249 5274 209
5257 5307 105
5286 5324 262
5315 5323 261
5320 5356 86
5324 5352 247
5331 5342 62
5346 5381 172
5360 5386 60
5368 5403 119
5368 5384 270
5385 5401 183
5387 5430 206
5389 5397 292
5397 5430 68
5404 5428 126
5419 5430 213
5435 5447 191
5456 5483 19
5483 5504 121
5499 5517 176
5504 5551 124
5510 5556 228
5518 5545 130
5521 5536 36
5530 5568 254
5553 5573 142
5578 5622 175
5584 5602 106
5607 5638 6
5611 5639 65
5623 5666 228
5639 5658 164
5645 5672 251
5653 5680 132
5664 5675 184
5672 5683 34
5688 5714 66
5711 5713 71
5739 5768 258
5764 5782 50
5782 5786 105
5791 5836 196
5801 5815 111
5803 5844 131
5804 5823 211
5817 5849 268
5833 5883 297
5850 5886 82
5853 5878 84
5864 5869 29
5875 5895 104
5879 5899 46
5885 5926 59
5888 5927 157
5903 5927 50
5911 5950 167
5916 5944 7
5927 5945 251
5928 5942 23
5944 5986 284
5953 6000 245
5979 5983 47
6005 6037 43
6031 6038 101
6045 6048 15
6057 6060 18
6063 6091 28
6071 6080 60
6087 6134 45
6098 6140 18
6110 6144 63
6125 6159 218
6125 6147 209
6134 6144 75
6135 6156 151
6161 6186 162
6177 6188 132
6188 6235 28
6195 6227 51
6204 6224 121
6213 6231 260
6218 6223 5
6233 6263 23
6256 6296 200
6263 6264 184
6293 6313 106
6305 6311 19
6326 6340 151
6353 6364 73
6355 6369 163
6372 6381 76
6373 6396 273
6376 6409 77
6380 6410 178
6388 6417 199
6398 6404 4
6412 6424 277
6425 6465 126
6448 6474 39
6465 6481 90
6472 6494 187
6474 6517 269
6503 6532 64
6510 6520 55
6524 6570 249
6530 6540 176
6534 6556 143
6559 6593 73
6576 6578 113
6588 6629 131
6611 6635 85
6611 6625 229
6631 6636 12
6644 6647 108
6670 6675 147
6700 6709 71
6721 6763 111
6726 6753 36
6753 6788 173
6765 6775 227
6779 6822 281
6806 6835 236
6829 6876 156
6837 6868 136
6840 6860 287
6864 6881 295
6868 6909 68
6885 6914 229
6886 6915 227
6907 6951 100
6913 6956 223
6919 6955 144
6940 6956 80
6951 6990 276
6980 6988 108
6994 7000 213
6995 7037 45
7025 7037 119
7034 7049 4
