500
12 46 165
42 68 80
61 67 181
61 65 276
64 99 297
71 100 22
79 82 84
99 147 25
119 129 199
148 173 21
152 170 118
153 201 178
168 210 271
178 223 114
200 206 271
208 252 208
231 240 271
250 252 177
256 276 258
263 266 284
272 291 38
299 302 2
322 340 213
331 343 275
356 369 224
386 392 158
388 422 40
396 431 172
421 425 169
442 469 151
461 509 223
471 495 65
495 499 53
509 541 177
520 527 117
520 545 250
542 591 275
561 591 251
580 597 95
580 622 151
586 590 206
587 597 110
596 614 90
608 631 167
633 641 10
642 686 202
670 696 178
700 722 174
707 736 131
714 742 36
732 772 142
747 789 11
761 772 279
786 816 213
798 803 126
814 817 274
831 861 208
843 859 262
869 889 160
887 894 163
891 911 221
893 912 232
911 926 220
929 933 104
931 973 249
938 963 276
968 998 130
990 1002 24
1012 1033 256
1035 1045 204
1052 1061 164
1053 1102 6
1059 1061 142
1080 1099 169
1097 1106 252
1124 1153 54
1138 1150 248
1160 1178 287
1165 1205 58
1175 1210 183
1191 1241 40
1203 1242 283
1221 1268 233
1251 1278 211
1275 1292 25
1295 1313 280
1314 1337 192
1323 1368 89
1332 1372 102
1358 1380 71
1364 1382 82
1373 1412 223
1377 1406 282
1397 1402 173
1425 1441 266
1440 1478 207
1442 1479 290
1445 1461 145
1467 1473 27
1467 1502 279
1487 1488 294
1491 1498 212
1517 1541 286
1522 1535 202
1552 1582 221
1577 1592 98
1594 1621 14
1614 1615 198
1624 1671 4
1643 1665 124
1672 1717 252
1674 1678 251
1689 1704 78
1689 1733 140
1712 1733 88
1732 1738 134
1740 1743 118
1755 1785 66
1777 1778 285
1788 1811 85
1809 1836 259
1827 1847 9
1851 1868 167
1863 1868 145
1866 1891 28
1878 1921 135
1883 1892 276
1909 1911 30
1914 1917 88
1929 1961 215
1930 1946 133
1953 1962 290
1977 1986 285
1996 1997 183
2018 2061 105
2023 2061 26
2047 2052 116
2049 2057 9
2056 2084 39
2075 2091 48
2083 2130 292
2102 2137 268
2117 2129 32
2130 2178 170
2144 2170 208
2157 2171 163
2185 2231 42
2215 2226 193
2235 2264 62
2242 2267 250
2272 2312 171
2293 2320 38
2323 2366 173
2331 2355 148
2341 2356 44
2361 2382 285
2386 2436 243
2407 2443 159
2437 2446 183
2463 2509 53
2488 2506 241
2500 2540 274
2502 2516 71
2529 2566 242
2531 2563 281
2550 2563 89
2560 2573 114
2564 2573 144
2571 2588 112
2592 2633 227
2621 2661 26
2646 2664 11
2671 2694 191
2674 2682 261
2701 2707 25
2704 2711 263
2724 2741 289
2729 2734 97
2755 2770 197
2784 2815 91
2797 2831 5
2812 2851 232
2830 2866 75
2856 2883 103
2868 2911 282
2870 2893 60
2873 2876 66
2893 2931 196
2900 2902 287
2922 2945 234
2951 3000 178
2972 2993 193
2983 3028 103
3000 3005 213
3004 3021 149
3026 3070 179
3027 3052 223
3043 3045 59
3055 3075 184
3070 3093 1
3087 3104 211
3093 3101 239
3116 3144 200
3146 3190 7
3149 3184 295
3153 3158 146
3182 3203 15
3182 3187 295
3183 3231 184
3191 3233 233
3200 3203 138
3217 3241 271
3227 3231 184
3249 3299 210
3269 3279 151
3282 3305 80
3305 3324 73
3329 3350 39
3346 3354 252
3348 3372 103
3349 3379 193
3353 3401 211
3363 3405 40
3381 3393 179
3393 3407 110
3404 3454 224
3410 3439 297
3415 3461 7
3435 3461 245
3437 3440 23
3455 3498 9
3455 3457 74
3481 3503 210
3494 3532 172
3508 3547 200
3526 3564 268
3554 3580 6
3566 3583 128
3588 3625 109
3604 3616 230
3607 3656 273
3616 3619 259
3617 3625 267
3644 3656 197
3663 3702 115
3689 3715 163
3713 3744 131
3727 3775 20
3746 3761 36
3771 3803 125
3777 3825 18
3804 3841 270
3815 3847 51
3815 3853 122
3833 3862 122
3861 3872 141
3868 3887 155
3887 3913 217
3892 3897 298
3897 3929 41
3923 3947 71
3946 3991 282
3947 3986 91
3949 3989 58
3958 4004 53
3987 4003 71
4011 4053 68
4021 4069 75
4039 4053 47
4056 4064 55
4058 4081 248
4085 4109 258
4092 4102 29
4096 4105 179
4121 4159 233
4136 4164 113
4138 4164 190
4164 4191 94
4177 4194 200
4201 4241 157
4211 4236 25
4233 4241 245
4251 4297 176
4280 4300 124
4290 4328 91
4320 4342 246
4345 4358 265
4365 4388 59
4382 4414 232
4402 4450 131
4420 4426 157
4438 4487 195
4464 4490 103
4487 4519 47
4499 4543 199
4503 4526 180
4520 4543 149
4523 4532 58
4549 4571 121
4571 4610 1
4592 4611 171
4603 4653 260
4605 4612 197
4605 4631 123
4630 4631 27
4632 4676 260
4642 4660 226
4650 4676 80
4654 4666 81
4672 4719 33
4701 4738 26
4712 4761 12
4715 4725 267
4724 4741 134
4746 4794 264
4762 4771 20
4770 4782 251
4778 4784 219
4791 4806 233
4809 4849 116
4815 4858 95
4825 4840 73
4838 4872 22
4868 4874 260
4897 4901 151
4907 4949 50
4930 4959 210
4954 4967 298
4973 5023 9
4980 5029 151
5005 5025 135
5035 5069 173
5048 5055 125
5074 5107 138
5086 5128 116
5101 5114 212
5121 5147 295
5149 5190 284
5173 5189 139
5191 5199 225
5191 5232 269
5218 5239 18
5226 5241 264
5245 5261 56
5245 5288 78
5246 5258 184
5254 5283 270
5271 5307 176
5277 5284 130
5284 5312 248
5296 5343 144
5312 5336 262
5327 5344 278
5341 5369 20
5362 5393 261
5369 5376 196
5382 5429 233
5397 5417 202
5427 5449 16
5449 5490 23
5461 5506 179
5489 5498 64
5498 5510 110
5498 5543 103
5507 5553 193
5521 5540 172
5551 5569 173
5553 5561 97
5563 5598 190
5574 5595 107
5604 5618 219
5622 5633 227
5640 5647 277
5647 5679 233
5652 5675 96
5670 5699 167
5700 5717 173
5718 5736 18
5741 5773 200
5754 5804 199
5776 5800 106
5797 5829 277
5826 5860 103
5841 5842 297
5860 5897 199
5878 5917 218
5898 5905 164
5908 5932 118
5923 5947 36
5926 5943 122
5928 5945 299
5947 5980 106
5956 5981 183
5972 5994 167
5978 6010 51
5986 6008 279
5987 6025 200
5994 6016 235
6021 6024 251
6049 6056 58
6064 6102 32
6091 6098 274
6095 6112 82
6100 6150 8
6125 6134 53
6132 6175 173
6151 6155 55
6166 6204 181
6168 6201 198
6196 6224 175
6226 6275 78
6232 6273 43
6247 6259 263
6267 6295 132
6273 6309 167
6277 6297 117
6279 6280 268
6286 6306 282
6304 6306 11
6325 6366 234
6337 6353 265
6342 6357 104
6359 6375 203
6374 6407 109
6396 6403 149
6396 6398 258
6408 6454 31
6422 6469 103
6451 6487 241
6456 6476 268
6471 6478 28
6471 6497 2
6475 6512 86
6477 6511 151
6495 6538 283
6518 6536 98
6540 6547 274
6551 6581 103
6552 6556 115
6561 6592 68
6561 6594 271
6588 6602 46
6597 6606 128
6617 6663 26
6640 6643 128
6664 6705 155
6677 6694 71
6686 6693 3
6692 6723 158
6694 6740 52
6705 6732 176
6708 6726 230
6733 6741 27
6761 6775 128
6763 6781 197
6781 6825 35
6807 6846 174
6817 6843 87
6836 6875 178
6860 6870 49
6878 6915 291
6907 6911 292
6907 6910 153
6930 6961 213
6954 6961 71
6959 6987 148
6968 6979 160
6985 6989 64
7013 7062 119
7039 7081 255
7043 7053 87
7048 7054 293
7074 7098 9
7085 7126 51
7105 7125 16
7106 7151 13
7135 7168 23
7158 7183 107
7176 7216 38
7206 7221 22
7232 7247 300
7240 7260 84
7260 7304 75
7265 7311 280
7271 7294 35
7299 7305 17
7313 7355 148
7336 7338 293
7351 7396 90
7356 7384 164
7376 7417 77
7390 7420 72
7413 7426 250
7432 7436 86
7448 7487 146
7478 7506 42
7494 7527 6
7515 7519 108
7521 7522 153
7548 7585 181
