500
13 15 133
43 76 284
73 103 167
81 99 21
106 153 241
108 152 45
116 122 117
122 171 124
122 151 213
142 185 119
152 175 5
153 165 82
176 205 292
205 238 269
205 245 46
222 247 60
234 251 12
255 303 163
259 276 151
277 318 176
301 313 75
331 360 2
340 388 149
343 373 239
356 368 242
379 388 159
404 435 152
409 417 238
420 421 52
433 454 129
455 505 36
463 488 298
474 494 283
493 506 189
497 537 61
509 514 261
512 520 69
514 552 67
520 528 19
547 572 135
560 596 235
571 578 274
586 589 219
605 620 245
629 650 136
638 640 23
662 679 161
682 723 65
686 733 6
709 710 239
729 735 215
740 776 229
750 799 24
766 794 139
789 830 74
812 848 70
818 834 202
830 867 2
838 882 173
860 875 299
880 921 172
890 923 128
910 937 79
917 936 108
935 942 221
938 947 60
967 1008 62
975 1024 166
998 1044 251
1002 1051 139
1023 1056 148
1040 1079 19
1063 1087 6
1091 1136 161
1106 1127 137
1134 1144 194
1147 1197 118
1148 1186 236
1151 1164 210
1158 1180 151
1171 1199 290
1176 1196 86
1185 1217 181
1204 1236 54
1209 1217 214
1227 1267 225
1248 1280 184
1250 1283 289
1259 1264 5
1281 1285 3
1285 1286 149
1314 1333 56
1333 1381 239
1360 1378 174
1387 1397 109
1415 1452 10
1440 1475 245
1452 1469 44
1474 1478 34
1487 1500 17
1514 1522 245
1531 1558 94
1560 1610 238
1587 1589 87
1597 1616 287
1619 1651 197
1628 1676 15
1648 1680 253
1660 1676 55
1684 1724 273
1702 1729 142
1706 1742 123
1719 1745 106
1745 1788 238
1747 1767 249
1760 1797 50
1788 1789 267
1798 1808 105
1807 1851 84
1809 1822 134
1817 1821 297
1817 1822 84
1831 1872 220
1851 1882 67
1864 1868 141
1878 1915 30
1881 1918 189
1884 1930 6
1886 1888 131
1890 1918 278
1892 1924 232
1908 1925 61
1918 1966 31
1924 1972 168
1938 1969 35
1964 1991 246
1988 2022 213
1994 2011 75
1997 2032 75
2024 2061 33
2026 2060 161
2053 2063 64
2063 2097 31
2082 2087 161
2103 2115 17
2129 2139 197
2139 2145 119
2144 2158 233
2166 2202 263
2176 2208 185
2200 2226 96
2218 2242 29
2219 2224 69
2246 2287 142
2271 2310 287
2280 2290 267
2308 2317 43
2316 2360 7
2330 2359 110
2345 2387 56
2371 2405 224
2399 2443 29
2400 2432 121
2429 2455 232
2436 2444 229
2436 2468 69
2461 2480 196
2479 2514 177
2505 2517 116
2531 2532 159
2538 2560 230
2548 2564 60
2576 2578 98
2586 2592 169
2600 2642 219
2610 2624 273
2617 2657 292
2647 2686 272
2674 2712 95
2686 2706 14
2703 2748 209
2727 2744 106
2753 2803 27
2754 2784 251
2779 2798 264
2804 2807 155
2829 2877 181
2834 2876 211
2843 2889 29
2848 2882 251
2861 2902 290
2867 2910 220
2874 2898 24
2885 2928 249
2898 2918 31
2906 2942 55
2914 2950 10
2935 2977 283
2946 2991 74
2953 2958 141
2967 3001 251
2986 3031 92
3005 3015 203
3009 3059 54
3024 3067 186
3025 3070 21
3034 3047 180
3054 3056 151
3066 3102 60
3086 3109 54
3096 3115 269
3099 3138 293
3102 3141 246
3122 3145 138
3140 3155 287
3163 3205 174
3192 3222 210
3213 3249 160
3239 3252 202
3249 3270 290
3277 3327 240
3301 3303 179
3310 3322 71
3322 3338 273
3352 3373 108
3359 3398 52
3360 3405 276
3388 3403 85
3412 3413 148
3441 3466 149
3468 3473 98
3497 3509 273
3522 3529 156
3526 3535 16
3535 3550 1
3556 3557 62
3566 3577 217
3580 3599 229
3590 3608 14
3594 3639 102
3612 3640 126
3636 3639 169
3648 3685 108
3656 3693 124
3682 3693 2
3705 3739 162
3714 3737 105
3718 3760 224
3724 3752 251
3741 3758 180
3764 3799 48
3774 3803 109
3794 3824 110
3805 3826 300
3814 3848 132
3835 3877 214
3844 3845 69
3852 3878 147
3867 3895 55
3875 3892 158
3893 3908 37
3904 3953 273
3916 3935 231
3919 3958 253
3937 3986 86
3945 3962 171
3961 3963 54
3987 4031 178
4010 4055 42
4019 4020 102
4039 4042 88
4045 4095 279
4054 4092 11
4054 4089 160
4079 4115 280
4086 4116 283
4107 4129 257
4132 4153 204
4146 4170 156
4159 4188 19
4176 4199 129
4200 4220 135
4221 4257 260
4223 4267 270
4229 4253 283
4233 4282 198
4263 4280 195
4281 4293 132
4288 4331 290
4305 4355 246
4311 4338 177
4315 4331 254
4345 4368 239
4366 4405 136
4389 4429 293
4413 4437 108
4421 4448 71
4422 4468 46
4429 4457 225
4453 4473 4
4453 4476 96
4482 4510 11
4505 4531 73
4522 4538 48
4530 4539 21
4541 4561 130
4548 4590 251
4550 4580 295
4579 4583 89
4594 4596 187
4619 4668 248
4640 4655 300
4657 4696 202
4666 4710 201
4690 4714 177
4699 4730 136
4705 4720 291
4735 4741 297
4756 4783 186
4784 4830 204
4798 4833 274
4825 4827 140
4844 4886 218
4844 4856 25
4872 4914 125
4899 4944 167
4920 4935 205
4920 4937 282
4940 4944 225
4941 4952 110
4956 4958 67
4959 4966 238
4979 4982 209
4984 5022 286
5010 5050 75
5038 5079 55
5058 5080 89
5064 5088 97
5069 5071 271
5073 5074 64
5085 5097 175
5115 5155 119
5134 5146 44
5146 5187 241
5158 5202 213
5167 5212 263
5197 5232 287
5220 5244 249
5239 5268 177
5243 5288 44
5258 5307 7
5284 5294 216
5309 5344 240
5332 5345 113
5360 5381 120
5362 5382 33
5383 5423 89
5406 5452 264
5413 5417 228
5431 5474 290
5449 5454 6
5452 5502 10
5466 5506 87
5484 5514 62
5511 5526 275
5519 5545 143
5525 5570 244
5535 5545 138
5561 5566 153
5588 5592 179
5610 5653 67
5614 5650 148
5618 5645 71
5631 5672 131
5652 5672 167
5675 5715 128
5689 5714 129
5689 5728 144
5711 5741 138
5733 5734 293
5745 5772 294
5758 5784 161
5780 5795 12
5793 5794 232
5797 5824 45
5798 5812 165
5813 5819 228
5816 5819 156
5816 5853 137
5817 5822 42
5832 5850 47
5840 5874 159
5852 5898 11
5879 5891 109
5883 5918 163
5900 5925 283
5919 5968 94
5934 5964 204
5936 5944 51
5959 5961 26
5970 5975 265
5979 6014 178
5984 6019 202
5991 6016 32
5999 6038 208
6019 6051 236
6034 6053 227
6058 6074 168
6086 6103 218
6091 6134 206
6101 6107 235
6101 6115 117
6117 6148 125
6129 6176 293
6134 6174 166
6140 6153 172
6159 6181 79
6180 6202 299
6195 6199 78
6206 6221 120
6219 6267 281
6240 6273 197
6249 6268 99
6266 6291 121
6270 6310 166
6298 6323 190
6315 6333 147
6322 6369 158
6341 6367 45
6350 6385 198
6379 6381 6
6391 6409 16
6404 6405 69
6411 6451 46
6413 6457 129
6424 6458 59
6429 6441 119
6432 6469 14
6435 6472 69
6441 6449 205
6458 6469 207
6466 6491 249
6478 6492 52
6491 6505 76
6505 6506 1
6507 6542 292
6507 6554 275
6514 6549 37
6534 6583 9
6547 6587 77
6557 6586 218
6579 6588 165
6591 6640 132
6594 6603 166
6616 6642 6
6631 6634 69
6641 6652 158
6660 6688 204
6678 6701 147
6697 6712 89
6709 6724 203
6728 6762 215
6752 6770 45
6774 6807 298
6777 6789 43
6786 6797 40
6794 6809 222
6813 6855 92
6814 6850 17
6821 6856 5
6836 6838 256
6862 6867 255
6875 6918 179
6876 6893 115
6904 6914 142
6926 6941 100
6948 6973 90
6967 6993 112
6986 6999 161
6998 7009 66
7006 7011 43
7031 7041 277
7057 7101 288
7087 7135 194
7117 7140 78
7136 7157 212
7166 7179 222
7173 7220 227
7194 7230 255
7219 7227 286
7232 7244 218
7235 7244 81
7262 7267 147
7262 7306 273
7267 7273 147
7285 7291 272
7310 7338 126
7319 7324 118
7326 7334 47
7356 7397 184
