500
3 6 86
9 20 226
20 49 249
34 83 26
34 38 271
60 75 48
65 107 23
81 89 54
82 108 262
96 102 177
116 157 124
116 164 124
117 146 116
145 155 42
162 203 275
188 198 110
214 238 293
228 249 291
240 260 271
244 265 82
271 317 95
300 312 290
317 336 244
337 349 95
355 360 197
374 393 161
378 395 161
407 414 238
413 459 32
428 471 193
448 467 287
451 484 90
468 484 29
475 487 136
475 505 228
475 503 219
502 542 203
509 524 49
521 527 281
525 546 90
527 569 118
554 590 280
558 607 274
584 621 80
610 647 4
613 617 17
632 657 97
645 659 295
658 707 113
678 711 125
683 687 66
687 712 135
691 700 7
704 717 273
732 759 13
756 760 255
762 797 279
776 812 117
787 788 39
787 837 14
794 835 213
816 828 197
834 836 65
847 875 10
852 867 88
876 905 245
898 925 94
901 929 190
928 961 197
951 994 107
976 994 79
985 996 146
996 1007 147
996 1016 299
1013 1026 184
1017 1026 26
1035 1066 147
1037 1070 131
1048 1065 99
1064 1066 254
1092 1096 268
1099 1100 143
1125 1138 68
1130 1140 55
1154 1179 62
1166 1177 238
1180 1190 53
1202 1206 294
1224 1246 113
1250 1268 99
1273 1298 291
1290 1308 163
1317 1349 288
1346 1383 67
1364 1409 239
1376 1391 56
1399 1422 160
1411 1429 90
1421 1470 135
1436 1464 70
1465 1469 28
1476 1508 285
1502 1508 62
1503 1523 272
1513 1528 253
1514 1542 103
1528 1548 188
1544 1577 26
1553 1565 208
1570 1580 211
1572 1620 295
1579 1620 154
1590 1609 17
1591 1616 258
1608 1613 115
1623 1642 37
1638 1659 140
1648 1680 296
1672 1716 159
1679 1702 192
1708 1729 234
1715 1740 92
1742 1792 12
1765 1811 299
1772 1810 285
1789 1831 125
1819 1859 184
1846 1851 115
1855 1880 166
1867 1890 132
1880 1923 90
1890 1895 5
1920 1940 114
1944 1993 195
1970 2010 199
1983 2017 91
1990 2033 264
2020 2028 262
2031 2036 133
2053 2091 1
2059 2081 11
2074 2114 111
2088 2113 250
2105 2117 279
2124 2159 193
2126 2156 169
2145 2171 88
2168 2179 153
2196 2200 236
2226 2267 262
2230 2275 111
2257 2266 205
2282 2315 71
2289 2303 286
2303 2342 23
2331 2374 107
2349 2361 86
2378 2383 157
2386 2403 68
2404 2436 274
2425 2445 143
2452 2462 84
2465 2509 104
2491 2536 57
2498 2544 8
2526 2527 128
2537 2572 180
2542 2568 233
2568 2589 244
2592 2607 68
2614 2629 108
2623 2646 191
2624 2665 224
2639 2687 56
2661 2680 106
2667 2693 278
2695 2718 142
2709 2711 106
2722 2760 105
2734 2772 49
2734 2755 227
2740 2780 147
2765 2792 105
2776 2785 79
2786 2815 237
2807 2822 222
2809 2837 234
2836 2851 285
2861 2884 120
2872 2873 253
2885 2916 82
2891 2921 260
2903 2929 23
2918 2922 76
2930 2941 217
2943 2948 272
2967 2987 93
2974 2984 215
2979 3015 243
2991 3040 269
3018 3028 276
3042 3073 205
3069 3117 25
3096 3126 278
3125 3169 83
3151 3192 231
3175 3222 122
3198 3229 293
3208 3218 135
3217 3259 72
3231 3264 223
3231 3244 261
3257 3278 7
3266 3287 205
3270 3306 257
3277 3278 291
3299 3333 112
3322 3363 236
3326 3344 219
3339 3368 161
3365 3395 198
3374 3390 47
3392 3442 183
3418 3438 164
3445 3470 144
3463 3493 237
3463 3489 94
3465 3475 282
3483 3504 127
3491 3509 17
3511 3549 217
3522 3563 61
3524 3527 69
3525 3546 20
3542 3570 188
3568 3593 264
3596 3621 40
3604 3606 52
3627 3638 295
3655 3681 28
3659 3662 4
3689 3712 213
3704 3712 104
3732 3780 234
3749 3797 91
3772 3794 294
3799 3801 114
3824 3837 234
3828 3840 223
3846 3880 294
3869 3887 292
3899 3903 135
3906 3918 65
3926 3928 266
3953 3982 130
3963 3990 113
3988 4009 188
4009 4042 221
4038 4052 159
4058 4072 274
4078 4104 110
4098 4134 58
4099 4140 128
4109 4111 212
4138 4183 226
4146 4188 141
4172 4198 248
4175 4202 18
4183 4190 155
4203 4204 2
4215 4224 19
4219 4225 10
4236 4258 176
4240 4279 81
4240 4283 189
4253 4285 242
4268 4308 24
4279 4292 214
4294 4336 83
4324 4327 1
4352 4392 179
4379 4395 166
4394 4418 231
4423 4443 19
4447 4454 193
4460 4465 2
4489 4499 243
4513 4556 94
4541 4576 284
4562 4576 156
4564 4571 63
4591 4625 261
4606 4609 256
4610 4612 229
4614 4619 267
4623 4642 58
4653 4684 179
4665 4679 191
4678 4690 246
4683 4688 216
4698 4704 30
4706 4722 193
4709 4745 159
4710 4735 18
4732 4763 12
4756 4764 63
4768 4814 111
4789 4826 163
4799 4826 231
4811 4857 164
4825 4864 282
4826 4859 2
4851 4860 156
4861 4902 182
4887 4903 272
4905 4913 72
4916 4941 144
4943 4962 157
4967 5015 16
4984 5018 206
4994 5042 76
5011 5028 164
5028 5069 114
5037 5045 86
5042 5062 163
5048 5052 296
5078 5117 70
5103 5116 254
5112 5154 54
5139 5189 172
5165 5169 97
5190 5231 189
5209 5238 147
5214 5217 152
5215 5237 77
5221 5266 252
5235 5242 124
5248 5277 212
5250 5275 293
5268 5283 94
5295 5327 143
5300 5345 116
5324 5368 3
5346 5350 138
5375 5379 7
5397 5434 198
5400 5441 11
5422 5435 215
5446 5477 269
5471 5483 78
5472 5515 289
5474 5482 171
5479 5519 12
5483 5508 257
5501 5503 203
5519 5523 26
5548 5575 116
5555 5574 91
5556 5566 194
5571 5607 45
5599 5605 209
5610 5615 188
5632 5679 181
5659 5690 267
5675 5713 56
5686 5719 281
5705 5707 270
5723 5727 29
5723 5772 176
5726 5744 74
5730 5773 289
5757 5805 184
5763 5813 104
5785 5831 130
5810 5847 91
5811 5826 85
5812 5844 202
5823 5834 1
5830 5870 189
5852 5853 106
5856 5864 298
5881 5915 104
5892 5911 248
5892 5919 230
5912 5918 229
5929 5946 51
5950 5973 294
5979 5996 240
5987 6011 231
6004 6031 185
6031 6061 259
6046 6085 246
6062 6077 248
6087 6131 98
6100 6128 232
6122 6135 71
6146 6185 75
6164 6213 154
6165 6174 161
6180 6218 74
6183 6223 134
6193 6226 6
6195 6228 286
6218 6220 22
6244 6279 177
6266 6272 43
6281 6326 68
6310 6331 233
6312 6316 114
6329 6353 195
6337 6340 157
6350 6354 132
6359 6378 25
6376 6377 9
6401 6426 240
6412 6423 220
6438 6476 106
6453 6496 294
6478 6502 156
6505 6540 109
6510 6559 160
6539 6572 239
6559 6607 23
6560 6577 292
6567 6585 92
6576 6622 223
6580 6626 252
6588 6602 172
6597 6623 12
6620 6660 251
6628 6668 164
6639 6642 230
6661 6701 270
6676 6726 244
6692 6702 159
6697 6727 257
6722 6732 204
6738 6768 6
6741 6750 208
6743 6775 203
6748 6767 75
6774 6784 46
6775 6825 50
6778 6782 166
6799 6834 86
6802 6816 120
6809 6810 181
6823 6832 164
6839 6875 223
6864 6910 191
6866 6904 282
6884 6896 177
6908 6943 271
6914 6930 283
6927 6952 90
6946 6948 224
6969 6986 92
6992 7032 171
7008 7011 198
7010 7040 179
7010 7052 216
7022 7053 199
7024 7046 34
7041 7047 172
7069 7091 176
7092 7109 257
7113 7144 193
7139 7154 244
7156 7186 173
7161 7202 217
7171 7175 237
7177 7225 19
7202 7216 221
7214 7238 187
7235 7244 105
7242 7268 93
7253 7270 102
7256 7259 247
7257 7300 266
7283 7304 252
7283 7311 99
7306 7350 257
7317 7336 249
7324 7341 180
7346 7390 73
7358 7397 227
7358 7373 172
7376 7404 145
7384 7395 260
7399 7413 199
7413 7420 24
7416 7451 235
7428 7453 20
7453 7459 254
7470 7492 256
7489 7528 32
7516 7523 282
7529 7537 233
7541 7565 42
7560 7572 230
