500
20 52 236
35 42 82
50 83 45
61 70 14
77 95 243
86 102 146
109 133 122
121 122 132
132 160 173
144 193 250
152 181 192
154 161 45
171 201 194
194 199 256
205 242 89
231 246 199
239 246 221
248 270 208
253 296 192
283 293 252
313 333 122
322 333 250
326 360 236
344 376 58
359 380 244
378 415 69
393 413 173
407 445 9
409 432 49
411 453 180
423 434 126
450 453 101
471 517 23
488 507 14
497 520 155
521 557 23
538 563 187
559 580 150
560 589 5
563 601 195
567 590 218
568 594 35
591 632 64
594 614 33
594 632 33
610 637 38
629 631 53
629 635 148
650 654 150
659 694 177
675 689 202
675 708 94
691 724 25
699 725 65
726 731 213
730 763 88
760 772 12
764 807 131
785 835 279
795 814 221
808 819 172
828 876 45
842 888 197
868 911 81
896 919 38
910 960 137
938 951 202
956 1002 61
965 1000 281
969 975 33
979 989 245
1004 1018 237
1017 1057 159
1029 1060 25
1037 1039 197
1060 1100 144
1070 1102 12
1096 1100 184
1119 1151 204
1139 1149 155
1148 1153 266
1150 1176 257
1174 1197 287
1178 1216 234
1183 1184 273
1185 1222 178
1191 1231 287
1207 1256 279
1211 1254 76
1220 1265 45
1230 1243 118
1248 1252 138
1276 1303 181
1279 1301 154
1308 1346 103
1334 1373 244
1358 1395 80
1376 1390 186
1389 1424 199
1389 1401 205
1415 1431 105
1430 1431 113
1458 1491 185
1462 1493 233
1486 1535 5
1503 1542 69
1523 1543 82
1523 1550 122
1526 1569 180
1539 1540 19
1543 1589 165
1545 1587 204
1546 1563 193
1558 1576 128
1581 1608 223
1586 1625 296
1592 1626 286
1608 1650 139
1622 1635 153
1625 1673 94
1638 1655 1
1646 1675 166
1651 1654 167
1652 1661 72
1656 1675 228
1664 1687 12
1665 1701 229
1678 1688 23
1686 1723 270
1707 1750 36
1727 1734 121
1748 1781 127
1766 1780 48
1770 1787 90
1779 1791 32
1789 1792 270
1794 1815 89
1821 1867 117
1831 1863 80
1832 1846 113
1837 1863 283
1845 1852 104
1869 1905 131
1880 1906 57
1892 1926 246
1911 1925 228
1931 1963 143
1960 1999 1
1971 2020 266
1978 1993 138
2005 2017 4
2029 2076 222
2035 2057 138
2048 2097 195
2058 2097 175
2086 2108 179
2090 2123 120
2117 2125 248
2123 2161 42
2145 2165 3
2157 2188 272
2185 2204 96
2210 2243 156
2223 2256 287
2238 2273 202
2250 2289 287
2279 2280 74
2305 2324 108
2329 2338 25
2335 2369 96
2364 2372 233
2373 2404 196
2399 2401 237
2427 2442 245
2436 2443 34
2442 2453 140
2452 2492 38
2459 2466 237
2482 2483 247
2483 2524 104
2498 2535 168
2521 2555 10
2545 2594 148
2570 2587 24
2575 2614 152
2584 2593 238
2596 2622 190
2614 2654 255
2618 2622 257
2618 2661 162
2631 2674 190
2655 2658 62
2662 2711 12
2670 2682 289
2698 2699 271
2726 2755 105
2740 2748 57
2762 2798 17
2777 2792 26
2779 2829 15
2805 2814 173
2805 2843 101
2834 2859 199
2862 2900 289
2874 2911 271
2892 2936 299
2896 2917 169
2899 2934 215
2915 2947 117
2930 2978 120
2948 2982 60
2965 2980 134
2994 3042 142
3013 3063 210
3015 3034 46
3026 3067 89
3028 3039 229
3043 3045 299
3046 3086 31
3068 3111 254
3075 3115 217
3097 3117 57
3114 3129 83
3124 3152 62
3152 3171 31
3182 3232 77
3199 3233 83
3226 3246 184
3226 3229 225
3248 3270 212
3259 3300 232
3276 3313 236
3277 3299 75
3304 3306 74
3334 3360 31
3349 3380 11
3374 3407 297
3399 3448 296
3411 3448 148
3425 3430 181
3435 3444 7
3459 3482 265
3469 3510 138
3470 3518 120
3496 3526 84
3518 3531 56
3530 3535 268
3533 3559 185
3551 3591 299
3554 3588 242
3561 3592 138
3581 3619 126
3584 3592 217
3591 3638 263
3602 3618 9
3620 3644 84
3642 3671 22
3659 3691 284
3682 3714 119
3703 3746 128
3717 3728 6
3726 3773 9
3743 3771 123
3747 3774 62
3768 3775 130
3774 3793 12
3780 3801 147
3787 3836 19
3803 3811 14
3831 3868 148
3856 3866 189
3886 3928 141
3914 3924 262
3932 3933 146
3960 3963 56
3970 4018 256
3976 3979 101
3988 4030 124
3991 4002 169
4003 4010 145
4013 4018 23
4016 4051 80
4029 4046 31
4056 4081 121
4066 4106 188
4074 4102 173
4088 4120 188
4098 4122 259
4115 4158 271
4132 4152 274
4144 4148 174
4147 4160 16
4165 4213 257
4169 4206 280
4199 4215 217
4200 4243 31
4211 4246 244
4241 4261 95
4250 4282 56
4257 4271 140
4274 4281 76
4292 4333 10
4313 4325 23
4343 4355 185
4354 4358 199
4379 4420 251
4399 4405 169
4410 4418 243
4412 4438 183
4422 4423 38
4429 4460 214
4436 4440 81
4463 4469 111
4467 4509 143
4478 4498 268
4489 4526 169
4519 4545 204
4537 4550 276
4556 4560 13
4563 4566 230
4589 4602 165
4615 4661 240
4632 4667 75
4633 4664 151
4663 4668 292
4667 4681 66
4670 4677 292
4685 4722 125
4708 4728 34
4725 4751 20
4736 4738 106
4759 4796 23
4780 4783 14
4793 4809 140
4810 4819 33
4836 4879 256
4847 4882 212
4854 4896 288
4856 4881 114
4884 4919 149
4911 4938 300
4912 4957 193
4914 4942 49
4941 4961 44
4962 4979 300
4967 4998 103
4967 5000 95
4972 5004 149
4974 5024 136
4979 4984 150
4980 5001 233
4982 4999 209
5004 5036 67
5024 5063 273
5039 5079 177
5050 5085 150
5069 5070 211
5073 5109 187
5096 5117 143
5101 5138 97
5119 5150 72
5122 5167 280
5141 5153 300
5147 5155 175
5149 5155 160
5163 5197 284
5171 5187 86
5188 5235 49
5211 5220 19
5225 5274 124
5246 5285 254
5247 5288 202
5272 5294 160
5291 5338 285
5300 5318 159
5311 5314 82
5324 5371 181
5330 5356 108
5347 5395 92
5372 5403 216
5395 5436 199
5396 5432 199
5402 5412 9
5417 5467 69
5444 5478 193
5470 5513 142
5481 5482 198
5511 5547 146
5531 5571 270
5547 5569 190
5552 5600 158
5570 5605 54
5571 5610 239
5578 5586 35
5606 5613 121
5615 5662 204
5625 5661 179
5647 5676 152
5673 5702 32
5689 5711 11
5711 5717 200
5732 5771 109
5736 5782 203
5737 5756 108
5744 5769 253
5751 5769 47
5774 5813 45
5794 5844 132
5804 5836 131
5806 5815 84
5820 5869 49
5821 5868 238
5825 5863 163
5852 5875 213
5856 5903 118
5866 5882 257
5873 5923 285
5897 5913 194
5905 5916 296
5933 5968 87
5961 5967 111
5973 5975 42
5987 6037 47
6009 6056 112
6010 6045 36
6030 6058 251
6035 6056 40
6045 6086 212
6055 6064 138
6081 6114 25
6102 6117 185
6121 6168 268
6121 6128 153
6143 6182 253
6166 6212 174
6194 6205 42
6224 6260 102
6244 6246 46
6260 6300 170
6261 6270 104
6288 6323 238
6308 6326 144
6337 6338 247
6340 6357 55
6366 6391 45
6370 6402 180
6388 6427 59
6415 6463 157
6424 6433 173
6440 6441 262
6468 6517 100
6475 6493 203
6477 6510 171
6494 6525 73
6500 6502 183
6528 6555 86
6532 6574 146
6562 6563 263
6574 6594 223
6579 6592 209
6608 6631 253
6623 6649 76
6648 6669 115
6653 6677 221
6656 6706 47
6684 6731 32
6711 6748 1
6729 6740 299
6743 6789 224
6761 6783 271
6765 6798 144
6785 6810 160
6810 6824 121
6837 6877 94
6853 6897 141
6856 6858 122
6860 6895 213
6886 6922 269
6907 6947 194
6927 6967 202
6931 6945 252
6931 6970 252
6935 6953 14
6961 7006 108
6972 7009 241
7000 7034 240
7010 7038 157
7015 7047 151
7042 7064 32
7064 7102 221
7076 7082 165
7090 7137 245
7118 7131 281
7122 7148 214
7126 7162 237
7135 7162 251
7139 7144 81
7166 7179 259
7183 7221 114
7207 7234 36
