500
28 68 203
45 54 64
65 80 128
66 96 83
89 135 81
99 117 286
126 173 136
127 154 148
134 183 264
160 184 275
171 178 270
188 194 27
204 220 295
234 248 20
262 276 61
263 264 156
289 312 211
291 314 33
300 307 211
306 325 14
330 348 192
336 341 285
360 385 300
364 377 19
370 398 36
371 373 287
374 416 234
381 387 79
392 436 30
415 465 132
425 462 299
451 496 264
472 482 265
479 524 119
488 507 50
506 529 51
528 565 179
551 593 211
562 596 99
585 598 72
585 615 113
606 633 127
621 624 70
648 673 26
661 691 109
681 721 99
685 699 204
686 728 273
700 709 191
711 719 246
722 750 66
733 778 215
737 745 161
742 743 211
752 775 288
760 762 167
769 800 115
773 805 123
803 838 135
822 872 102
850 857 168
868 916 154
875 882 116
878 908 57
892 899 38
903 918 151
903 908 80
929 939 10
936 951 57
963 1001 26
965 966 28
988 1020 119
990 1015 18
1003 1026 72
1020 1053 140
1048 1059 122
1052 1094 241
1053 1092 135
1053 1069 58
1053 1061 267
1073 1102 51
1074 1079 54
1086 1127 105
1101 1106 221
1125 1170 81
1125 1136 35
1147 1151 215
1157 1195 146
1175 1223 169
1192 1211 226
1211 1260 65
1213 1220 71
1233 1267 64
1248 1279 265
1271 1319 132
1293 1295 130
1315 1322 234
1317 1360 87
1343 1361 147
1367 1372 140
1390 1418 122
1401 1425 247
1421 1430 147
1423 1469 292
1433 1472 91
1461 1508 161
1470 1502 155
1480 1485 128
1504 1508 32
1520 1569 73
1529 1576 55
1532 1573 294
1551 1584 112
1554 1566 255
1574 1593 31
1576 1597 263
1598 1601 176
1615 1645 59
1625 1638 22
1641 1690 279
1655 1682 158
1672 1719 98
1673 1692 278
1703 1720 150
1703 1712 279
1733 1781 280
1733 1744 172
1762 1775 280
1782 1799 22
1790 1795 192
1792 1823 139
1822 1838 114
1848 1858 218
1855 1902 86
1871 1913 291
1896 1922 21
1905 1935 246
1907 1926 51
1924 1960 300
1947 1973 118
1958 1965 72
1979 2002 167
1979 2003 5
1984 1990 241
1999 2011 280
2000 2036 268
2022 2059 238
2032 2047 246
2043 2060 108
2057 2106 220
2068 2100 266
2075 2102 120
2090 2127 9
2091 2140 145
2110 2117 177
2120 2132 35
2134 2173 220
2162 2171 66
2179 2191 289
2206 2252 191
2234 2275 13
2249 2281 67
2273 2312 45
2302 2346 246
2327 2353 136
2350 2371 104
2370 2399 13
2376 2403 201
2391 2441 90
2406 2414 118
2431 2439 8
2434 2449 185
2456 2483 230
2467 2487 42
2491 2511 22
2521 2548 240
2529 2547 274
2549 2580 86
2560 2609 169
2576 2582 182
2600 2602 15
2607 2616 295
2612 2652 10
2617 2643 28
2647 2661 112
2650 2652 183
2672 2694 32
2700 2728 83
2705 2708 47
2706 2745 220
2708 2750 20
2724 2743 169
2738 2765 216
2750 2779 157
2778 2816 44
2804 2845 120
2812 2836 257
2820 2869 19
2834 2838 300
2840 2888 129
2850 2900 223
2862 2902 252
2883 2898 222
2905 2920 88
2928 2962 278
2947 2982 55
2955 3005 231
2978 2989 29
2995 2997 300
3013 3055 6
3017 3025 30
3025 3044 290
3044 3089 263
3070 3107 42
3088 3094 49
3097 3109 299
3121 3125 228
3145 3155 235
3166 3169 75
3167 3209 45
3191 3208 175
3194 3199 182
3224 3244 23
3236 3279 130
3260 3291 151
3280 3324 132
3305 3333 297
3330 3364 210
3346 3349 238
3354 3397 45
3363 3366 286
3365 3399 185
3374 3405 17
3395 3443 62
3411 3423 266
3422 3446 22
3446 3465 68
3461 3483 262
3468 3517 241
3470 3501 35
3485 3530 12
3486 3523 189
3496 3512 106
3497 3543 249
3498 3542 238
3514 3527 247
3529 3532 260
3539 3552 210
3547 3556 73
3547 3554 150
3548 3558 88
3574 3616 296
3597 3647 3
3623 3665 200
3636 3646 146
3656 3663 121
3670 3689 196
3685 3686 171
3707 3714 270
3725 3741 273
3755 3791 22
3759 3804 280
3770 3782 178
3789 3820 6
3793 3834 96
3805 3838 182
3822 3858 70
3836 3883 256
3840 3870 233
3852 3868 52
3873 3905 236
3884 3925 14
3890 3940 42
3906 3911 59
3929 3949 153
3959 4003 214
3959 4008 271
3963 4001 19
3983 4003 185
3993 4014 168
4012 4032 89
4026 4075 136
4051 4097 126
4072 4111 238
4084 4132 94
4111 4158 183
4112 4144 238
4141 4160 199
4158 4185 227
4175 4188 40
4201 4222 77
4205 4212 231
4232 4257 18
4235 4267 149
4242 4280 183
4262 4309 220
4283 4325 217
4304 4334 277
4307 4347 186
4327 4334 37
4350 4395 50
4363 4393 221
4387 4423 49
4417 4427 161
4440 4472 30
4468 4493 158
4471 4478 170
4484 4498 78
4497 4520 263
4502 4545 283
4512 4529 212
4536 4580 300
4564 4606 208
4580 4581 89
4597 4637 278
4603 4619 181
4606 4627 33
4612 4645 68
4616 4637 223
4618 4625 297
4622 4671 68
4648 4681 236
4673 4687 131
4676 4707 14
4695 4701 85
4721 4761 149
4743 4747 164
4765 4815 151
4765 4786 196
4777 4796 178
4801 4817 92
4827 4840 288
4838 4884 3
4853 4899 34
4862 4874 57
4876 4885 6
4887 4936 101
4903 4949 38
4909 4955 234
4927 4932 138
4931 4955 109
4951 4987 268
4971 4981 183
4992 5034 103
5013 5041 244
5035 5085 267
5043 5088 52
5070 5113 210
5085 5127 112
5094 5138 167
5102 5121 233
5108 5113 89
5127 5147 93
5129 5153 183
5148 5164 226
5158 5202 237
5167 5193 179
5178 5200 245
5207 5214 2
5236 5278 114
5265 5282 221
5277 5300 299
5285 5302 69
5307 5355 118
5316 5335 51
5342 5361 7
5368 5384 43
5387 5400 144
5414 5423 90
5418 5421 86
5431 5436 194
5444 5464 251
5453 5468 266
5471 5503 16
5500 5519 58
5529 5540 265
5533 5582 275
5546 5591 224
5567 5596 6
5573 5592 223
5590 5619 1
5593 5631 92
5621 5663 296
5636 5637 214
5643 5672 109
5665 5713 74
5670 5710 95
5679 5708 85
5681 5699 293
5692 5724 280
5717 5745 168
5719 5727 160
5747 5756 131
5752 5753 25
5769 5793 238
5777 5815 93
5800 5807 244
5825 5852 220
5838 5856 296
5842 5848 258
5863 5876 121
5888 5895 203
5891 5931 293
5913 5930 20
5920 5928 262
5929 5945 258
5959 5986 147
5961 5982 73
5978 6011 20
5980 5984 114
6008 6020 293
6037 6053 295
6062 6096 40
6078 6107 120
6102 6108 261
6108 6142 38
6134 6174 47
6150 6198 94
6155 6205 281
6184 6211 132
6206 6215 142
6222 6235 117
6241 6245 199
6243 6264 137
6252 6285 79
6281 6327 30
6281 6293 195
6302 6304 299
6302 6341 166
6306 6327 286
6306 6348 47
6311 6328 198
6327 6344 100
6344 6391 230
6370 6409 90
6399 6408 147
6399 6410 223
6409 6425 213
6411 6452 78
6422 6470 260
6439 6473 21
6448 6493 25
6473 6494 34
6496 6521 105
6512 6540 208
6531 6543 175
6551 6572 234
6577 6602 54
6577 6622 207
6596 6604 144
6625 6654 295
6654 6663 216
6665 6684 163
6676 6695 266
6701 6719 138
6709 6732 26
6727 6763 131
6755 6761 44
6785 6821 271
6791 6815 221
6817 6860 132
6835 6848 226
6846 6873 266
6873 6880 27
6903 6913 26
6922 6925 140
6931 6977 228
6932 6958 8
6943 6992 4
6972 7011 229
7002 7008 11
7014 7024 109
7015 7061 11
7043 7088 195
7063 7072 276
7083 7125 90
7089 7118 61
7089 7111 47
7095 7129 96
7121 7163 24
7126 7147 187
7145 7170 167
7164 7180 240
7186 7199 120
7204 7219 59
7226 7259 81
7250 7284 36
7260 7264 268
7278 7281 163
7282 7321 8
7282 7321 3
7303 7336 19
7328 7339 282
7329 7332 144
7332 7345 295
7353 7383 19
7382 7391 3
7393 7430 213
7401 7439 136
7403 7404 159
