500
12 33 85
14 26 96
35 37 276
62 112 185
80 114 281
107 124 298
109 126 116
113 149 280
134 136 139
135 152 284
164 211 78
190 229 264
218 227 116
237 273 291
253 286 81
257 277 40
265 293 180
294 301 216
304 327 29
310 342 298
331 344 150
343 387 279
346 390 236
347 370 260
347 389 200
347 393 121
376 412 159
378 383 10
384 403 98
391 413 40
403 432 179
421 455 296
436 464 61
460 485 191
465 497 167
492 509 193
502 537 269
512 550 157
536 582 155
554 603 250
583 628 192
611 636 65
633 650 165
651 668 233
670 683 229
694 718 193
712 761 160
738 744 146
763 813 16
767 771 190
782 802 68
810 813 37
827 866 101
829 844 98
830 869 247
840 873 30
840 876 292
846 854 116
853 876 151
865 884 247
869 900 25
898 928 58
912 940 198
935 961 294
964 1011 210
985 1034 6
985 993 247
1013 1055 65
1025 1029 125
1034 1042 121
1059 1062 288
1072 1090 146
1096 1109 271
1097 1119 125
1111 1161 145
1137 1187 248
1151 1164 35
1162 1196 181
1173 1176 241
1195 1220 64
1207 1246 3
1211 1229 117
1221 1244 51
1243 1277 136
1267 1306 184
1293 1303 160
1301 1330 203
1306 1319 296
1306 1339 54
1314 1319 181
1332 1369 7
1337 1350 129
1349 1399 278
1379 1409 279
1381 1408 71
1390 1404 35
1413 1449 67
1434 1461 155
1442 1449 22
1470 1510 94
1498 1544 273
1507 1516 178
1532 1544 85
1544 1550 8
1550 1574 110
1551 1597 98
1567 1580 298
1576 1598 163
1593 1615 107
1621 1670 50
1632 1657 269
1643 1668 24
1652 1653 110
1682 1724 156
1683 1719 91
1692 1730 204
1706 1743 288
1726 1762 145
1738 1788 258
1738 1768 190
1754 1790 143
1756 1778 184
1769 1807 253
1787 1804 31
1813 1848 175
1842 1888 58
1864 1868 292
1872 1876 42
1887 1928 28
1898 1906 16
1928 1948 106
1939 1985 1
1959 1982 57
1987 1993 298
2013 2033 141
2024 2047 147
2051 2088 166
2080 2122 187
2086 2100 77
2101 2146 105
2129 2153 169
2148 2175 214
2175 2179 195
2183 2203 89
2187 2221 291
2210 2214 233
2212 2220 245
2229 2241 171
2236 2246 148
2252 2272 75
2262 2294 242
2288 2308 106
2304 2327 52
2307 2355 65
2315 2355 106
2334 2378 165
2349 2387 108
2360 2379 232
2381 2427 19
2383 2387 193
2396 2425 162
2408 2418 136
2423 2444 230
2442 2486 31
2464 2508 190
2486 2517 139
2490 2493 217
2498 2548 164
2520 2529 233
2539 2546 174
2566 2582 225
2571 2613 208
2581 2618 142
2582 2597 92
2595 2634 275
2617 2631 288
2633 2661 108
2634 2638 46
2659 2683 262
2659 2698 117
2663 2689 257
2674 2685 247
2703 2753 115
2732 2751 37
2744 2748 229
2772 2783 52
2801 2805 164
2813 2860 157
2828 2844 213
2838 2859 25
2866 2881 12
2866 2877 196
2892 2916 61
2896 2946 68
2923 2936 75
2930 2960 154
2936 2980 137
2954 2958 285
2970 2975 201
2986 3030 77
2988 2990 7
2991 3031 165
3013 3021 54
3020 3046 26
3027 3039 112
3035 3083 227
3057 3100 91
3087 3109 197
3098 3123 122
3126 3139 33
3130 3170 182
3144 3191 249
3164 3204 107
3182 3210 267
3202 3240 145
3219 3226 295
3248 3280 180
3260 3267 259
3286 3299 126
3295 3319 116
3296 3316 249
3312 3356 79
3342 3373 135
3359 3367 288
3369 3419 204
3396 3404 259
3412 3447 149
3436 3459 33
3437 3482 34
3454 3504 5
3471 3519 133
3472 3478 109
3489 3515 183
3491 3535 223
3494 3523 140
3494 3528 161
3510 3533 158
3524 3544 195
3553 3591 163
3568 3595 60
3578 3626 72
3593 3601 74
3623 3632 34
3637 3642 222
3649 3670 263
3671 3696 96
3684 3704 195
3701 3745 266
3702 3733 276
3702 3722 278
3721 3726 30
3721 3760 200
3739 3775 134
3759 3798 193
3785 3798 287
3790 3800 181
3802 3831 31
3831 3854 250
3850 3884 158
3857 3902 293
3857 3859 167
3886 3919 217
3902 3932 250
3918 3951 169
3926 3934 144
3944 3991 102
3944 3970 13
3959 3980 238
3976 3994 14
3981 4001 11
3986 4013 138
3989 3992 142
4005 4029 6
4010 4014 250
4036 4084 280
4066 4104 184
4088 4128 147
4115 4128 247
4135 4153 251
4156 4193 282
4168 4169 16
4182 4227 261
4205 4231 4
4205 4218 24
4217 4252 4
4224 4235 237
4241 4290 151
4259 4275 288
4288 4296 248
4316 4355 204
4320 4329 260
4343 4369 220
4364 4411 82
4394 4436 245
4401 4421 215
4413 4420 30
4425 4451 64
4445 4489 153
4451 4456 258
4454 4472 256
4478 4507 214
4496 4510 285
4524 4573 74
4540 4551 188
4555 4571 211
4585 4591 254
4595 4628 38
4624 4668 130
4642 4649 235
4664 4703 247
4669 4698 250
4689 4711 132
4689 4732 178
4699 4745 20
4707 4721 193
4711 4759 82
4737 4740 139
4741 4760 79
4756 4763 22
4775 4792 246
4798 4840 245
4813 4854 205
4818 4859 155
4845 4885 29
4871 4891 138
4896 4938 47
4909 4921 112
4933 4964 196
4941 4982 114
4966 5015 217
4994 5012 219
5011 5034 141
5035 5082 284
5055 5075 239
5073 5090 201
5096 5112 11
5112 5124 162
5114 5124 290
5129 5140 48
5140 5157 271
5148 5189 16
5155 5184 202
5180 5218 10
5193 5243 46
5193 5216 272
5216 5255 50
5221 5237 192
5222 5260 272
5243 5273 25
5256 5301 275
5269 5301 209
5276 5322 186
5288 5337 103
5307 5356 3
5335 5367 89
5343 5382 94
5344 5345 65
5351 5393 180
5353 5367 3
5365 5385 106
5367 5377 87
5377 5402 176
5402 5416 158
5428 5466 254
5433 5439 133
5452 5468 207
5454 5486 212
5467 5513 161
5476 5492 185
5498 5543 135
5512 5545 228
5512 5555 137
5515 5558 146
5539 5572 3
5540 5549 108
5549 5582 51
5552 5567 190
5557 5588 11
5570 5575 289
5586 5607 104
5598 5639 206
5621 5627 295
5621 5634 232
5625 5668 162
5625 5651 207
5632 5640 71
5653 5698 243
5679 5689 23
5683 5728 278
5711 5719 88
5725 5739 110
5737 5764 146
5753 5803 259
5761 5762 74
5779 5805 88
5783 5828 113
5792 5818 119
5821 5823 284
5845 5883 97
5866 5884 178
5878 5908 73
5904 5908 213
5904 5908 203
5905 5936 231
5935 5960 178
5962 5988 142
5987 6023 286
6009 6057 248
6020 6058 201
6024 6053 9
6036 6067 108
6064 6110 168
6073 6113 211
6086 6130 115
6111 6161 152
6132 6148 119
6161 6195 117
6171 6183 120
6177 6202 187
6188 6190 226
6195 6219 258
6215 6226 96
6234 6281 214
6254 6267 221
6264 6299 64
6292 6324 218
6302 6346 28
6311 6328 265
6320 6352 95
6331 6370 44
6355 6370 42
6377 6418 252
6398 6399 8
6427 6442 40
6452 6453 96
6454 6459 79
6467 6504 206
6483 6518 144
6486 6507 48
6488 6530 225
6489 6527 67
6491 6525 170
6506 6512 78
6522 6546 194
6548 6576 186
6555 6602 150
6582 6631 3
6597 6614 253
6627 6666 235
6650 6696 277
6657 6691 236
6657 6703 215
6671 6681 69
6686 6712 22
6709 6758 291
6710 6735 152
6735 6772 112
6764 6791 35
6771 6811 7
6801 6816 205
6810 6817 25
6838 6845 83
6866 6870 85
6884 6893 257
6900 6945 135
6915 6932 109
6945 6965 260
6963 6996 30
6981 7029 274
6996 7001 298
7003 7027 152
7006 7023 238
7035 7059 134
7044 7079 58
7066 7074 51
7083 7099 208
7099 7144 121
7115 7130 165
7136 7139 191
7164 7212 43
7164 7192 213
7175 7223 103
7193 7205 197
7212 7213 263
7220 7229 283
7229 7249 134
7240 7242 262
7243 7263 286
7264 7269 196
7288 7331 293
7295 7296 66
7314 7340 45
7328 7351 183
7344 7393 103
7368 7410 63
7373 7378 47
7376 7378 53
7404 7429 188
7405 7417 297
7417 7445 11
