500
20 21 177
32 75 188
62 64 159
88 94 16
109 136 154
110 149 163
118 135 96
140 181 253
140 172 188
164 165 218
194 195 282
203 205 42
233 265 175
262 279 83
268 312 216
288 312 272
304 316 260
306 339 274
335 372 250
362 394 232
386 391 109
395 437 177
397 413 52
410 453 145
437 456 70
446 492 74
456 472 149
470 510 263
477 513 207
486 496 129
508 530 98
534 554 153
540 588 116
541 549 287
552 579 164
580 587 53
580 617 1
594 606 187
613 620 164
629 642 109
643 683 245
667 686 18
686 705 37
708 730 244
732 745 185
759 793 143
777 799 243
803 813 222
805 823 74
814 834 286
837 872 101
858 899 290
883 900 7
890 897 223
895 913 206
915 943 174
926 934 42
938 965 123
950 981 205
964 997 278
989 992 36
999 1037 179
1027 1047 216
1032 1039 80
1062 1101 191
1080 1116 221
1089 1113 233
1114 1142 184
1138 1153 209
1142 1173 115
1150 1186 213
1161 1199 101
1185 1201 144
1215 1260 215
1238 1251 173
1241 1288 20
1259 1290 33
1288 1336 243
1318 1363 181
1328 1363 11
1332 1334 176
1332 1379 220
1341 1355 9
1366 1381 236
1387 1424 151
1397 1406 186
1398 1414 141
1398 1439 94
1399 1440 103
1399 1414 253
1423 1452 8
1447 1489 298
1461 1500 268
1486 1526 78
1495 1532 25
1513 1539 57
1521 1570 160
1545 1564 232
1559 1578 220
1561 1577 196
1586 1619 51
1595 1640 153
1595 1612 35
1612 1622 1
1642 1656 261
1672 1711 75
1687 1695 295
1715 1757 23
1724 1773 292
1750 1783 113
1757 1764 23
1763 1765 86
1781 1819 111
1785 1794 288
1794 1835 225
1794 1821 94
1801 1846 48
1803 1835 260
1829 1849 274
1848 1873 6
1876 1879 170
1892 1903 54
1908 1929 186
1908 1946 274
1918 1963 138
1936 1985 276
1961 1985 227
1966 1998 21
1976 2025 130
1978 2006 32
2002 2033 255
2023 2046 266
2024 2041 133
2029 2078 96
2037 2038 283
2043 2080 153
2049 2074 172
2069 2102 204
2081 2094 61
2090 2133 150
2100 2106 179
2116 2134 207
2118 2129 54
2126 2138 19
2156 2192 112
2181 2227 79
2205 2247 70
2221 2227 15
2236 2252 240
2261 2309 45
2278 2318 104
2296 2345 268
2323 2370 83
2335 2342 227
2340 2354 259
2341 2371 282
2344 2357 123
2368 2377 199
2385 2401 78
2413 2456 216
2432 2471 229
2443 2473 85
2448 2498 98
2475 2490 159
2498 2522 166
2526 2574 292
2527 2549 96
2543 2580 284
2543 2569 152
2544 2573 128
2570 2571 210
2587 2604 298
2595 2639 105
2611 2621 259
2638 2688 238
2666 2677 300
2669 2701 257
2693 2743 10
2701 2724 14
2726 2765 298
2733 2776 106
2735 2759 268
2736 2757 234
2756 2761 288
2768 2811 283
2781 2787 127
2789 2811 239
2818 2862 137
2831 2835 157
2842 2856 277
2872 2895 140
2891 2916 50
2917 2947 35
2941 2963 19
2946 2953 76
2959 3002 123
2977 2991 106
3007 3056 208
3028 3052 104
3044 3093 290
3065 3102 17
3091 3119 69
3117 3150 40
3121 3125 183
3134 3167 292
3137 3138 84
3142 3169 263
3143 3175 140
3163 3204 180
3174 3194 299
3183 3198 235
3189 3237 19
3213 3227 230
3237 3252 133
3237 3271 267
3250 3277 123
3276 3301 234
3278 3310 81
3279 3280 47
3286 3302 62
3309 3327 155
3338 3377 116
3362 3363 136
3386 3404 95
3395 3439 209
3423 3457 153
3445 3476 30
3471 3493 230
3484 3519 37
3488 3516 38
3514 3557 279
3519 3536 99
3520 3543 137
3532 3565 242
3546 3569 18
3563 3597 97
3576 3586 235
3589 3624 169
3598 3622 233
3601 3629 240
3602 3620 275
3623 3628 23
3639 3654 132
3654 3685 190
3656 3670 295
3668 3682 281
3673 3720 271
3698 3736 71
3723 3736 140
3726 3750 41
3728 3730 30
3747 3763 260
3764 3795 285
3772 3809 132
3773 3804 171
3798 3837 127
3809 3844 264
3815 3865 77
3825 3864 139
3854 3880 178
3863 3906 218
3881 3895 245
3896 3912 127
3924 3934 210
3935 3970 98
3939 3946 195
3948 3996 259
3976 3990 3
3979 4023 171
4002 4006 78
4026 4068 126
4031 4060 240
4035 4046 53
4058 4089 62
4061 4093 143
4077 4114 220
4101 4114 171
4110 4137 258
4133 4153 249
4161 4192 151
4185 4210 143
4204 4215 295
4234 4263 126
4245 4265 115
4261 4276 227
4272 4314 215
4279 4305 69
4296 4319 53
4313 4344 126
4315 4338 191
4322 4339 236
4343 4392 119
4355 4397 277
4385 4404 291
4385 4389 13
4395 4402 199
4418 4447 200
4440 4441 181
4464 4511 201
4465 4489 253
4486 4489 232
4514 4516 98
4524 4541 76
4533 4535 69
4539 4577 257
4556 4601 208
4583 4628 256
4588 4613 167
4610 4633 143
4614 4615 131
4641 4664 168
4645 4647 180
4653 4669 168
4677 4720 42
4687 4694 262
4699 4742 225
4708 4742 185
4717 4766 103
4745 4757 172
4757 4770 156
4766 4806 190
4783 4786 154
4811 4818 171
4835 4875 289
4839 4883 94
4848 4868 67
4850 4884 170
4857 4879 170
4862 4876 76
4873 4922 175
4892 4902 214
4905 4937 71
4919 4937 95
4938 4962 99
4956 4979 298
4979 5022 68
5006 5035 266
5010 5043 35
5028 5043 4
5058 5069 233
5064 5087 219
5094 5142 223
5109 5118 197
5125 5140 248
5140 5173 173
5151 5195 234
5167 5212 127
5178 5189 168
5185 5222 213
5211 5234 55
5222 5259 167
5234 5269 67
5246 5280 172
5258 5260 82
5282 5299 2
5293 5299 120
5304 5353 29
5324 5372 112
5332 5335 239
5358 5371 12
5380 5384 267
5396 5402 229
5398 5422 16
5417 5466 142
5421 5431 84
5449 5477 173
5456 5475 295
5473 5502 248
5503 5521 2
5512 5531 274
5542 5592 227
5552 5559 22
5561 5603 173
5581 5612 78
5590 5640 53
5591 5623 82
5621 5633 255
5635 5675 117
5637 5676 246
5655 5674 146
5677 5682 176
5690 5692 26
5691 5717 44
5698 5745 87
5717 5730 2
5717 5743 53
5737 5754 175
5745 5764 120
5759 5805 215
5763 5798 179
5769 5813 243
5773 5821 94
5798 5828 227
5819 5833 15
5830 5851 86
5853 5899 44
5875 5914 240
5905 5926 296
5922 5972 243
5924 5943 245
5946 5962 283
5960 5972 181
5964 5997 125
5985 6008 258
5998 6013 24
6010 6042 28
6020 6060 199
6020 6066 291
6042 6055 171
6072 6086 34
6088 6136 149
6111 6112 25
6135 6152 105
6147 6153 117
6155 6184 180
6165 6170 69
6175 6198 294
6190 6208 165
6198 6208 201
6222 6247 167
6236 6279 261
6256 6304 146
6283 6303 29
6311 6349 141
6319 6322 113
6344 6391 202
6355 6400 114
6358 6364 161
6378 6396 190
6400 6420 190
6416 6450 77
6424 6428 130
6426 6471 215
6440 6467 71
6448 6458 259
6457 6469 281
6485 6499 160
6505 6513 24
6511 6556 182
6527 6533 28
6542 6579 3
6548 6560 30
6570 6619 188
6578 6585 240
6588 6591 122
6608 6652 67
6626 6670 44
6633 6636 103
6662 6685 191
6692 6740 193
6709 6756 181
6737 6775 188
6747 6781 99
6762 6783 95
6782 6818 241
6795 6823 168
6823 6868 185
6842 6890 268
6863 6864 179
6868 6889 143
6871 6876 120
6880 6917 3
6902 6923 102
6931 6954 56
6939 6968 50
6966 6970 256
6978 7011 154
6994 7043 265
7010 7046 212
7036 7042 196
7048 7088 40
7076 7086 152
7105 7152 72
7119 7139 273
7125 7150 253
7130 7176 153
7145 7190 199
7161 7182 152
7171 7179 89
7180 7221 273
7199 7208 255
7219 7242 41
7243 7286 297
7268 7299 259
7287 7329 155
7302 7339 253
7303 7304 21
7326 7328 15
7353 7365 59
7359 7399 286
7368 7397 212
7387 7417 106
7396 7443 179
7416 7441 130
7438 7461 93
7446 7457 70
7469 7500 19
7492 7531 69
7493 7514 290
7501 7505 11
