500
1 22 120
7 52 236
25 63 227
46 60 2
47 89 126
47 95 21
71 117 51
78 91 291
107 149 55
113 122 100
138 178 56
139 167 65
158 160 24
183 222 249
195 243 8
211 225 177
241 248 169
245 266 259
255 264 14
265 266 131
291 340 275
316 339 203
323 333 259
349 372 244
373 422 9
381 411 94
409 411 47
438 456 272
457 504 76
459 468 85
470 471 202
493 539 11
508 509 297
528 565 91
541 544 157
555 577 283
583 631 288
589 634 207
610 630 169
630 639 47
645 690 172
664 683 233
666 695 265
680 699 291
680 688 128
680 701 191
710 716 39
711 755 127
719 764 200
737 768 243
763 770 218
790 838 177
810 836 143
827 846 268
841 878 197
856 901 173
860 894 219
868 914 55
891 901 209
909 959 273
911 940 113
928 976 3
931 959 97
940 987 222
958 968 24
986 1034 63
1007 1026 263
1008 1010 242
1016 1064 161
1017 1027 109
1030 1054 21
1030 1037 180
1053 1058 201
1075 1117 141
1086 1103 57
1097 1106 37
1125 1130 164
1140 1169 64
1148 1197 261
1166 1196 243
1194 1236 155
1207 1218 80
1220 1235 244
1240 1286 93
1258 1259 228
1270 1317 78
1289 1329 159
1294 1330 285
1320 1338 201
1328 1350 182
1349 1387 291
1370 1402 7
1386 1417 156
1406 1430 122
1433 1447 154
1452 1468 285
1473 1512 97
1479 1513 118
1500 1527 245
1516 1525 74
1529 1555 136
1529 1556 65
1544 1549 298
1552 1595 203
1573 1598 235
1601 1638 242
1622 1668 34
1644 1678 208
1664 1672 122
1688 1716 144
1705 1711 278
1716 1740 191
1718 1724 134
1748 1786 62
1777 1786 292
1807 1856 257
1822 1824 104
1824 1874 50
1849 1855 4
1869 1879 176
1888 1922 278
1888 1937 237
1888 1904 257
1915 1937 93
1926 1955 91
1933 1973 258
1948 1960 267
1971 2008 262
1991 1992 152
2019 2051 244
2025 2028 264
2033 2080 208
2061 2073 24
2087 2137 191
2094 2132 90
2118 2163 217
2147 2154 2
2171 2184 271
2191 2213 224
2191 2225 209
2220 2252 43
2228 2248 171
2256 2284 112
2263 2285 40
2282 2302 247
2293 2325 112
2308 2346 16
2319 2330 179
2348 2379 244
2352 2388 85
2372 2398 105
2381 2413 155
2395 2437 139
2406 2447 211
2430 2469 115
2444 2476 14
2458 2499 277
2469 2489 274
2493 2520 1
2497 2534 53
2515 2544 202
2541 2557 228
2567 2581 230
2592 2622 199
2598 2637 246
2621 2651 103
2628 2664 120
2643 2670 233
2667 2679 205
2685 2689 235
2691 2694 22
2707 2715 151
2735 2737 106
2763 2803 291
2787 2812 189
2790 2812 252
2815 2862 135
2839 2864 97
2854 2888 299
2878 2910 269
2887 2928 146
2888 2916 112
2917 2928 274
2944 2947 76
2961 2980 159
2970 2997 227
2984 3024 83
3013 3038 83
3028 3056 198
3038 3040 9
3058 3085 233
3075 3098 210
3092 3099 165
3095 3130 270
3124 3135 152
3148 3183 261
3151 3157 82
3152 3188 46
3162 3171 65
3163 3209 47
3183 3193 119
3202 3209 177
3222 3231 156
3240 3287 205
3252 3294 111
3264 3286 255
3294 3331 132
3323 3364 225
3330 3354 283
3345 3387 79
3361 3377 89
3379 3421 299
3392 3411 25
3395 3437 243
3425 3441 38
3445 3492 222
3460 3499 79
3488 3515 264
3511 3535 113
3541 3575 92
3545 3594 86
3574 3597 183
3596 3627 136
3603 3644 198
3615 3617 211
3626 3654 287
3632 3656 299
3644 3690 268
3649 3697 287
3678 3693 150
3687 3689 21
3688 3691 232
3707 3743 283
3716 3730 139
3739 3784 186
3755 3802 213
3758 3792 250
3785 3796 179
3790 3833 185
3818 3824 124
3818 3842 10
3848 3867 160
3877 3913 151
3879 3881 41
3900 3931 288
3930 3949 58
3953 3993 159
3976 4021 258
3993 4010 193
3993 4018 216
4019 4026 209
4031 4078 27
4049 4069 141
4053 4056 190
4060 4099 78
4073 4106 16
4078 4094 250
4093 4115 213
4115 4141 34
4141 4190 280
4141 4145 215
4160 4209 118
4175 4188 168
4202 4234 241
4203 4252 241
4220 4225 56
4228 4253 98
4253 4276 149
4282 4308 68
4300 4320 269
4305 4355 127
4317 4366 58
4317 4348 154
4317 4347 287
4343 4365 210
4371 4417 7
4397 4402 184
4398 4418 76
4416 4459 230
4435 4449 265
4455 4496 238
4456 4468 66
4462 4465 74
4464 4484 73
4494 4513 179
4497 4521 193
4500 4503 33
4500 4513 1
4507 4525 110
4510 4523 126
4518 4538 159
4526 4573 49
4526 4539 293
4533 4535 193
4545 4559 203
4568 4572 272
4595 4612 29
4617 4627 273
4621 4666 42
4643 4676 184
4670 4696 244
4697 4721 122
4720 4748 289
4744 4758 42
4772 4784 76
4788 4807 72
4815 4851 138
4844 4871 212
4869 4875 19
4884 4925 172
4884 4909 126
4898 4929 239
4908 4916 180
4936 4983 171
4960 4977 252
4971 4979 229
4985 4999 118
5003 5022 115
5017 5021 142
5026 5033 244
5053 5097 132
5072 5118 97
5082 5108 242
5088 5098 97
5105 5150 130
5132 5134 127
5146 5168 171
5171 5214 148
5180 5202 285
5208 5254 267
5225 5229 111
5254 5274 214
5262 5265 90
5268 5306 46
5269 5288 125
5295 5336 142
5295 5318 52
5320 5326 99
5327 5337 119
5338 5358 98
5355 5392 66
5379 5414 107
5393 5395 255
5422 5460 16
5442 5463 84
5453 5503 66
5482 5508 189
5497 5547 293
5511 5527 205
5529 5543 275
5543 5571 78
5570 5584 62
5571 5620 71
5600 5626 190
5611 5636 93
5640 5657 279
5658 5676 36
5674 5718 168
5676 5677 187
5688 5722 209
5704 5750 288
5704 5706 153
5704 5713 131
5714 5717 90
5726 5752 216
5753 5760 141
5782 5810 102
5800 5807 196
5818 5847 211
5838 5855 22
5866 5902 212
5891 5923 259
5896 5938 53
5913 5948 178
5925 5945 202
5946 5977 66
5969 5983 36
5980 6011 24
5993 5995 164
6019 6067 4
6048 6096 77
6070 6079 140
6097 6129 215
6119 6169 190
6124 6157 204
6136 6182 124
6141 6167 39
6144 6178 103
6155 6158 277
6176 6180 186
6194 6234 77
6219 6236 268
6219 6235 84
6235 6285 159
6237 6269 105
6240 6274 60
6258 6308 19
6288 6325 295
6309 6348 245
6323 6372 206
6330 6331 21
6347 6366 32
6360 6375 144
6378 6417 243
6396 6415 226
6420 6431 155
6429 6431 231
6430 6459 38
6451 6463 268
6470 6515 283
6474 6478 18
6501 6519 259
6516 6551 148
6536 6586 150
6561 6596 104
6578 6600 242
6599 6624 35
6618 6640 57
6644 6689 188
6662 6703 262
6686 6689 181
6715 6747 144
6718 6734 72
6732 6771 218
6758 6768 293
6770 6793 285
6791 6834 170
6797 6812 144
6823 6847 108
6841 6865 284
6862 6890 124
6864 6885 192
6865 6906 146
6865 6914 233
6873 6917 177
6885 6887 129
6906 6927 177
6922 6969 88
6931 6966 136
6937 6979 45
6963 6976 137
6991 7008 61
6994 7043 98
7018 7021 213
7038 7041 165
7042 7092 61
7044 7092 185
7061 7093 289
7076 7086 38
7101 7137 102
7102 7121 189
7109 7138 298
7127 7147 30
7139 7174 151
7140 7148 220
7169 7213 194
7181 7193 104
7192 7223 4
7211 7217 6
7237 7245 259
7241 7242 271
7253 7277 85
7275 7291 141
7296 7298 41
7304 7334 258
7318 7340 249
7337 7368 168
7352 7397 143
7359 7398 276
7371 7409 62
7374 7385 249
7401 7431 189
7420 7426 64
7432 7437 233
7434 7455 230
7447 7490 79
7455 7457 50
7475 7500 239
7476 7511 297
7505 7509 11
7528 7577 119
7547 7569 289
7562 7567 77
7571 7604 278
7571 7620 236
7595 7639 121
7610 7632 52
7622 7636 287
7639 7646 296
7669 7717 220
7695 7732 29
7702 7703 70
7716 7733 275
7722 7728 155
7729 7777 142
7756 7780 239
7774 7806 28
7785 7808 80
7789 7791 264
7803 7831 175
