500
7 43 239
27 75 51
54 71 155
69 106 148
95 129 191
117 129 181
126 140 287
130 142 179
160 200 247
183 207 107
193 217 235
218 225 53
244 290 183
250 260 297
276 319 164
288 338 190
308 329 120
312 335 211
312 318 89
321 352 292
340 385 153
346 349 187
357 401 251
368 400 58
376 399 57
397 442 155
419 421 195
426 444 85
435 483 36
451 500 90
475 497 37
483 488 286
492 511 291
515 516 179
532 581 260
554 581 112
562 577 62
583 626 268
604 635 70
628 664 224
635 644 256
641 691 64
654 683 58
656 664 264
668 670 118
698 723 111
723 740 91
740 748 98
760 786 187
774 783 235
778 797 45
800 807 266
808 816 194
812 833 109
832 872 173
862 877 156
884 894 181
912 923 258
917 956 246
930 935 107
957 963 193
959 999 104
962 991 107
971 980 123
990 998 159
999 1022 162
1021 1049 93
1039 1044 153
1042 1086 184
1044 1094 162
1051 1057 48
1075 1079 40
1086 1093 72
1090 1094 156
1105 1128 37
1120 1141 228
1136 1158 138
1154 1180 34
1158 1173 225
1186 1233 12
1200 1247 233
1223 1258 85
1236 1282 229
1249 1264 100
1262 1307 64
1276 1277 277
1278 1289 208
1307 1334 246
1332 1351 121
1355 1399 209
1365 1411 10
1380 1399 112
1398 1443 10
1418 1431 25
1438 1467 58
1442 1462 80
1466 1488 63
1489 1492 177
1495 1501 135
1523 1539 293
1549 1560 264
1552 1602 44
1576 1598 71
1606 1631 226
1613 1636 211
1637 1650 130
1649 1692 255
1672 1702 286
1681 1711 240
1706 1720 81
1707 1709 139
1729 1739 138
1752 1789 177
1773 1809 79
1783 1800 178
1813 1827 160
1824 1866 72
1836 1872 257
1858 1907 158
1870 1905 183
1881 1915 8
1885 1929 121
1911 1943 15
1923 1969 25
1940 1961 216
1958 1988 71
1987 2031 239
2013 2014 209
2025 2064 158
2052 2071 240
2079 2118 65
2103 2137 186
2132 2152 266
2134 2169 192
2164 2178 52
2173 2178 244
2177 2197 145
2204 2246 23
2230 2238 122
2245 2270 298
2270 2280 164
2270 2300 38
2300 2341 273
2315 2323 49
2330 2356 78
2344 2368 48
2365 2406 239
2383 2425 187
2401 2449 55
2430 2470 200
2456 2484 22
2456 2506 121
2468 2505 99
2494 2536 6
2494 2501 48
2513 2516 81
2537 2563 155
2556 2567 124
2572 2584 244
2582 2587 240
2592 2630 147
2600 2633 7
2612 2647 71
2625 2673 134
2627 2669 233
2652 2686 154
2664 2691 201
2666 2681 139
2680 2701 272
2685 2710 188
2714 2738 80
2727 2768 200
2755 2800 17
2768 2799 62
2774 2790 187
2795 2826 263
2807 2815 105
2836 2849 43
2866 2888 53
2869 2880 183
2893 2920 151
2921 2970 211
2943 2987 101
2970 3018 21
2970 2997 296
2990 3018 233
3013 3036 199
3032 3051 33
3044 3056 127
3049 3093 175
3064 3097 27
3091 3137 244
3093 3135 67
3104 3111 177
3124 3146 55
3127 3133 128
3128 3151 106
3131 3161 119
3160 3185 25
3179 3195 245
3191 3196 44
3197 3221 276
3201 3231 154
3202 3232 43
3224 3228 114
3240 3279 266
3269 3299 200
3297 3341 49
3304 3307 276
3306 3307 129
3327 3350 118
3346 3380 57
3349 3363 292
3349 3394 63
3352 3368 240
3382 3409 263
3402 3413 23
3407 3422 119
3408 3437 57
3430 3433 148
3444 3488 107
3462 3479 297
3466 3480 232
3496 3537 27
3503 3540 61
3528 3556 247
3554 3594 66
3559 3577 258
3565 3569 44
3583 3621 21
3584 3622 77
3612 3644 61
3635 3667 208
3645 3661 220
3675 3702 203
3687 3725 114
3710 3718 213
3713 3734 260
3727 3772 201
3728 3762 277
3738 3788 127
3741 3763 147
3752 3772 218
3756 3791 135
3782 3804 265
3803 3818 261
3825 3846 77
3826 3830 108
3853 3872 118
3878 3906 116
3897 3929 241
3911 3948 68
3924 3929 94
3937 3951 197
3949 3972 102
3969 4009 24
3988 3995 86
3995 4021 48
4013 4061 150
4031 4037 122
4057 4084 247
4079 4104 183
4083 4109 85
4113 4144 259
4136 4148 293
4147 4165 62
4164 4165 74
4189 4237 203
4195 4239 17
4204 4232 246
4229 4233 231
4234 4279 115
4256 4282 192
4262 4312 24
4279 4284 11
4309 4333 49
4329 4374 42
4345 4378 8
4368 4417 200
4390 4430 25
4406 4425 290
4427 4472 203
4430 4477 115
4456 4482 250
4472 4492 269
4489 4503 138
4514 4548 260
4524 4561 84
4551 4566 110
4564 4582 27
4587 4635 208
4594 4632 206
4610 4652 146
4612 4618 214
4635 4645 95
4656 4674 244
4674 4691 239
4693 4717 58
4695 4738 127
4707 4753 270
4731 4735 16
4733 4753 154
4753 4785 196
4770 4781 80
4800 4820 15
4826 4843 113
4855 4876 110
4884 4920 132
4905 4918 279
4914 4918 113
4937 4952 15
4945 4989 148
4973 4974 278
4976 4985 158
4981 5030 268
4989 5032 81
4995 5030 219
5002 5047 78
5009 5051 80
5017 5021 4
5021 5031 205
5046 5053 222
5066 5074 275
5080 5108 278
5104 5127 39
5119 5134 113
5148 5169 26
5148 5189 111
5176 5223 218
5187 5234 115
5203 5241 204
5225 5266 167
5246 5294 190
5250 5298 137
5266 5277 235
5272 5293 253
5280 5300 215
5288 5338 145
5318 5323 170
5337 5380 191
5362 5381 164
5391 5421 88
5409 5413 266
5433 5481 55
5445 5466 29
5464 5513 16
5491 5530 93
5503 5506 224
5518 5552 149
5537 5573 176
5551 5573 167
5566 5616 126
5575 5608 152
5596 5601 155
5598 5623 252
5621 5623 124
5630 5662 153
5644 5683 267
5650 5659 127
5655 5699 184
5683 5714 288
5694 5717 68
5720 5768 94
5735 5784 158
5745 5787 228
5773 5785 49
5796 5818 119
5810 5842 289
5810 5850 113
5814 5823 117
5831 5877 64
5841 5888 170
5855 5864 225
5856 5880 51
5872 5918 297
5901 5933 290
5918 5951 202
5927 5948 55
5938 5985 223
5954 5955 40
5961 6008 7
5970 5980 284
5992 6019 14
6012 6034 71
6034 6060 235
6056 6086 104
6059 6078 52
6064 6098 74
6075 6115 248
6085 6098 30
6112 6116 68
6129 6140 133
6156 6180 258
6185 6228 45
6210 6222 89
6230 6262 83
6245 6275 65
6254 6281 41
6269 6279 232
6290 6314 274
6296 6344 145
6322 6338 124
6352 6393 111
6377 6389 137
6387 6435 109
6388 6434 283
6405 6434 62
6426 6451 33
6429 6435 73
6436 6450 233
6447 6448 229
6465 6491 116
6469 6515 247
6479 6482 171
6494 6498 129
6510 6560 111
6537 6569 280
6563 6612 229
6571 6602 22
6592 6595 144
6603 6632 240
6621 6652 23
6622 6635 174
6630 6661 109
6648 6658 272
6663 6701 159
6675 6683 202
6681 6706 272
6709 6744 204
6728 6730 266
6735 6774 27
6741 6764 82
6753 6803 275
6775 6800 23
6778 6790 104
6793 6806 117
6808 6854 46
6829 6835 20
6845 6890 86
6868 6900 236
6892 6898 12
6895 6921 163
6903 6930 75
6916 6928 179
6942 6952 39
6962 6986 99
6969 6995 111
6992 7001 150
6993 7029 270
7010 7011 20
7024 7063 87
7044 7048 24
7074 7110 121
7093 7126 174
7097 7145 228
7111 7144 80
7123 7124 120
7148 7185 276
7161 7188 64
7181 7220 7
7191 7220 69
7198 7229 297
7226 7232 77
7249 7254 155
7271 7280 131
7298 7345 215
7323 7330 133
7323 7366 89
7348 7394 239
7357 7390 162
7382 7401 131
7402 7404 79
7429 7465 45
7446 7487 25
7476 7477 124
7496 7545 11
7521 7534 236
7534 7568 142
7557 7602 299
7566 7596 114
7587 7603 132
7605 7632 171
7620 7651 199
7628 7660 232
7651 7654 131
7681 7687 248
7701 7728 74
7726 7742 237
7732 7743 117
7757 7789 121
7778 7807 121
7800 7840 103
7830 7865 81
7831 7856 293
7843 7860 62
7854 7903 147
7874 7912 21
7874 7885 184
7886 7918 277
7886 7908 16
