500
27 42 111
41 76 56
60 85 278
68 101 239
96 121 54
100 136 283
129 152 264
154 203 133
168 188 128
192 231 198
212 227 157
212 218 143
222 256 8
236 238 251
266 270 273
271 305 53
294 335 265
314 344 231
337 350 256
352 370 176
356 393 270
359 368 259
380 385 169
397 416 178
424 451 27
428 462 159
432 466 263
446 448 189
461 499 242
475 504 44
497 518 160
524 553 197
533 556 241
550 596 168
556 604 182
573 584 237
591 639 144
616 662 52
631 679 248
639 683 76
652 683 113
679 697 11
707 736 166
710 715 161
733 778 12
754 770 256
778 786 113
782 791 246
796 797 83
819 858 268
823 861 191
844 867 159
859 869 201
871 891 43
885 895 94
890 913 143
896 919 23
919 937 177
930 969 187
930 950 127
956 971 116
986 1002 208
994 1011 125
1012 1049 5
1027 1066 300
1047 1055 143
1061 1095 222
1081 1127 251
1102 1131 43
1123 1128 69
1132 1133 264
1151 1196 159
1176 1218 24
1179 1206 249
1192 1219 152
1217 1246 170
1246 1254 3
1274 1277 35
1303 1349 215
1329 1346 81
1346 1381 129
1362 1399 270
1367 1395 244
1374 1418 161
1387 1410 231
1392 1406 228
1410 1453 100
1432 1433 229
1461 1499 192
1462 1497 30
1467 1489 271
1479 1496 91
1497 1531 64
1505 1546 168
1515 1538 288
1529 1549 191
1550 1578 53
1565 1589 79
1569 1617 298
1578 1593 209
1589 1637 216
1606 1614 244
1606 1607 193
1632 1647 249
1658 1692 162
1658 1672 33
1682 1694 272
1688 1719 142
1694 1742 157
1694 1697 39
1712 1742 85
1715 1756 208
1718 1745 85
1740 1770 151
1766 1810 88
1794 1829 107
1818 1840 278
1834 1853 59
1839 1886 238
1852 1887 235
1863 1907 220
1870 1873 100
1880 1898 216
1906 1943 76
1920 1940 58
1935 1971 204
1939 1969 59
1957 1985 70
1966 1985 60
1992 2040 185
1992 2021 261
1997 2023 273
2018 2033 232
2019 2050 196
2019 2020 290
2041 2070 94
2056 2103 267
2074 2083 219
2084 2098 247
2109 2133 178
2133 2179 165
2138 2160 117
2153 2183 286
2183 2191 55
2207 2228 248
2234 2251 215
2235 2255 202
2248 2250 84
2252 2259 267
2277 2324 196
2302 2311 102
2307 2324 34
2321 2332 151
2331 2333 292
2332 2352 208
2333 2348 195
2333 2374 172
2346 2392 42
2364 2403 84
2377 2380 138
2396 2436 146
2421 2455 46
2436 2469 202
2436 2459 33
2436 2452 235
2455 2470 4
2469 2500 162
2487 2534 3
2509 2515 236
2533 2557 3
2542 2580 153
2565 2610 95
2573 2590 78
2586 2599 67
2601 2638 182
2631 2663 44
2659 2696 262
2678 2686 264
2699 2749 285
2724 2746 184
2741 2781 162
2756 2790 240
2775 2805 130
2781 2789 263
2807 2839 93
2837 2848 287
2841 2883 111
2856 2864 53
2857 2888 75
2875 2890 68
2881 2890 150
2900 2918 289
2906 2915 50
2915 2960 251
2934 2948 229
2935 2978 290
2938 2965 43
2955 2975 283
2963 2997 279
2966 2972 283
2972 2992 295
3002 3034 200
3028 3076 220
3030 3063 93
3035 3073 136
3064 3074 75
3067 3115 168
3076 3108 276
3102 3134 202
3128 3154 265
3151 3169 193
3157 3183 141
3186 3188 85
3189 3201 187
3205 3224 186
3235 3285 2
3263 3267 51
3269 3280 43
3283 3300 75
3295 3308 159
3322 3359 216
3352 3382 163
3380 3404 2
3390 3396 21
3398 3433 228
3412 3420 122
3438 3469 231
3455 3461 211
3462 3475 11
3479 3489 196
3509 3520 20
3531 3575 271
3548 3579 149
3569 3580 67
3598 3612 295
3610 3658 154
3623 3648 278
3641 3659 219
3665 3687 265
3667 3704 43
3687 3699 156
3707 3713 235
3732 3738 73
3758 3806 161
3767 3805 289
3767 3785 5
3787 3803 87
3799 3843 33
3817 3863 109
3831 3845 247
3845 3887 218
3865 3903 228
3892 3898 104
3902 3918 246
3926 3946 10
3938 3940 22
3955 3998 67
3965 3991 94
3979 4003 143
3981 3982 68
3995 4001 6
3997 4028 106
3997 4046 126
4018 4034 104
4037 4051 254
4063 4100 26
4067 4073 96
4075 4122 211
4090 4094 179
4111 4158 89
4120 4138 48
4143 4184 170
4144 4168 258
4154 4204 81
4181 4196 232
4210 4239 113
4227 4270 153
4248 4253 72
4277 4298 111
4285 4305 197
4302 4346 207
4326 4369 151
4350 4355 191
4372 4414 106
4374 4406 192
4375 4422 138
4379 4422 182
4400 4450 43
4410 4423 97
4439 4489 25
4439 4480 66
4444 4455 242
4445 4462 262
4472 4485 76
4497 4531 55
4506 4524 225
4515 4552 191
4526 4537 111
4556 4589 237
4582 4609 268
4611 4620 129
4627 4656 183
4643 4679 182
4661 4678 26
4671 4716 71
4678 4713 147
4680 4704 91
4681 4708 93
4692 4728 183
4722 4745 243
4742 4775 21
4756 4783 297
4773 4819 260
4782 4791 101
4786 4819 132
4801 4846 132
4821 4835 274
4823 4839 47
4848 4875 296
4870 4899 189
4897 4915 284
4914 4931 251
4918 4942 7
4925 4954 166
4926 4941 211
4941 4972 21
4946 4969 134
4959 4971 19
4978 4999 210
4999 5012 177
5028 5077 111
5047 5057 298
5055 5077 143
5060 5107 299
5065 5081 48
5082 5113 244
5093 5124 128
5105 5150 189
5119 5132 148
5119 5125 222
5135 5177 229
5154 5181 142
5181 5198 147
5190 5235 17
5215 5263 201
5241 5259 169
5268 5318 2
5272 5299 220
5290 5328 89
5295 5344 199
5313 5359 150
5338 5385 58
5360 5393 54
5383 5390 114
5412 5456 210
5413 5435 253
5413 5460 206
5437 5444 233
5448 5487 119
5468 5505 178
5472 5498 277
5479 5485 175
5504 5552 259
5533 5541 184
5556 5562 201
5560 5578 113
5585 5601 27
5614 5621 73
5622 5627 213
5648 5665 81
5649 5691 156
5656 5678 296
5670 5683 286
5672 5678 201
5682 5714 191
5694 5722 162
5711 5760 292
5738 5741 271
5740 5785 144
5763 5808 104
5788 5828 1
5807 5817 270
5816 5843 135
5816 5822 104
5822 5853 257
5836 5858 161
5853 5889 208
5860 5881 38
5863 5883 102
5884 5904 271
5913 5920 231
5929 5939 284
5933 5971 154
5955 5983 144
5984 6012 14
5998 6017 269
6012 6030 6
6028 6074 266
6047 6067 139
6057 6068 96
6085 6102 234
6103 6111 170
6115 6157 78
6122 6171 91
6146 6149 259
6164 6192 172
6171 6200 122
6199 6224 69
6225 6273 182
6234 6279 96
6239 6260 21
6243 6276 152
6248 6283 134
6269 6318 240
6297 6323 61
6300 6329 155
6317 6318 70
6325 6347 129
6352 6393 169
6373 6403 61
6385 6424 299
6397 6420 150
6408 6415 81
6428 6463 115
6430 6473 147
6442 6479 180
6448 6480 67
6475 6520 233
6505 6543 86
6506 6548 46
6529 6556 264
6551 6600 177
6580 6627 280
6588 6602 116
6590 6638 52
6597 6625 272
6623 6668 283
6645 6694 285
6660 6678 140
6690 6723 293
6716 6759 145
6745 6751 67
6745 6790 94
6774 6787 96
6780 6782 103
6782 6787 191
6792 6797 64
6805 6829 183
6833 6839 264
6860 6891 9
6877 6927 103
6886 6921 210
6903 6953 269
6930 6947 99
6935 6948 103
6962 6963 139
6979 7002 169
7005 7030 183
7023 7025 267
7035 7053 18
7045 7080 58
7058 7073 86
7075 7115 175
7097 7128 52
7105 7123 236
7105 7147 294
7106 7114 11
7120 7162 95
7124 7163 22
7127 7136 69
7156 7170 239
7180 7226 188
7189 7229 128
7195 7234 264
7197 7223 47
7197 7198 170
7206 7221 151
7230 7260 241
7258 7307 162
7284 7334 101
7311 7346 186
7333 7361 235
7359 7363 283
7362 7369 30
7392 7438 11
7395 7421 45
7423 7455 114
7444 7472 160
7449 7487 9
7458 7501 112
7466 7475 296
7474 7523 46
7484 7508 79
7507 7537 97
7517 7534 185
7536 7559 143
7538 7575 159
7553 7603 232
7580 7601 199
7581 7624 77
