500
3 38 111
33 46 31
33 37 63
41 76 137
50 80 153
52 86 277
65 70 1
81 108 165
109 134 38
120 153 48
127 150 93
147 186 9
176 214 75
191 192 227
198 200 87
226 254 198
240 247 181
246 262 292
246 258 18
261 264 191
272 304 28
281 304 69
294 314 275
305 333 24
314 322 117
328 376 68
345 379 167
370 384 147
399 437 83
425 466 107
453 457 25
457 472 47
464 481 80
480 513 89
488 504 280
517 567 271
517 539 130
528 530 69
541 589 223
565 598 169
575 606 289
601 651 175
625 662 213
637 649 126
666 686 202
693 728 169
702 738 210
728 734 213
741 761 122
770 803 31
794 802 116
816 836 86
842 856 84
867 900 166
893 902 23
901 904 159
927 954 196
955 966 245
961 963 185
987 1025 160
994 1016 54
1007 1057 189
1010 1037 115
1022 1025 82
1032 1082 11
1058 1061 223
1072 1073 195
1086 1089 59
1097 1104 14
1119 1140 65
1149 1189 128
1166 1193 203
1172 1211 262
1195 1237 203
1215 1218 40
1234 1251 99
1236 1280 192
1258 1302 94
1288 1317 175
1309 1342 49
1337 1351 155
1367 1404 107
1394 1406 157
1409 1419 135
1422 1433 36
1423 1444 137
1436 1467 35
1441 1471 138
1459 1481 86
1472 1503 189
1476 1496 85
1486 1517 150
1504 1546 183
1531 1566 71
1534 1535 181
1550 1573 35
1567 1598 127
1577 1616 136
1585 1613 81
1604 1618 57
1634 1637 163
1640 1672 145
1666 1699 173
1667 1677 107
1683 1727 73
1701 1728 285
1708 1727 11
1709 1756 299
1715 1739 299
1740 1765 75
1754 1781 77
1755 1759 100
1782 1828 232
1802 1836 236
1813 1860 15
1815 1853 258
1824 1831 179
1836 1837 252
1862 1900 17
1883 1918 264
1911 1919 17
1934 1979 51
1938 1948 262
1960 1963 4
1981 2023 3
2005 2047 105
2018 2021 286
2038 2043 198
2041 2066 112
2053 2074 6
2078 2117 283
2106 2118 265
2122 2168 266
2148 2185 12
2158 2192 271
2179 2192 299
2185 2199 238
2190 2192 164
2197 2213 151
2222 2224 65
2233 2259 264
2248 2286 6
2265 2277 164
2280 2326 191
2292 2307 280
2320 2355 66
2335 2344 255
2356 2384 204
2373 2405 165
2393 2398 82
2393 2430 111
2393 2440 273
2423 2443 84
2424 2460 264
2449 2467 54
2476 2487 243
2487 2492 101
2505 2519 210
2509 2514 13
2525 2539 203
2536 2586 192
2542 2592 145
2570 2617 174
2577 2624 10
2606 2632 21
2611 2634 75
2620 2668 154
2631 2648 55
2647 2656 204
2667 2682 102
2684 2734 155
2684 2734 297
2692 2716 174
2722 2752 132
2730 2767 47
2748 2791 148
2763 2786 86
2792 2831 108
2819 2844 94
2831 2846 202
2848 2880 5
2853 2897 115
2861 2909 213
2870 2888 128
2888 2906 177
2897 2917 173
2902 2928 281
2906 2924 293
2923 2943 103
2949 2997 71
2973 2987 291
2996 3005 251
3000 3014 115
3011 3044 26
3036 3046 24
3062 3093 198
3071 3115 77
3074 3112 136
3085 3104 108
3087 3126 270
3109 3115 231
3117 3127 191
3131 3165 10
3131 3180 40
3134 3173 207
3143 3189 89
3152 3191 115
3180 3219 93
3206 3229 17
3214 3240 123
3236 3259 263
3254 3267 195
3284 3290 99
3294 3306 163
3317 3348 273
3319 3339 38
3333 3377 287
3353 3380 254
3380 3402 211
3399 3449 297
3404 3418 183
3413 3414 169
3424 3451 46
3452 3495 251
3481 3509 178
3501 3545 202
3509 3534 298
3520 3556 144
3541 3574 179
3563 3605 152
3579 3621 97
3587 3593 27
3589 3601 226
3617 3620 145
3618 3647 257
3635 3670 177
3658 3676 121
3660 3676 104
3668 3685 190
3672 3673 247
3682 3715 24
3690 3698 149
3715 3728 272
3717 3745 299
3721 3744 242
3739 3754 22
3759 3786 287
3763 3767 111
3793 3840 14
3800 3803 277
3809 3845 186
3837 3871 153
3854 3904 178
3870 3914 186
3890 3933 20
3899 3932 171
3901 3941 156
3926 3974 196
3939 3940 84
3947 3971 32
3970 4006 99
3999 4026 132
4008 4041 57
4018 4019 71
4034 4079 82
4046 4077 298
4065 4074 156
4070 4073 227
4080 4128 203
4088 4116 29
4094 4100 149
4117 4162 226
4140 4181 280
4168 4216 153
4175 4177 299
4203 4237 120
4216 4228 205
4231 4237 255
4231 4236 181
4260 4267 166
4288 4323 294
4316 4347 47
4332 4337 216
4334 4366 45
4334 4345 198
4352 4402 92
4368 4374 272
4384 4407 234
4412 4414 181
4430 4459 269
4441 4469 267
4456 4500 3
4460 4461 23
4479 4503 291
4480 4506 246
4506 4536 47
4513 4556 144
4523 4567 52
4541 4581 181
4564 4575 57
4591 4607 220
4598 4605 60
4611 4635 156
4641 4683 23
4664 4703 250
4684 4709 273
4703 4712 272
4707 4725 292
4724 4763 251
4754 4790 47
4761 4784 197
4766 4794 141
4795 4818 2
4804 4812 44
4823 4830 212
4848 4882 162
4878 4911 145
4891 4892 293
4921 4938 157
4945 4991 261
4956 4993 118
4975 5020 273
4994 5011 213
5001 5005 240
5020 5058 104
5027 5057 205
5031 5044 250
5053 5086 148
5075 5108 188
5096 5099 231
5118 5159 142
5125 5151 168
5152 5170 279
5153 5157 145
5179 5195 39
5191 5223 44
5219 5235 30
5233 5265 3
5247 5291 97
5257 5282 262
5277 5312 198
5286 5323 207
5315 5331 89
5332 5382 184
5344 5351 63
5348 5361 13
5364 5408 174
5394 5432 6
5404 5446 68
5423 5457 256
5450 5479 180
5476 5486 297
5495 5509 227
5521 5545 125
5538 5542 268
5557 5566 10
5559 5602 124
5563 5579 230
5567 5609 57
5579 5627 170
5605 5646 287
5632 5670 8
5650 5691 103
5652 5679 146
5659 5676 219
5682 5719 119
5706 5737 54
5728 5758 103
5750 5771 193
5758 5802 176
5774 5800 10
5776 5778 116
5794 5841 149
5804 5830 295
5807 5818 24
5811 5853 146
5818 5835 210
5846 5866 87
5854 5875 219
5860 5888 275
5864 5881 248
5889 5923 96
5915 5928 244
5929 5971 43
5953 5961 212
5967 5996 130
5991 6020 93
6021 6069 212
6049 6083 122
6058 6072 64
6066 6071 92
6066 6078 284
6067 6092 102
6095 6142 266
6099 6105 110
6123 6169 20
6147 6162 189
6156 6191 140
6186 6201 35
6192 6213 199
6216 6221 177
6223 6243 53
6223 6257 37
6230 6265 84
6238 6273 165
6241 6288 185
6271 6311 241
6299 6308 207
6323 6350 2
6340 6374 135
6352 6361 164
6367 6377 200
6386 6427 177
6401 6448 253
6431 6433 262
6431 6474 269
6449 6468 197
6469 6502 279
6493 6507 197
6520 6543 227
6525 6559 150
6551 6552 295
6557 6563 99
6585 6586 233
6600 6630 258
6623 6665 175
6649 6654 76
6655 6689 98
6683 6709 53
6688 6691 247
6707 6717 19
6723 6759 96
6727 6770 115
6756 6806 130
6772 6805 234
6774 6796 174
6798 6835 133
6805 6839 135
6832 6842 291
6832 6868 44
6837 6884 20
6866 6896 4
6878 6921 11
6883 6898 83
6883 6932 25
6884 6902 202
6893 6925 203
6895 6917 37
6903 6916 273
6924 6936 163
6945 6953 45
6957 6959 207
6972 6995 58
6975 7011 45
6997 7031 123
7010 7052 233
7025 7061 84
7025 7057 291
7031 7055 136
7031 7059 55
7035 7047 213
7064 7093 296
7065 7096 114
7090 7120 203
7108 7137 21
7130 7145 268
7140 7176 31
7153 7175 224
7160 7177 122
7166 7191 211
7180 7200 189
7180 7226 29
7186 7232 105
7204 7227 154
7215 7250 124
7237 7275 178
7261 7277 212
7277 7327 160
7301 7304 121
7311 7356 22
7339 7369 205
7350 7396 108
7357 7361 209
7362 7365 199
7372 7400 275
7392 7435 10
7393 7426 237
7414 7440 241
7423 7473 1
7430 7444 104
7458 7469 267
7463 7480 156
7488 7533 234
7516 7561 208
7543 7589 158
7563 7571 100
7589 7613 120
7611 7645 13
7632 7673 277
7638 7682 226
