500
5 29 113
14 44 81
33 53 293
48 66 174
78 112 79
83 107 32
83 121 269
103 153 275
133 151 253
150 183 230
160 208 235
176 195 240
200 241 246
202 246 47
231 271 186
243 279 284
252 281 252
255 300 76
256 267 111
260 291 40
263 305 166
272 313 17
279 317 225
309 337 225
310 333 263
340 370 120
366 367 145
391 420 150
417 418 101
440 485 297
442 484 191
465 489 125
470 480 39
477 503 282
507 547 88
511 539 220
513 514 239
515 544 191
535 584 28
563 567 288
576 577 231
599 646 182
628 668 190
637 685 114
643 649 30
672 703 205
681 700 96
706 727 290
708 723 28
722 730 3
748 775 109
769 812 144
779 782 211
797 829 191
819 842 105
839 882 105
847 850 70
876 913 140
900 912 234
906 941 22
926 964 60
953 961 267
969 984 243
996 1045 160
1024 1073 81
1050 1067 207
1062 1092 201
1075 1100 79
1096 1124 266
1101 1129 198
1104 1123 149
1122 1154 8
1140 1184 234
1148 1181 87
1160 1177 274
1167 1188 195
1169 1191 141
1180 1197 87
1207 1250 224
1218 1245 28
1247 1281 5
1271 1310 262
1283 1312 223
1309 1358 3
1312 1338 21
1312 1331 61
1327 1360 252
1328 1365 254
1335 1358 81
1337 1343 215
1357 1368 165
1357 1380 298
1368 1386 39
1373 1421 180
1401 1403 100
1418 1436 22
1418 1464 96
1434 1447 194
1455 1458 73
1477 1516 18
1479 1506 174
1485 1498 255
1504 1527 94
1511 1556 279
1518 1521 67
1546 1550 275
1574 1581 197
1593 1639 133
1600 1650 28
1614 1635 149
1616 1648 276
1646 1675 73
1672 1722 270
1686 1708 222
1694 1715 294
1721 1734 297
1734 1744 89
1757 1803 297
1770 1786 80
1771 1786 270
1784 1812 242
1784 1829 51
1793 1829 153
1814 1863 134
1822 1847 246
1844 1867 222
1873 1900 240
1890 1922 149
1896 1911 224
1925 1948 264
1943 1964 244
1962 1984 171
1969 2004 85
1982 2016 163
2002 2020 174
2002 2007 162
2022 2024 5
2044 2091 183
2065 2095 50
2075 2121 245
2088 2108 197
2091 2112 73
2102 2149 158
2119 2128 197
2139 2164 7
2139 2145 250
2163 2177 117
2173 2221 142
2189 2211 138
2191 2194 173
2191 2214 30
2216 2256 187
2219 2245 3
2246 2265 172
2267 2303 91
2271 2319 282
2276 2280 36
2291 2293 87
2308 2322 104
2315 2343 28
2341 2375 98
2365 2383 157
2368 2373 251
2379 2406 75
2407 2417 17
2418 2436 26
2440 2477 275
2451 2479 273
2453 2495 65
2474 2510 101
2483 2524 95
2502 2521 34
2530 2573 290
2554 2595 292
2557 2589 8
2570 2609 123
2575 2602 107
2589 2596 109
2600 2612 86
2600 2614 153
2605 2654 70
2606 2620 216
2619 2635 275
2648 2681 86
2662 2674 267
2689 2724 275
2718 2748 2
2729 2748 86
2755 2793 102
2780 2810 208
2795 2828 5
2822 2831 291
2841 2856 143
2861 2879 61
2877 2912 142
2895 2932 113
2925 2949 197
2926 2931 35
2947 2972 69
2948 2985 219
2953 3001 187
2968 3011 138
2985 3000 225
3006 3015 229
3023 3025 275
3046 3076 232
3065 3097 236
3091 3112 178
3114 3124 297
3121 3153 292
3142 3160 69
3170 3220 82
3175 3190 292
3185 3191 66
3190 3198 77
3195 3230 286
3220 3260 38
3225 3260 158
3247 3256 215
3276 3318 142
3306 3321 196
3307 3324 137
3326 3362 51
3326 3352 166
3331 3340 280
3346 3374 39
3357 3375 18
3361 3367 248
3364 3410 197
3368 3405 103
3384 3411 224
3396 3416 86
3422 3471 46
3432 3460 155
3462 3510 92
3483 3510 4
3493 3517 63
3498 3523 174
3521 3554 291
3543 3545 106
3571 3621 54
3588 3615 138
3616 3649 246
3632 3665 152
3642 3653 84
3644 3649 96
3657 3705 86
3657 3703 120
3665 3707 192
3666 3713 130
3679 3722 297
3684 3690 219
3695 3736 180
3721 3733 112
3728 3769 70
3728 3768 95
3743 3761 298
3772 3812 44
3801 3848 221
3828 3875 234
3857 3885 172
3870 3896 292
3886 3926 156
3886 3894 38
3900 3936 196
3901 3934 194
3924 3973 67
3926 3939 40
3951 3993 174
3952 3968 282
3976 4010 215
4005 4018 125
4030 4050 21
4051 4059 147
4058 4071 147
4059 4096 246
4082 4132 137
4111 4125 142
4140 4156 158
4150 4187 175
4180 4188 92
4204 4236 289
4208 4235 192
4208 4220 42
4219 4222 261
4223 4259 49
4237 4280 286
4260 4280 74
4276 4325 152
4299 4335 263
4303 4305 140
4312 4317 81
4341 4361 299
4371 4419 171
4388 4389 189
4411 4437 146
4417 4435 40
4422 4449 123
4451 4453 140
4467 4477 87
4480 4492 95
4496 4539 270
4501 4546 38
4510 4517 130
4518 4562 75
4537 4562 5
4549 4589 269
4569 4585 246
4595 4639 105
4606 4624 182
4623 4626 81
4634 4665 237
4661 4708 234
4664 4696 261
4673 4703 21
4676 4705 219
4692 4742 133
4707 4714 246
4723 4735 226
4723 4726 259
4744 4760 187
4758 4789 89
4758 4789 258
4781 4804 37
4801 4806 9
4819 4821 80
4820 4856 159
4844 4877 249
4873 4875 49
4878 4920 208
4896 4905 17
4903 4916 285
4919 4948 212
4941 4989 47
4969 4975 107
4984 5017 151
5000 5042 99
5002 5014 280
5020 5026 269
5027 5029 100
5040 5053 150
5045 5055 278
5055 5061 115
5081 5128 229
5106 5111 243
5126 5136 289
5148 5168 203
5162 5197 272
5192 5238 33
5193 5206 207
5199 5243 203
5227 5258 26
5235 5277 193
5247 5269 51
5253 5271 269
5282 5296 135
5293 5326 183
5296 5321 36
5325 5374 143
5335 5372 259
5337 5368 22
5358 5393 59
5373 5413 142
5389 5409 208
5389 5436 214
5392 5419 13
5397 5411 59
5397 5441 76
5402 5428 133
5412 5459 39
5439 5451 209
5450 5468 35
5473 5505 183
5502 5533 286
5506 5520 188
5511 5535 232
5514 5529 169
5516 5552 159
5523 5547 185
5542 5556 69
5570 5608 234
5583 5588 230
5609 5654 25
5628 5671 275
5650 5664 43
5654 5659 269
5655 5662 264
5676 5718 55
5691 5718 128
5699 5723 17
5709 5750 224
5721 5744 7
5721 5744 230
5726 5736 167
5751 5761 28
5777 5815 48
5789 5820 65
5811 5833 109
5814 5815 186
5843 5844 49
5870 5878 21
5886 5912 51
5897 5908 111
5920 5952 270
5930 5967 230
5951 5959 124
5951 5979 244
5968 6013 61
5991 6036 88
6012 6053 223
6023 6067 13
6043 6073 59
6066 6071 248
6084 6109 185
6104 6144 286
6126 6157 121
6148 6169 199
6148 6182 105
6167 6215 141
6179 6199 202
6209 6249 31
6239 6253 54
6258 6288 206
6286 6333 173
6298 6313 150
6316 6350 8
6339 6355 203
6357 6362 223
6379 6393 236
6402 6412 295
6410 6435 273
6431 6446 141
6456 6480 134
6473 6474 92
6478 6528 246
6497 6510 80
6512 6543 14
6512 6556 94
6522 6529 117
6547 6570 236
6573 6596 141
6576 6585 235
6588 6634 135
6591 6600 207
6602 6647 16
6605 6627 240
6610 6649 220
6629 6646 59
6648 6656 209
6663 6695 262
6687 6713 281
6688 6697 259
6693 6731 216
6704 6744 118
6732 6753 148
6762 6793 295
6764 6772 279
6771 6813 240
6787 6799 102
6791 6796 231
6808 6831 255
6811 6855 203
6841 6846 211
6841 6869 281
6855 6898 242
6873 6875 55
6873 6891 133
6889 6918 204
6903 6923 169
6922 6926 12
6952 6964 190
6971 6991 164
6987 7015 277
7003 7036 118
7003 7039 236
7015 7035 116
7030 7045 253
7037 7069 131
7044 7088 12
7074 7087 96
7076 7121 5
7077 7098 293
7085 7117 93
7109 7132 165
7133 7170 233
7133 7148 232
7162 7164 224
7189 7220 202
7208 7235 194
7235 7239 133
7243 7274 258
7270 7315 259
7281 7289 207
7306 7316 212
7332 7364 211
7355 7363 291
7360 7386 42
7381 7415 292
7400 7414 1
7403 7448 248
