500
16 66 95
44 54 208
49 90 50
66 75 253
68 70 131
95 133 41
114 115 121
122 143 147
141 166 225
163 177 146
178 202 283
198 242 295
217 263 195
217 256 52
247 276 81
252 262 22
253 276 22
272 285 157
279 323 47
295 306 105
303 316 242
307 340 88
331 360 241
352 393 46
379 382 226
382 399 91
401 440 41
429 452 212
442 487 269
469 476 67
491 521 92
493 534 75
521 539 114
533 564 94
553 585 1
566 586 163
576 592 50
580 609 261
596 618 135
610 637 67
625 648 43
626 657 107
630 676 248
651 690 111
660 692 153
688 692 19
710 728 162
725 775 220
729 736 65
756 786 216
770 810 100
778 790 293
779 824 225
805 809 235
828 835 267
849 857 195
867 871 251
888 915 42
906 946 281
916 942 277
928 959 144
946 949 128
956 992 133
985 1010 208
986 1013 278
1011 1057 117
1011 1039 162
1036 1074 19
1041 1064 220
1057 1089 67
1074 1099 145
1091 1119 198
1100 1140 273
1107 1129 267
1108 1112 108
1124 1141 90
1125 1129 237
1148 1181 297
1160 1165 297
1177 1187 184
1195 1204 188
1210 1231 57
1236 1262 69
1250 1272 81
1280 1303 290
1293 1309 268
1295 1322 276
1324 1338 36
1339 1354 240
1342 1382 207
1357 1406 235
1367 1397 234
1380 1428 174
1406 1423 108
1425 1428 128
1455 1491 243
1467 1516 155
1493 1498 287
1504 1538 137
1520 1536 30
1544 1572 204
1569 1611 182
1574 1593 170
1577 1584 216
1605 1622 231
1633 1678 211
1649 1690 78
1663 1711 167
1677 1703 275
1685 1698 73
1691 1731 133
1697 1701 163
1720 1724 215
1726 1758 189
1754 1770 173
1762 1787 254
1762 1795 12
1780 1783 176
1801 1835 202
1818 1840 198
1825 1856 261
1853 1894 250
1871 1918 259
1875 1920 48
1882 1913 35
1903 1910 137
1932 1955 237
1943 1963 238
1943 1955 169
1966 1987 112
1995 2016 89
2010 2059 229
2027 2072 189
2046 2065 156
2073 2097 245
2098 2102 226
2105 2112 43
2119 2136 282
2139 2188 137
2162 2172 197
2169 2171 228
2179 2196 189
2199 2241 160
2204 2240 44
2227 2263 267
2248 2263 34
2274 2298 195
2280 2322 297
2282 2303 95
2303 2314 122
2331 2367 4
2344 2348 22
2371 2380 128
2377 2421 21
2382 2429 181
2391 2392 66
2399 2415 180
2413 2457 1
2428 2478 159
2440 2453 170
2452 2455 90
2480 2507 298
2497 2545 277
2498 2502 84
2512 2518 246
2514 2536 288
2520 2547 227
2524 2547 10
2538 2585 178
2538 2561 265
2551 2568 134
2576 2590 106
2600 2644 165
2603 2629 134
2617 2628 65
2631 2665 44
2637 2672 112
2640 2656 14
2659 2693 51
2672 2683 202
2697 2737 261
2697 2745 73
2718 2755 112
2743 2758 242
2765 2797 25
2792 2807 154
2802 2836 54
2819 2836 223
2824 2864 235
2829 2859 247
2832 2845 281
2861 2871 37
2879 2885 224
2903 2904 297
2927 2953 106
2955 2964 38
2979 2981 233
3006 3015 64
3012 3053 278
3016 3028 176
3043 3054 248
3045 3076 125
3066 3099 160
3094 3107 294
3099 3131 95
3114 3152 278
3141 3172 191
3163 3174 21
3183 3198 197
3187 3235 253
3196 3236 104
3200 3203 247
3222 3239 10
3223 3231 177
3244 3283 291
3262 3263 29
3276 3323 160
3276 3289 168
3291 3341 179
3316 3357 213
3317 3341 209
3332 3371 56
3338 3349 141
3365 3384 195
3372 3386 293
3392 3415 242
3404 3432 194
3417 3420 297
3430 3478 95
3443 3450 208
3461 3482 219
3489 3535 44
3507 3557 173
3533 3545 260
3533 3560 19
3556 3578 32
3563 3596 108
3570 3595 286
3572 3586 24
3578 3617 43
3597 3615 36
3622 3654 103
3627 3640 268
3646 3667 200
3666 3677 155
3693 3738 217
3699 3711 17
3715 3753 276
3728 3753 299
3755 3786 182
3780 3786 289
3805 3828 220
3813 3860 269
3837 3857 198
3864 3889 244
3893 3936 9
3897 3907 23
3924 3928 129
3954 3978 6
3984 4026 66
3989 4020 186
4010 4052 162
4012 4032 7
4017 4067 85
4045 4064 151
4066 4067 266
4069 4097 18
4094 4136 102
4106 4116 61
4119 4122 239
4125 4138 51
4149 4190 153
4169 4171 203
4189 4193 14
4198 4234 119
4223 4258 126
4237 4242 300
4258 4292 159
4286 4294 42
4286 4296 122
4299 4347 181
4321 4354 28
4329 4375 95
4333 4336 31
4344 4361 17
4344 4365 186
4364 4390 28
4388 4438 179
4406 4410 184
4406 4452 294
4425 4450 57
4447 4485 207
4467 4473 104
4487 4491 201
4488 4501 226
4510 4534 1
4516 4543 293
4522 4558 250
4526 4560 96
4541 4542 99
4568 4604 34
4581 4619 125
4581 4620 251
4607 4636 14
4607 4613 6
4634 4650 114
4654 4664 284
4684 4728 104
4713 4758 193
4722 4770 105
4733 4753 36
4744 4788 300
4745 4769 269
4750 4773 114
4755 4802 197
4772 4780 162
4792 4826 200
4815 4827 138
4835 4874 127
4854 4876 198
4871 4874 250
4874 4896 270
4895 4913 4
4896 4938 182
4906 4918 203
4907 4957 272
4931 4963 296
4937 4981 272
4966 4983 119
4974 4993 199
4974 5019 159
4990 5022 253
5003 5048 133
5024 5074 33
5050 5054 99
5063 5068 198
5079 5095 234
5092 5123 34
5121 5137 274
5150 5194 205
5168 5178 30
5175 5176 235
5204 5213 129
5205 5226 194
5221 5249 250
5242 5255 105
5252 5253 151
5257 5275 240
5286 5312 120
5303 5326 136
5303 5333 184
5327 5345 129
5330 5348 200
5345 5361 178
5347 5361 162
5362 5368 87
5384 5425 238
5402 5409 282
5417 5426 292
5437 5480 231
5455 5476 186
5464 5506 161
5472 5490 299
5489 5518 288
5513 5554 195
5536 5561 76
5547 5554 215
5547 5552 117
5549 5586 11
5571 5606 24
5596 5617 21
5614 5652 87
5638 5677 167
5645 5676 87
5647 5682 298
5675 5698 80
5704 5754 182
5708 5755 276
5734 5768 229
5757 5766 215
5757 5789 227
5766 5781 48
5792 5802 138
5805 5807 119
5808 5847 113
5822 5867 216
5826 5858 291
5848 5866 19
5870 5910 186
5886 5931 18
5889 5914 288
5899 5940 3
5903 5932 190
5931 5966 179
5954 5969 292
5962 5967 217
5989 6022 193
6001 6019 167
6010 6013 4
6021 6055 160
6038 6072 252
6053 6082 37
6069 6116 276
6072 6094 291
6099 6149 217
6107 6128 93
6134 6168 174
6154 6168 237
6160 6170 205
6163 6207 48
6165 6204 204
6187 6202 269
6190 6232 82
6200 6211 131
6217 6239 70
6231 6234 204
6258 6299 141
6276 6305 236
6306 6325 65
6328 6345 37
6335 6367 165
6335 6384 235
6342 6362 94
6347 6392 38
6358 6360 288
6369 6401 263
6398 6414 167
6406 6450 30
6416 6459 255
6431 6478 128
6449 6455 15
6452 6477 223
6474 6515 186
6499 6500 83
6508 6513 131
6536 6548 282
6542 6561 118
6562 6578 140
6576 6609 37
6577 6601 194
6596 6613 77
6604 6607 280
6614 6641 278
6636 6639 269
6642 6686 235
6660 6693 247
6690 6720 90
6702 6710 57
6703 6711 249
6722 6762 248
6734 6760 270
6755 6767 174
6780 6801 40
6807 6838 104
6830 6867 82
6835 6877 156
6851 6896 59
6875 6914 89
6899 6909 228
6927 6969 32
6955 6991 112
6967 6985 227
6980 6999 262
7010 7053 180
7016 7060 6
7032 7075 272
7032 7074 295
7059 7062 1
7084 7087 269
7105 7130 168
7122 7158 184
7124 7142 57
7134 7153 139
7159 7196 59
7185 7213 208
7215 7254 205
7237 7241 290
7252 7257 107
7273 7291 209
7282 7330 35
7311 7328 238
7331 7349 81
7353 7379 19
7374 7419 157
7392 7433 239
7405 7425 151
7415 7419 191
7428 7463 249
7453 7492 153
7472 7520 154
7501 7534 226
7510 7543 79
7513 7527 182
7533 7549 155
7559 7593 158
7584 7624 181
7609 7655 92
7620 7623 217
7631 7637 230
7648 7686 156
