500
3 46 286
18 65 287
37 84 62
48 72 228
60 103 47
70 74 97
93 106 11
93 94 289
99 143 104
128 153 16
137 157 223
139 140 198
168 210 137
192 207 46
218 264 233
237 266 140
243 275 219
254 259 249
258 303 278
276 321 106
297 310 201
300 321 205
312 345 100
335 352 182
365 412 76
373 416 170
394 426 298
397 416 16
408 443 130
425 439 100
453 466 207
481 497 280
485 526 270
510 543 121
517 534 273
536 584 8
540 590 151
556 566 157
574 592 289
598 608 81
599 612 149
620 652 33
640 646 300
663 677 124
678 725 284
690 735 250
713 751 93
729 737 80
733 738 221
746 756 73
763 785 13
782 809 257
789 824 21
808 831 254
837 848 4
860 867 44
871 915 184
872 894 261
873 888 164
894 929 100
910 948 157
932 974 109
936 953 282
958 987 207
962 968 26
963 965 244
991 1011 191
1007 1018 292
1028 1066 271
1038 1049 132
1039 1055 111
1044 1050 165
1047 1072 237
1051 1070 93
1071 1103 36
1094 1098 130
1104 1116 177
1122 1123 43
1135 1170 71
1146 1175 163
1168 1208 140
1184 1221 96
1201 1242 263
1224 1231 133
1235 1255 261
1252 1254 69
1281 1330 215
1309 1330 216
1319 1327 167
1340 1371 13
1363 1392 166
1388 1393 299
1411 1439 16
1427 1444 84
1434 1466 300
1441 1447 141
1442 1443 158
1469 1476 247
1496 1523 253
1517 1565 41
1537 1569 43
1550 1593 110
1558 1579 70
1584 1628 157
1598 1623 178
1627 1640 17
1629 1637 51
1636 1651 44
1655 1699 280
1659 1694 52
1683 1716 199
1713 1730 215
1717 1724 274
1724 1728 150
1741 1770 19
1756 1760 169
1785 1814 71
1798 1826 64
1803 1819 89
1805 1812 90
1823 1834 27
1826 1858 127
1827 1831 113
1835 1851 133
1850 1860 274
1869 1893 275
1876 1918 27
1878 1906 117
1894 1918 123
1894 1921 282
1905 1950 270
1908 1917 273
1924 1929 43
1940 1959 295
1952 1987 77
1970 1978 170
1996 2027 261
2008 2022 257
2034 2051 117
2057 2098 255
2063 2078 37
2070 2097 95
2098 2119 181
2099 2121 142
2125 2150 213
2136 2164 41
2142 2170 237
2171 2221 76
2180 2195 267
2207 2209 89
2236 2273 232
2255 2263 29
2273 2308 285
2288 2329 114
2310 2357 99
2332 2341 171
2353 2359 113
2366 2408 131
2390 2392 196
2402 2424 190
2415 2443 121
2416 2454 297
2429 2465 41
2457 2483 69
2460 2496 5
2479 2512 10
2496 2512 236
2518 2521 196
2537 2584 6
2547 2585 217
2570 2606 139
2578 2598 94
2597 2611 244
2611 2612 170
2623 2656 260
2650 2699 190
2651 2666 24
2672 2684 53
2675 2698 282
2699 2739 293
2719 2743 267
2728 2752 181
2752 2770 185
2775 2794 248
2795 2829 296
2810 2815 216
2817 2830 47
2840 2867 139
2857 2873 117
2880 2929 277
2896 2942 66
2921 2952 296
2921 2956 10
2930 2966 80
2957 3003 279
2984 2989 126
2999 3024 201
3016 3049 300
3039 3051 125
3069 3104 224
3096 3128 292
3121 3153 14
3127 3130 231
3156 3169 111
3163 3206 155
3181 3193 290
3198 3247 257
3220 3229 60
3233 3240 187
3237 3280 172
3248 3250 157
3258 3291 221
3273 3275 50
3303 3321 170
3310 3350 224
3317 3320 206
3336 3343 85
3355 3370 17
3366 3401 18
3387 3430 223
3387 3408 247
3400 3436 215
3403 3424 139
3431 3444 243
3443 3492 181
3464 3471 163
3474 3484 47
3501 3529 124
3522 3566 142
3550 3567 25
3554 3602 61
3569 3580 84
3595 3630 65
3600 3642 109
3614 3621 168
3615 3662 242
3627 3638 221
3654 3675 23
3677 3713 251
3684 3692 205
3696 3735 197
3711 3734 278
3727 3728 168
3734 3753 230
3741 3760 300
3753 3768 119
3767 3795 269
3773 3820 101
3794 3833 213
3820 3836 193
3835 3847 270
3841 3848 164
3844 3852 236
3856 3899 109
3859 3869 292
3875 3916 181
3902 3944 99
3925 3972 287
3952 3974 149
3975 3996 266
4004 4051 159
4024 4057 21
4028 4044 256
4039 4084 132
4058 4105 250
4086 4129 65
4116 4143 147
4146 4196 82
4172 4220 175
4192 4206 68
4217 4233 175
4247 4278 199
4277 4285 51
4299 4303 202
4316 4350 39
4343 4374 264
4364 4406 70
4392 4433 154
4416 4418 157
4429 4461 235
4432 4451 256
4462 4494 184
4465 4488 73
4473 4515 214
4476 4479 163
4495 4500 265
4515 4548 215
4519 4542 300
4520 4564 18
4547 4553 44
4576 4607 117
4596 4609 120
4607 4652 281
4612 4640 236
4636 4644 271
4645 4657 194
4669 4716 109
4697 4729 256
4705 4734 275
4712 4724 167
4742 4758 127
4756 4794 292
4760 4774 216
4784 4790 53
4811 4829 76
4833 4870 172
4857 4883 73
4879 4882 248
4890 4923 99
4900 4948 255
4921 4950 284
4938 4953 9
4967 4993 202
4979 4980 276
4992 5032 60
4998 5037 146
5014 5039 49
5038 5048 151
5049 5086 47
5067 5113 292
5086 5094 202
5109 5131 98
5121 5169 19
5140 5154 167
5147 5191 85
5148 5182 119
5177 5209 203
5177 5199 105
5178 5214 106
5179 5180 95
5193 5201 239
5200 5221 275
5213 5231 95
5240 5271 299
5267 5302 179
5275 5313 202
5301 5331 271
5307 5331 260
5310 5359 35
5339 5367 278
5357 5365 154
5386 5433 215
5395 5441 237
5422 5440 39
5423 5467 205
5429 5445 74
5458 5468 85
5479 5482 201
5494 5495 173
5514 5538 169
5531 5548 92
5536 5586 72
5566 5604 245
5587 5599 151
5604 5645 66
5630 5666 75
5653 5664 19
5683 5709 18
5689 5703 237
5694 5741 193
5711 5730 187
5731 5778 121
5734 5754 87
5745 5753 276
5773 5797 230
5782 5815 66
5808 5827 247
5837 5868 72
5838 5846 53
5868 5916 46
5874 5877 28
5875 5912 161
5901 5947 131
5920 5935 91
5949 5978 3
5978 5997 196
5987 6002 43
6003 6037 188
6006 6031 171
6035 6050 275
6060 6109 110
6065 6083 258
6090 6128 33
6112 6125 222
6130 6138 288
6155 6165 273
6162 6176 18
6192 6198 124
6199 6208 118
6228 6246 50
6240 6252 237
6249 6289 35
6263 6285 99
6292 6307 66
6310 6353 193
6331 6364 139
6359 6362 208
6389 6403 241
6413 6431 118
6425 6469 103
6437 6473 247
6445 6483 33
6450 6464 244
6478 6492 52
6481 6495 208
6498 6517 141
6513 6556 164
6540 6554 255
6544 6574 26
6556 6601 141
6569 6590 229
6597 6627 230
6606 6621 162
6627 6635 243
6629 6639 234
6648 6687 297
6675 6724 177
6702 6720 166
6724 6746 53
6734 6768 217
6735 6777 25
6747 6763 20
6755 6776 231
6781 6802 280
6798 6799 34
6819 6826 32
6833 6870 70
6833 6858 116
6838 6850 83
6860 6881 107
6865 6895 119
6895 6904 215
6898 6933 299
6909 6926 46
6909 6910 89
6913 6963 37
6928 6974 140
6957 7005 4
6962 6981 103
6983 6992 5
7010 7021 79
7028 7076 75
7033 7069 87
7041 7062 114
7067 7090 252
7075 7116 197
7089 7138 299
7094 7141 14
7123 7126 265
7128 7148 55
7146 7186 222
7146 7181 70
7149 7154 252
7164 7165 280
7164 7200 25
7172 7204 44
7201 7239 121
7207 7254 145
7212 7245 282
7219 7223 183
7244 7269 145
7263 7276 242
7288 7324 116
7301 7312 153
7317 7339 169
7346 7355 258
7346 7375 114
7353 7384 40
7358 7396 250
7360 7394 42
7378 7409 298
7388 7416 122
7415 7421 221
7417 7465 180
7424 7438 117
7432 7447 294
7445 7455 199
7464 7509 90
7489 7539 6
7512 7562 219
7514 7533 43
7537 7567 241
7537 7576 300
7558 7594 133
7572 7588 109
7594 7641 126
7618 7640 186
7638 7662 51
7642 7666 83
7649 7687 146
7676 7706 243
7681 7704 145
7705 7747 173
7727 7731 240
7746 7758 231
7773 7792 48
7799 7810 265
7808 7824 229
7838 7849 3
7862 7886 89
