500
24 28 40
34 44 81
37 76 45
41 48 158
51 64 226
56 66 188
68 87 53
91 119 90
108 117 116
108 123 271
110 143 24
112 114 20
117 146 151
142 164 250
172 173 85
175 215 54
205 232 174
223 272 174
242 278 294
259 269 280
281 290 64
290 309 138
303 329 252
316 344 47
321 324 112
326 368 200
355 382 172
380 400 161
395 396 16
419 450 154
429 434 288
455 461 83
479 494 114
491 525 214
502 538 161
510 531 99
523 550 86
549 580 275
550 589 298
570 597 136
586 621 278
590 594 36
593 604 79
623 637 107
650 677 256
668 712 215
669 683 185
690 709 95
719 758 173
739 784 121
761 769 141
784 805 275
785 793 103
809 833 157
827 872 5
832 878 153
832 858 226
857 871 255
870 880 115
871 877 58
873 909 99
893 913 134
910 931 106
937 973 12
937 965 162
967 1004 171
982 1032 70
993 1013 60
1023 1035 82
1048 1079 101
1063 1105 244
1084 1134 275
1110 1113 127
1136 1170 241
1141 1161 80
1168 1190 233
1180 1197 92
1184 1222 260
1209 1245 246
1216 1224 19
1217 1244 298
1238 1269 218
1267 1316 47
1290 1310 118
1317 1336 154
1327 1371 92
1328 1340 253
1356 1398 37
1365 1374 28
1373 1415 22
1403 1424 107
1407 1422 125
1430 1474 136
1454 1499 114
1466 1471 221
1487 1526 17
1493 1518 25
1513 1540 11
1518 1560 39
1534 1556 190
1534 1583 59
1562 1581 242
1581 1623 112
1609 1655 54
1624 1669 231
1640 1670 72
1649 1683 32
1661 1693 175
1677 1717 287
1691 1708 149
1708 1709 141
1730 1770 24
1751 1799 288
1757 1774 273
1777 1812 298
1804 1824 147
1823 1843 145
1840 1878 3
1849 1878 110
1850 1890 223
1874 1896 276
1900 1928 244
1914 1918 47
1928 1964 121
1945 1972 182
1960 1998 148
1963 1978 257
1990 2005 166
2006 2016 206
2032 2063 74
2061 2090 143
2064 2107 192
2092 2106 133
2099 2122 270
2115 2164 147
2115 2158 165
2119 2159 183
2127 2129 221
2156 2205 101
2160 2168 300
2190 2228 155
2191 2213 291
2191 2232 15
2217 2257 7
2217 2238 103
2231 2273 28
2233 2264 237
2246 2258 90
2267 2293 159
2283 2298 117
2288 2312 217
2307 2323 269
2309 2338 116
2315 2325 205
2336 2352 4
2359 2386 243
2369 2393 259
2388 2399 193
2418 2433 159
2425 2474 175
2455 2487 191
2463 2468 78
2482 2531 43
2506 2556 209
2509 2526 282
2528 2550 267
2528 2548 226
2548 2578 75
2572 2607 225
2589 2622 241
2601 2620 205
2618 2659 259
2631 2667 285
2651 2654 162
2651 2663 150
2660 2690 123
2670 2710 255
2682 2702 220
2698 2708 22
2719 2740 36
2738 2753 226
2743 2763 34
2772 2773 3
2793 2797 82
2817 2851 31
2832 2835 251
2832 2863 104
2852 2900 11
2871 2916 198
2874 2912 191
2890 2921 266
2891 2907 80
2891 2924 16
2911 2929 281
2927 2947 284
2935 2937 101
2936 2976 150
2958 2997 188
2983 2999 88
2992 2996 282
2994 3015 240
3020 3069 261
3046 3048 265
3071 3092 89
3080 3121 3
3095 3131 191
3105 3153 110
3135 3183 257
3162 3174 217
3189 3192 261
3204 3210 127
3207 3247 248
3207 3235 295
3236 3240 97
3250 3256 259
3279 3292 206
3284 3318 19
3288 3324 261
3310 3357 130
3331 3368 117
3352 3392 105
3370 3410 240
3379 3398 166
3390 3414 61
3405 3411 246
3429 3462 189
3429 3438 241
3441 3480 106
3467 3487 239
3491 3526 220
3520 3531 74
3529 3560 16
3553 3603 130
3566 3605 198
3568 3583 300
3584 3596 9
3608 3640 96
3625 3675 174
3641 3669 247
3650 3683 251
3677 3725 11
3689 3690 19
3707 3755 161
3712 3762 187
3735 3771 28
3763 3808 42
3782 3810 164
3808 3840 96
3816 3832 79
3842 3858 212
3845 3892 159
3848 3853 241
3863 3899 42
3885 3926 196
3885 3887 233
3915 3944 64
3944 3953 277
3959 3987 96
3979 4027 275
3986 4035 289
3990 3999 71
3996 4022 131
4012 4042 211
4025 4042 102
4041 4085 83
4056 4086 63
4056 4089 184
4056 4071 34
4075 4100 54
4077 4095 52
4085 4108 12
4099 4100 89
4122 4132 53
4127 4154 168
4157 4205 253
4168 4213 144
4184 4218 89
4199 4204 267
4226 4228 223
4255 4260 107
4257 4304 176
4266 4272 254
4285 4327 214
4295 4301 13
4321 4322 277
4343 4367 165
4372 4420 278
4372 4408 187
4386 4434 143
4390 4436 286
4401 4443 191
4402 4407 19
4419 4421 20
4426 4427 110
4444 4450 65
4473 4504 162
4488 4522 25
4502 4538 135
4525 4544 114
4527 4546 138
4556 4563 3
4556 4564 85
4585 4616 152
4593 4606 197
4619 4659 167
4636 4638 91
4647 4683 268
4648 4677 131
4650 4695 99
4678 4724 28
4699 4748 50
4713 4729 96
4729 4747 160
4755 4769 227
4783 4808 207
4797 4828 25
4808 4824 212
4833 4857 25
4862 4883 183
4865 4885 178
4892 4929 122
4906 4954 108
4906 4953 182
4913 4960 227
4914 4946 72
4928 4952 33
4955 4976 131
4982 5001 203
5004 5010 218
5011 5034 31
5036 5040 129
5053 5059 119
5055 5057 267
5067 5087 63
5095 5128 133
5110 5143 7
5140 5164 151
5144 5166 240
5157 5170 118
5158 5166 168
5181 5218 199
5195 5233 237
5196 5215 66
5211 5237 79
5226 5253 273
5241 5288 109
5269 5296 146
5273 5295 31
5278 5308 215
5286 5313 112
5304 5326 272
5328 5374 7
5350 5381 82
5380 5400 76
5402 5442 272
5430 5472 270
5451 5490 199
5454 5483 167
5458 5494 228
5475 5501 266
5502 5523 158
5517 5541 21
5529 5565 219
5556 5570 46
5560 5570 167
5582 5590 199
5588 5604 23
5600 5618 62
5611 5620 219
5639 5657 138
5640 5681 81
5646 5689 23
5669 5672 254
5674 5709 236
5697 5729 292
5720 5758 225
5725 5760 181
5733 5744 47
5756 5795 233
5785 5808 85
5815 5853 12
5823 5840 3
5843 5871 286
5871 5886 33
5877 5884 280
5896 5934 12
5907 5952 86
5913 5929 211
5920 5930 167
5939 5949 190
5940 5964 246
5943 5944 284
5958 5963 83
5982 6001 170
5996 6003 255
6008 6025 33
6037 6058 117
6052 6067 238
6079 6089 32
6085 6093 75
6104 6116 22
6112 6149 130
6134 6135 250
6153 6159 254
6166 6195 120
6167 6192 93
6183 6205 76
6200 6239 101
6216 6241 69
6246 6293 27
6267 6268 109
6280 6322 9
6295 6344 210
6296 6340 251
6300 6338 135
6326 6358 278
6340 6372 258
6360 6375 134
6377 6424 161
6380 6389 269
6383 6430 294
6407 6452 196
6409 6451 174
6412 6418 92
6432 6448 32
6453 6456 230
6461 6501 106
6474 6519 276
6483 6529 56
6486 6512 133
6494 6540 236
6498 6516 69
6500 6528 10
6504 6548 298
6510 6523 268
6524 6560 213
6554 6575 151
6581 6611 138
6602 6650 182
6623 6647 196
6638 6671 88
6659 6707 34
6678 6723 242
6690 6706 279
6706 6746 219
6732 6770 47
6752 6769 226
6753 6762 8
6768 6788 18
6789 6797 102
6818 6832 269
6826 6852 15
6833 6880 142
6855 6903 17
6860 6877 187
6874 6885 183
6903 6905 127
6928 6948 64
6934 6959 9
6948 6997 118
6959 6997 24
6975 7020 279
6983 6989 161
6984 7033 153
6991 7017 32
7010 7045 203
7010 7029 270
7010 7060 109
7018 7052 128
7032 7063 183
7036 7041 296
7040 7086 41
7053 7079 70
7078 7089 255
7082 7090 63
7100 7144 289
7120 7123 43
7127 7159 100
7152 7177 262
7162 7198 132
7190 7205 293
7200 7215 33
7210 7213 40
7236 7253 298
7239 7276 38
7256 7301 300
7267 7316 167
7292 7304 209
7308 7351 215
7319 7365 112
7342 7347 129
7355 7397 43
7355 7396 230
7357 7407 269
7362 7386 183
7390 7400 168
7414 7418 148
7433 7457 135
7463 7508 94
7483 7503 160
