500
30 64 35
52 88 121
76 108 114
94 103 131
99 130 37
102 131 35
130 162 81
149 167 43
150 153 195
161 181 122
168 196 16
195 221 207
201 209 181
208 218 133
227 265 160
245 254 264
274 279 17
277 284 7
303 305 162
331 342 150
358 368 154
373 385 9
402 450 5
409 455 53
427 434 272
432 449 148
451 486 153
453 489 206
471 507 296
473 477 72
484 503 292
495 526 167
507 520 126
535 554 7
551 571 212
554 582 171
580 618 138
589 633 247
589 632 198
618 647 255
642 666 7
648 673 242
664 667 26
690 735 92
693 738 265
711 732 288
736 758 212
746 796 247
770 774 107
785 825 180
807 850 246
816 834 166
822 832 154
852 860 251
867 888 275
877 896 249
896 920 28
908 915 219
919 941 282
925 947 290
930 956 217
942 979 203
956 964 211
969 986 138
974 1013 210
997 1022 10
1024 1070 168
1050 1070 171
1057 1069 66
1061 1091 193
1062 1092 63
1091 1140 150
1092 1112 154
1101 1138 80
1126 1161 26
1133 1146 126
1153 1175 147
1156 1175 285
1160 1165 230
1186 1235 105
1210 1242 103
1234 1280 293
1242 1258 247
1264 1308 137
1273 1298 105
1282 1288 147
1304 1305 206
1310 1314 287
1321 1331 86
1349 1358 278
1364 1372 70
1371 1377 236
1377 1412 92
1388 1410 34
1412 1414 20
1415 1439 82
1434 1460 120
1451 1476 28
1476 1496 18
1496 1538 43
1505 1528 291
1521 1523 189
1526 1562 138
1549 1596 57
1563 1576 298
1568 1592 222
1596 1606 69
1605 1616 207
1631 1640 35
1640 1651 48
1658 1684 11
1686 1707 89
1710 1745 291
1729 1732 59
1751 1786 296
1778 1813 115
1792 1838 292
1807 1818 135
1834 1842 116
1846 1851 239
1868 1903 49
1887 1915 262
1909 1956 163
1935 1979 26
1936 1949 163
1936 1976 265
1964 1982 299
1987 1997 84
2007 2057 137
2024 2037 130
2041 2053 238
2062 2070 30
2082 2119 279
2086 2118 3
2113 2157 122
2126 2139 130
2141 2144 264
2170 2205 289
2187 2212 278
2204 2211 228
2234 2263 272
2256 2283 213
2285 2293 200
2297 2322 199
2304 2352 227
2306 2351 253
2329 2345 257
2353 2356 206
2375 2413 225
2395 2409 65
2417 2420 252
2433 2453 98
2446 2459 238
2463 2498 139
2493 2540 108
2513 2534 197
2521 2551 114
2544 2580 78
2561 2611 49
2590 2601 87
2620 2669 181
2628 2636 179
2639 2664 48
2643 2685 261
2664 2698 230
2690 2698 288
2704 2716 52
2729 2738 66
2742 2745 136
2749 2799 140
2757 2783 41
2758 2786 284
2788 2803 12
2790 2827 271
2798 2808 8
2803 2823 181
2832 2864 283
2833 2876 74
2848 2881 149
2853 2870 215
2866 2911 159
2885 2930 119
2913 2944 204
2934 2950 33
2962 2974 108
2989 3033 226
3019 3034 96
3031 3040 241
3032 3047 181
3052 3078 79
3067 3090 8
3096 3138 186
3110 3122 77
3138 3178 176
3149 3187 111
3158 3190 227
3161 3166 71
3191 3202 146
3216 3241 26
3235 3277 239
3236 3271 187
3246 3278 144
3250 3268 281
3271 3307 136
3284 3285 54
3293 3340 275
3294 3312 143
3299 3306 208
3314 3356 123
3314 3327 247
3333 3361 240
3340 3380 239
3349 3354 299
3355 3401 186
3383 3410 12
3409 3439 191
3438 3447 194
3457 3460 197
3481 3499 143
3501 3537 291
3501 3521 22
3508 3523 91
3535 3538 28
3562 3580 234
3588 3589 156
3602 3632 95
3616 3659 66
3617 3652 14
3620 3641 18
3646 3668 209
3669 3695 280
3671 3720 52
3692 3718 296
3714 3717 22
3729 3742 189
3746 3774 145
3768 3786 176
3790 3799 28
3804 3826 192
3829 3832 283
3855 3882 156
3862 3871 169
3866 3916 181
3883 3919 65
3898 3910 230
3924 3962 150
3949 3968 10
3956 3989 42
3983 4019 161
4004 4042 126
4011 4017 147
4027 4037 243
4049 4066 192
4054 4084 138
4069 4075 269
4075 4102 16
4075 4114 244
4104 4113 203
4118 4136 234
4141 4184 264
4161 4182 187
4190 4217 67
4216 4264 214
4231 4276 219
4242 4246 204
4266 4314 81
4292 4312 50
4312 4349 176
4320 4338 147
4326 4327 151
4334 4383 275
4337 4347 166
4355 4388 223
4385 4398 56
4393 4434 158
4414 4456 81
4430 4442 131
4432 4434 53
4437 4452 74
4459 4486 74
4480 4513 277
4483 4485 179
4501 4536 96
4518 4523 153
4545 4575 106
4553 4591 244
4568 4594 99
4568 4614 208
4594 4633 204
4612 4633 167
4623 4663 288
4627 4665 107
4652 4675 159
4666 4687 52
4683 4726 89
4684 4686 103
4704 4707 4
4709 4740 136
4731 4743 167
4760 4796 167
4768 4800 173
4784 4797 106
4800 4804 289
4809 4846 21
4818 4868 286
4823 4838 13
4840 4849 31
4844 4871 80
4846 4896 29
4850 4860 145
4866 4877 101
4896 4911 15
4910 4936 51
4917 4941 46
4935 4946 253
4949 4982 180
4969 4985 57
4977 4986 72
5007 5010 191
5020 5039 287
5040 5065 136
5056 5084 161
5079 5111 130
5081 5123 239
5108 5124 133
5121 5145 51
5142 5191 250
5169 5213 134
5172 5197 285
5194 5203 102
5202 5217 28
5216 5246 18
5228 5259 20
5231 5264 216
5234 5264 149
5260 5273 221
5286 5311 159
5286 5301 88
5290 5307 245
5299 5326 107
5308 5338 9
5324 5356 54
5351 5364 21
5364 5396 91
5371 5407 20
5392 5436 12
5416 5417 13
5442 5477 276
5444 5473 85
5473 5513 86
5486 5494 83
5492 5534 106
5516 5522 52
5539 5564 157
5568 5608 83
5572 5577 243
5575 5605 127
5593 5642 236
5617 5620 208
5647 5688 250
5665 5704 26
5676 5715 296
5689 5711 205
5705 5712 252
5727 5767 210
5735 5770 26
5743 5778 227
5752 5761 96
5760 5769 255
5787 5821 72
5793 5832 149
5798 5830 35
5800 5821 73
5825 5839 119
5830 5862 119
5833 5875 166
5840 5842 266
5859 5874 180
5879 5910 153
5892 5897 161
5921 5929 45
5934 5984 269
5955 5994 232
5963 5965 98
5983 6017 146
6009 6035 237
6012 6041 113
6038 6065 150
6044 6075 229
6068 6096 103
6071 6113 12
6081 6103 26
6106 6141 204
6125 6130 157
6142 6154 51
6149 6153 3
6156 6177 83
6170 6172 197
6179 6204 240
6190 6194 59
6203 6226 206
6225 6275 222
6240 6271 166
6252 6295 112
6255 6292 11
6276 6321 89
6276 6293 203
6303 6314 31
6322 6329 227
6344 6371 40
6357 6366 263
6386 6389 123
6415 6435 133
6422 6445 280
6445 6475 158
6460 6465 230
6474 6519 126
6474 6508 21
6500 6510 277
6507 6528 253
6530 6569 104
6560 6609 123
6583 6590 49
6587 6618 200
6592 6636 139
6597 6636 106
6625 6635 298
6654 6698 126
6681 6720 5
6690 6729 124
6694 6734 124
6697 6736 223
6704 6730 110
6719 6739 179
6735 6780 58
6751 6757 240
6771 6790 120
6792 6830 29
6817 6839 22
6836 6839 79
6850 6863 85
6852 6899 177
6859 6894 84
6861 6888 133
6870 6894 88
6890 6940 203
6892 6937 102
6901 6914 104
6911 6941 141
6912 6944 119
6932 6953 146
6949 6984 290
6978 6993 249
6985 7002 161
7008 7020 239
7014 7050 65
7036 7041 160
7051 7060 43
7063 7077 294
7090 7097 81
7113 7128 82
7131 7138 225
7131 7133 85
7152 7181 184
7157 7171 57
7168 7174 146
7177 7216 151
7207 7236 57
7234 7241 225
7260 7292 240
7284 7309 104
7298 7310 162
7317 7335 219
7341 7383 220
7365 7409 77
7374 7422 70
7388 7431 282
7391 7440 149
7407 7413 226
7413 7417 124
7440 7482 172
7445 7474 102
7453 7475 225
7467 7507 139
7475 7483 59
7485 7517 86
7486 7527 294
7487 7507 46
7502 7540 156
7513 7516 72
7541 7576 173
7548 7557 165
7553 7591 21
7567 7577 111
7576 7606 119
7603 7649 275
7615 7642 123
7635 7640 112
7652 7696 14
7673 7711 190
