500
8 47 196
34 53 251
60 81 47
72 100 177
77 94 71
77 125 7
83 90 128
108 118 12
113 121 1
124 155 11
143 185 66
156 192 57
180 220 81
194 234 5
197 241 186
216 241 184
242 289 191
259 298 7
263 313 91
293 298 151
300 326 173
317 362 113
333 346 212
360 378 269
370 404 153
382 403 159
403 429 256
433 465 164
442 445 44
467 469 211
468 469 272
485 519 54
492 499 292
505 527 261
519 567 162
525 568 85
545 550 215
550 560 281
568 587 265
575 620 159
602 608 19
613 632 170
615 620 119
622 670 144
650 692 63
664 714 282
666 681 125
679 714 63
708 757 7
711 741 260
724 763 74
754 787 3
768 789 94
782 801 178
791 804 21
808 840 290
811 814 6
834 867 159
857 862 91
876 909 292
895 914 6
899 914 109
899 921 100
920 955 94
928 929 230
929 936 86
932 938 70
950 986 48
977 988 259
991 1033 124
1016 1030 135
1040 1057 11
1062 1083 164
1089 1119 122
1101 1150 229
1126 1129 159
1151 1158 129
1178 1193 133
1203 1251 42
1233 1238 74
1245 1268 64
1255 1272 298
1260 1303 243
1287 1328 130
1296 1299 83
1300 1345 9
1330 1335 190
1349 1350 19
1365 1379 187
1382 1428 19
1410 1445 298
1426 1441 280
1427 1471 139
1434 1482 80
1451 1474 143
1465 1473 2
1490 1526 251
1518 1540 152
1544 1554 248
1555 1586 113
1581 1605 254
1597 1630 286
1612 1626 87
1629 1638 93
1635 1664 126
1650 1694 13
1672 1722 167
1688 1725 289
1692 1706 64
1709 1713 259
1733 1769 112
1755 1789 103
1780 1807 241
1801 1819 113
1801 1843 55
1826 1873 141
1847 1878 215
1862 1895 94
1876 1882 121
1903 1907 104
1907 1921 300
1933 1941 187
1942 1944 207
1966 1987 298
1991 1995 234
1991 2003 152
1993 2002 58
2000 2021 277
2022 2069 28
2038 2069 119
2051 2080 217
2069 2109 270
2080 2093 74
2089 2107 5
2095 2123 38
2097 2143 230
2125 2140 262
2139 2155 289
2154 2161 201
2173 2207 246
2196 2213 3
2198 2218 87
2218 2254 143
2238 2288 249
2268 2294 240
2284 2309 140
2291 2308 234
2313 2363 27
2318 2344 208
2344 2359 204
2367 2384 80
2395 2424 299
2421 2430 6
2437 2476 128
2443 2482 71
2471 2479 12
2471 2512 290
2479 2510 281
2485 2493 283
2493 2506 64
2496 2509 210
2516 2548 11
2546 2578 159
2548 2588 189
2573 2621 16
2599 2627 243
2608 2655 153
2638 2650 275
2656 2665 200
2661 2695 212
2690 2735 50
2705 2729 91
2707 2750 64
2721 2739 10
2742 2758 201
2769 2819 32
2786 2826 156
2796 2818 269
2809 2832 167
2823 2850 298
2845 2861 133
2851 2875 261
2852 2891 11
2867 2890 189
2895 2927 275
2905 2910 214
2932 2954 73
2961 2971 127
2973 3004 78
2976 3002 103
2995 3043 274
3002 3035 64
3022 3041 228
3046 3064 167
3052 3087 264
3066 3115 181
3083 3095 58
3112 3118 56
3142 3157 123
3168 3198 159
3183 3225 125
3205 3226 60
3222 3270 5
3232 3256 279
3259 3283 186
3259 3264 206
3281 3313 176
3309 3359 276
3333 3335 112
3350 3356 107
3355 3378 140
3361 3392 249
3364 3401 47
3393 3435 286
3403 3450 152
3411 3415 138
3418 3464 49
3445 3475 44
3466 3505 139
3467 3478 190
3471 3489 157
3496 3510 156
3523 3564 196
3541 3557 163
3553 3589 43
3571 3594 82
3589 3636 128
3615 3647 170
3644 3674 10
3663 3669 123
3685 3703 287
3710 3712 80
3740 3759 89
3754 3781 92
3759 3798 56
3765 3805 85
3771 3820 46
3799 3824 296
3812 3858 100
3829 3862 245
3849 3872 255
3859 3888 80
3884 3892 152
3903 3909 238
3911 3931 34
3916 3917 28
3928 3969 183
3948 3960 99
3952 3984 228
3959 3984 75
3974 3981 125
3998 4002 80
4021 4053 259
4033 4067 55
4035 4064 80
4050 4060 283
4078 4087 290
4102 4123 291
4112 4132 190
4112 4122 120
4127 4169 78
4143 4174 35
4170 4220 272
4190 4230 182
4210 4223 191
4236 4262 19
4245 4266 53
4252 4294 199
4259 4298 263
4281 4312 41
4309 4316 38
4312 4358 26
4338 4357 88
4351 4392 283
4381 4426 258
4403 4413 174
4419 4432 241
4429 4450 108
4456 4483 146
4472 4493 170
4473 4483 151
4502 4518 168
4516 4557 173
4546 4577 83
4566 4593 251
4569 4599 98
4576 4611 43
4589 4592 3
4596 4621 23
4599 4611 171
4611 4621 202
4614 4652 233
4618 4640 161
4624 4630 258
4630 4663 270
4646 4667 279
4669 4683 53
4694 4722 272
4714 4728 178
4726 4775 54
4727 4755 75
4734 4762 255
4734 4756 106
4745 4776 154
4752 4799 8
4779 4813 254
4780 4783 168
4796 4832 287
4813 4853 62
4814 4850 7
4843 4880 278
4855 4866 95
4855 4857 237
4871 4906 15
4885 4913 264
4907 4919 186
4913 4932 20
4914 4922 152
4916 4918 196
4937 4965 180
4953 4979 171
4962 5011 279
4969 5007 124
4972 4977 88
4972 5009 80
4998 5010 130
5002 5052 250
5016 5025 133
5025 5067 194
5046 5084 230
5071 5081 79
5098 5107 123
5106 5136 129
5132 5160 251
5161 5200 121
5168 5192 93
5185 5207 109
5208 5254 3
5238 5270 217
5260 5292 200
5290 5313 2
5292 5300 93
5315 5339 53
5317 5337 251
5326 5372 77
5355 5358 40
5359 5362 15
5375 5397 280
5376 5378 98
5401 5444 18
5430 5458 236
5443 5491 93
5467 5475 90
5476 5486 163
5499 5540 166
5506 5518 126
5524 5565 261
5541 5587 127
5555 5588 222
5574 5583 211
5578 5611 213
5584 5613 283
5601 5643 234
5610 5639 278
5614 5630 223
5636 5637 296
5643 5663 63
5670 5673 6
5685 5699 295
5689 5691 109
5694 5716 279
5724 5758 137
5745 5782 24
5746 5772 93
5772 5820 121
5802 5825 194
5819 5856 56
5831 5880 221
5844 5853 239
5874 5920 60
5903 5949 187
5924 5964 189
5927 5937 194
5933 5973 148
5961 6007 235
5972 6005 176
5972 5983 37
5976 6005 75
5978 6008 256
6003 6040 90
6028 6069 132
6034 6066 30
6054 6086 118
6054 6100 35
6072 6085 288
6087 6120 107
6106 6139 81
6108 6138 130
6109 6115 18
6138 6151 121
6158 6183 193
6165 6196 154
6178 6224 269
6187 6223 7
6188 6203 30
6210 6248 73
6212 6249 234
6216 6218 279
6226 6274 249
6237 6265 217
6251 6290 208
6274 6298 116
6298 6328 285
6326 6364 230
6349 6364 81
6372 6399 51
6376 6396 210
6398 6423 53
6411 6423 60
6422 6430 34
6449 6463 153
6459 6481 182
6474 6506 94
6490 6510 175
6504 6551 102
6521 6528 181
6529 6564 66
6550 6558 52
6561 6596 169
6580 6587 141
6608 6639 265
6608 6630 237
6633 6652 167
6651 6666 108
6657 6671 35
6684 6713 190
6685 6709 191
6694 6730 231
6716 6728 198
6729 6775 121
6740 6786 120
6761 6811 68
6767 6772 260
6779 6825 231
6807 6852 257
6824 6842 140
6829 6834 8
6845 6863 243
6866 6876 182
6878 6924 104
6885 6917 26
6909 6930 219
6913 6939 164
6938 6964 38
6965 6991 181
6969 7009 255
6986 6989 259
6997 7027 14
6998 7024 163
7001 7021 8
7008 7027 258
7014 7040 65
7036 7048 49
7042 7048 268
7042 7077 235
7072 7118 275
7097 7117 63
7127 7139 46
7139 7151 276
7156 7177 144
7177 7226 109
7205 7212 282
7232 7240 7
7247 7252 20
7271 7318 282
7299 7338 185
7300 7338 33
7301 7318 167
7325 7357 275
7339 7377 231
7343 7388 248
7352 7363 103
7367 7393 2
7397 7438 2
7400 7404 209
7408 7434 121
7426 7450 125
7431 7473 234
7440 7467 279
7459 7476 54
7461 7476 188
7478 7492 211
7508 7542 215
7523 7528 44
7541 7591 189
7562 7564 234
7588 7614 186
7605 7606 79
7635 7660 50
7643 7667 170
