500
1 35 142
30 46 113
51 71 216
63 102 229
83 88 91
109 117 6
133 175 162
140 184 99
160 190 155
173 179 240
180 186 235
208 217 147
216 244 281
222 261 108
252 271 297
267 306 246
284 310 148
306 350 14
323 363 269
332 350 166
337 340 203
359 366 101
372 398 224
401 428 88
402 450 72
419 466 160
443 489 123
469 506 122
476 484 182
492 530 160
519 553 26
532 543 32
551 579 93
569 589 151
584 586 32
589 625 45
600 627 190
612 655 152
635 651 233
641 672 174
663 710 121
680 701 264
710 751 108
721 746 62
724 761 241
742 785 73
758 768 222
776 807 97
802 836 244
824 827 147
849 897 278
851 867 137
871 887 53
872 886 159
886 913 187
890 892 24
900 944 142
908 923 57
936 975 113
956 1001 37
972 1007 33
979 1020 237
1003 1012 273
1019 1054 198
1049 1059 272
1060 1101 213
1068 1093 146
1069 1093 152
1090 1124 257
1119 1141 249
1140 1168 145
1160 1187 169
1185 1202 66
1213 1245 44
1223 1265 74
1226 1259 285
1227 1240 258
1254 1303 259
1272 1317 16
1274 1293 2
1304 1348 205
1324 1331 22
1349 1360 83
1360 1369 157
1390 1412 153
1408 1436 124
1411 1422 45
1424 1447 119
1451 1496 182
1454 1469 165
1475 1507 205
1475 1484 219
1501 1511 122
1509 1553 48
1514 1533 148
1530 1544 66
1553 1559 95
1573 1598 300
1585 1612 259
1588 1627 83
1604 1613 43
1632 1659 66
1636 1685 72
1646 1654 60
1664 1695 134
1687 1716 22
1701 1748 81
1702 1727 265
1727 1735 292
1735 1769 25
1765 1784 230
1786 1817 126
1794 1816 90
1802 1805 20
1810 1838 193
1813 1815 57
1839 1842 31
1867 1906 259
1883 1933 285
1893 1901 145
1913 1949 165
1913 1916 212
1921 1930 81
1947 1972 94
1974 2008 135
1985 2007 249
2014 2015 178
2021 2066 173
2045 2076 241
2054 2057 88
2070 2117 68
2092 2108 60
2115 2151 150
2127 2131 42
2138 2168 193
2154 2190 206
2176 2187 140
2182 2226 247
2197 2245 220
2204 2226 31
2205 2222 61
2215 2225 126
2224 2263 121
2238 2266 21
2265 2292 97
2266 2316 193
2273 2274 208
2282 2319 124
2286 2314 124
2299 2324 249
2328 2378 138
2354 2360 95
2375 2418 37
2404 2414 281
2404 2426 123
2423 2454 194
2450 2498 132
2473 2483 185
2499 2542 186
2522 2569 20
2544 2582 156
2571 2615 88
2582 2619 38
2599 2644 144
2601 2617 20
2620 2663 219
2635 2666 207
2662 2691 61
2682 2707 291
2707 2719 36
2714 2747 207
2731 2767 213
2737 2773 173
2745 2785 114
2769 2794 243
2774 2785 207
2804 2820 111
2813 2821 169
2814 2823 278
2827 2857 33
2854 2902 174
2876 2888 69
2897 2931 251
2901 2917 232
2903 2942 29
2925 2930 240
2953 2970 206
2978 3023 194
2994 3000 165
3005 3011 105
3022 3052 238
3043 3089 265
3043 3055 148
3051 3063 207
3056 3098 289
3056 3104 213
3069 3080 206
3088 3118 255
3112 3116 36
3125 3148 184
3125 3127 222
3143 3157 134
3165 3209 195
3171 3211 206
3178 3220 243
3184 3224 142
3204 3245 228
3217 3249 232
3242 3259 90
3270 3272 160
3276 3297 6
3278 3311 276
3292 3303 264
3314 3325 173
3315 3353 224
3329 3359 166
3348 3394 265
3365 3379 157
3391 3402 146
3392 3404 176
3404 3406 26
3407 3415 222
3421 3434 57
3423 3458 191
3436 3444 147
3446 3482 140
3446 3464 202
3457 3469 247
3471 3486 104
3491 3538 230
3511 3554 195
3519 3520 173
3529 3536 159
3556 3568 139
3580 3588 117
3587 3623 22
3596 3612 46
3606 3607 292
3620 3659 156
3649 3685 104
3676 3700 96
3700 3724 109
3730 3733 69
3737 3740 75
3760 3763 41
3774 3775 258
3791 3815 25
3802 3839 278
3805 3822 36
3807 3810 91
3831 3881 139
3854 3891 235
3864 3898 23
3872 3914 163
3879 3924 24
3898 3943 102
3923 3939 240
3943 3987 58
3958 3976 221
3973 3979 32
3990 4010 229
3993 4010 268
4001 4046 93
4010 4038 72
4034 4046 220
4060 4085 87
4061 4093 247
4088 4110 151
4095 4126 86
4123 4169 278
4131 4161 5
4147 4196 8
4172 4222 257
4182 4229 146
4193 4237 88
4205 4218 124
4235 4255 253
4256 4287 19
4275 4323 31
4295 4332 279
4306 4308 165
4323 4370 193
4343 4368 95
4355 4361 180
4355 4381 88
4362 4393 163
4389 4391 126
4414 4441 194
4420 4425 114
4441 4478 4
4446 4488 11
4465 4510 254
4467 4512 121
4489 4538 11
4502 4513 265
4508 4543 19
4523 4540 229
4533 4580 37
4549 4575 184
4555 4570 102
4567 4597 107
4569 4582 149
4598 4601 74
4601 4613 58
4614 4628 183
4626 4638 244
4644 4647 6
4660 4688 167
4673 4709 299
4703 4753 80
4732 4768 131
4749 4774 88
4753 4776 216
4763 4780 196
4789 4829 129
4804 4835 65
4820 4852 296
4842 4854 247
4855 4858 294
4874 4907 118
4896 4904 280
4918 4963 40
4934 4952 261
4938 4982 239
4941 4967 252
4962 4978 98
4968 4989 85
4982 5026 24
5010 5017 18
5036 5052 17
5049 5058 20
5077 5099 173
5092 5134 193
5104 5125 133
5119 5168 291
5124 5125 134
5131 5172 179
5133 5172 151
5137 5187 86
5148 5187 84
5174 5176 58
5187 5223 154
5188 5205 294
5216 5238 215
5236 5278 243
5257 5262 284
5283 5309 271
5292 5324 18
5308 5311 61
5333 5336 247
5335 5363 103
5336 5382 90
5355 5378 67
5376 5417 192
5395 5431 260
5417 5464 75
5435 5478 61
5442 5490 258
5464 5481 291
5485 5524 72
5494 5505 211
5507 5554 174
5518 5534 92
5522 5539 62
5522 5548 51
5551 5585 140
5566 5610 254
5579 5620 241
5598 5624 72
5600 5625 103
5619 5631 100
5620 5655 51
5626 5674 9
5630 5637 74
5646 5668 292
5657 5671 35
5664 5670 232
5678 5722 211
5704 5726 25
5733 5771 150
5760 5773 293
5765 5789 14
5793 5796 253
5793 5802 87
5815 5821 112
5830 5838 230
5848 5867 177
5871 5875 45
5880 5892 127
5898 5900 56
5902 5919 160
5908 5938 120
5933 5941 286
5935 5985 68
5936 5944 257
5952 5969 230
5982 5994 232
6002 6049 165
6022 6032 39
6051 6094 218
6051 6056 108
6079 6099 10
6089 6100 116
6089 6139 149
6115 6130 28
6125 6135 297
6139 6171 240
6148 6165 172
6172 6216 4
6201 6205 189
6206 6214 52
6234 6254 19
6264 6270 42
6281 6307 181
6311 6317 25
6330 6358 270
6346 6382 14
6355 6398 118
6356 6401 244
6372 6390 134
6398 6413 199
6402 6418 5
6422 6440 254
6433 6465 215
6458 6466 229
6476 6512 269
6505 6511 15
6533 6572 4
6558 6601 46
6561 6568 215
6563 6592 252
6575 6578 105
6582 6619 31
6601 6650 51
6621 6633 95
6632 6677 245
6653 6699 300
6673 6723 96
6691 6724 65
6703 6735 132
6704 6731 76
6716 6749 141
6732 6764 198
6745 6780 3
6755 6793 122
6760 6783 205
6772 6784 45
6797 6825 161
6798 6825 140
6828 6842 195
6838 6843 166
6850 6853 79
6863 6868 122
6886 6889 260
6914 6917 141
6935 6978 196
6948 6985 200
6967 7008 251
6988 7034 173
7011 7017 277
7013 7058 128
7013 7020 117
7039 7072 192
7053 7093 49
7067 7098 157
7084 7101 83
7094 7110 144
7117 7146 45
7137 7183 54
7147 7150 252
7161 7169 28
7180 7181 145
7201 7215 285
7229 7261 145
7258 7271 21
7274 7323 232
7277 7310 19
7282 7307 103
7304 7348 178
7330 7380 68
7335 7341 153
7362 7410 63
7380 7410 17
7384 7390 45
7386 7392 24
7409 7440 115
7420 7422 186
7439 7477 280
7456 7479 179
7484 7486 229
7493 7506 261
7508 7532 11
7527 7563 32
7547 7570 15
7575 7605 104
7577 7616 89
7580 7595 226
7593 7601 133
7593 7620 67
7615 7641 230
