500
23 51 273
51 94 299
60 109 129
81 122 78
101 123 75
105 145 60
134 165 106
140 153 233
153 180 57
176 192 285
181 197 116
206 220 47
231 275 290
235 236 199
261 293 290
285 300 223
303 314 235
322 352 12
331 359 133
331 338 8
347 385 133
349 397 56
350 373 76
371 397 82
400 416 118
402 452 151
416 430 33
426 440 61
436 474 136
447 480 55
450 478 66
466 503 33
491 513 73
512 559 238
528 547 271
547 582 253
574 595 281
601 637 128
610 611 236
625 654 234
650 679 41
669 703 118
694 725 12
704 714 114
732 755 124
741 772 97
754 782 111
773 776 4
803 833 118
822 823 290
834 857 87
864 896 44
867 892 208
890 910 258
908 954 168
914 949 15
917 925 147
930 940 286
930 966 42
944 956 91
965 983 231
974 1023 143
998 1000 5
1014 1057 283
1031 1045 196
1049 1057 275
1079 1101 69
1095 1110 9
1099 1135 103
1112 1161 218
1118 1155 83
1133 1154 164
1151 1185 52
1166 1210 114
1169 1194 265
1195 1232 293
1195 1238 150
1203 1231 253
1204 1251 157
1212 1219 114
1213 1232 265
1231 1267 218
1248 1293 203
1274 1319 120
1283 1298 299
1308 1340 188
1336 1386 279
1365 1406 192
1389 1396 31
1397 1431 182
1408 1443 231
1426 1431 75
1427 1442 246
1432 1477 277
1450 1478 30
1458 1494 156
1474 1505 175
1503 1550 139
1517 1523 174
1545 1594 119
1554 1589 269
1557 1561 286
1563 1567 184
1572 1597 275
1600 1606 115
1600 1608 231
1623 1627 227
1649 1664 197
1649 1675 139
1659 1674 148
1686 1712 1
1686 1695 130
1686 1692 186
1701 1717 247
1717 1765 209
1737 1779 10
1756 1781 51
1777 1797 175
1802 1828 179
1809 1832 239
1835 1869 163
1838 1883 264
1840 1858 49
1851 1854 123
1867 1877 285
1874 1912 219
1885 1891 115
1888 1934 174
1917 1926 166
1919 1922 122
1929 1972 140
1947 1992 34
1970 2000 286
2000 2041 281
2012 2019 119
2033 2053 29
2051 2053 263
2077 2100 13
2106 2119 284
2121 2156 114
2149 2179 220
2171 2210 207
2185 2230 195
2196 2235 131
2225 2250 37
2248 2260 268
2271 2287 10
2279 2320 293
2296 2320 137
2319 2334 53
2319 2323 237
2335 2378 128
2342 2386 138
2371 2414 199
2371 2373 100
2393 2434 263
2420 2450 116
2422 2431 100
2448 2478 11
2456 2492 251
2456 2492 156
2474 2518 225
2498 2501 250
2527 2573 180
2531 2556 205
2559 2583 216
2577 2587 135
2577 2623 151
2592 2639 87
2592 2638 160
2606 2649 159
2619 2620 33
2619 2646 285
2620 2663 82
2623 2660 73
2651 2696 38
2665 2667 140
2680 2700 23
2680 2722 15
2704 2736 95
2716 2758 245
2732 2739 35
2751 2796 148
2757 2794 172
2786 2820 276
2793 2824 242
2811 2814 40
2812 2852 193
2824 2839 71
2836 2859 197
2839 2879 207
2850 2898 5
2856 2878 33
2860 2888 226
2866 2912 76
2873 2878 131
2876 2888 268
2897 2924 121
2913 2939 240
2917 2923 173
2928 2945 227
2949 2953 97
2958 3007 299
2965 3013 203
2988 3031 32
3007 3042 168
3036 3073 287
3057 3098 291
3074 3109 258
3076 3095 277
3080 3103 156
3096 3112 114
3119 3150 55
3148 3174 266
3168 3178 182
3169 3186 276
3194 3218 41
3206 3220 117
3210 3255 269
3237 3241 42
3245 3268 227
3274 3299 297
3290 3335 117
3307 3349 265
3326 3359 288
3356 3396 36
3384 3401 2
3406 3440 300
3434 3470 47
3435 3443 120
3465 3502 31
3468 3494 285
3477 3479 167
3478 3487 83
3478 3519 108
3507 3549 13
3532 3555 172
3545 3595 37
3550 3584 169
3579 3586 293
3591 3619 165
3594 3638 154
3603 3625 183
3629 3640 201
3653 3680 260
3666 3701 223
3690 3728 100
3698 3715 129
3720 3752 146
3720 3730 252
3732 3765 60
3745 3767 236
3749 3786 101
3762 3764 11
3779 3804 83
3798 3841 108
3818 3859 132
3840 3862 263
3859 3863 273
3873 3920 278
3883 3923 184
3888 3929 70
3899 3900 299
3909 3931 232
3938 3967 245
3941 3979 145
3967 4011 17
3967 4013 96
3977 3993 60
3985 4030 279
4008 4016 188
4022 4064 113
4031 4036 43
4036 4058 267
4046 4082 247
4054 4093 101
4077 4095 259
4085 4107 270
4101 4143 117
4127 4161 255
4129 4150 3
4150 4156 273
4176 4189 105
4188 4197 97
4203 4252 149
4206 4250 187
4230 4243 102
4240 4253 253
4263 4296 290
4284 4286 153
4307 4353 172
4320 4356 258
4347 4354 199
4357 4364 198
4363 4371 280
4387 4428 48
4406 4443 22
4432 4454 242
4434 4480 33
4435 4485 220
4445 4452 100
4466 4487 213
4469 4472 7
4474 4475 243
4476 4504 51
4481 4500 293
4481 4506 134
4505 4554 65
4529 4553 1
4545 4594 48
4569 4571 274
4571 4615 62
4575 4584 132
4578 4585 204
4601 4619 44
4607 4654 63
4627 4650 166
4627 4643 50
4644 4669 226
4648 4673 157
4649 4691 207
4676 4725 129
4686 4728 87
4716 4766 179
4716 4758 151
4727 4729 232
4730 4780 162
4747 4775 8
4766 4810 141
4770 4779 11
4798 4832 157
4826 4837 148
4831 4868 51
4850 4870 104
4861 4880 2
4872 4912 276
4880 4924 8
4885 4918 209
4908 4926 158
4934 4957 202
4935 4976 172
4942 4975 288
4953 4973 274
4982 4983 180
4988 5020 212
5005 5054 216
5028 5036 218
5052 5091 199
5055 5099 134
5062 5083 126
5086 5120 227
5106 5129 256
5111 5138 190
5131 5160 246
5161 5203 193
5189 5199 134
5200 5245 230
5212 5232 138
5227 5266 142
5236 5241 230
5259 5260 276
5265 5309 51
5295 5305 78
5313 5336 166
5325 5348 241
5333 5361 54
5362 5411 74
5371 5375 47
5371 5418 107
5397 5433 44
5426 5472 23
5426 5436 204
5454 5459 296
5464 5476 224
5491 5500 63
5515 5538 26
5535 5563 161
5547 5596 176
5571 5595 121
5572 5586 171
5595 5619 61
5597 5621 74
5601 5609 263
5622 5670 127
5623 5653 103
5632 5646 69
5658 5692 188
5675 5701 279
5700 5712 212
5728 5740 150
5750 5777 134
5750 5779 177
5778 5784 213
5803 5818 7
5807 5841 127
5828 5845 168
5834 5852 175
5864 5875 239
5867 5900 207
5884 5916 174
5893 5905 160
5921 5963 174
5921 5923 127
5937 5977 108
5950 5966 64
5974 6001 202
5991 6029 251
6019 6064 233
6026 6042 79
6042 6070 248
6068 6095 300
6087 6133 99
6109 6126 286
6127 6158 48
6152 6183 213
6162 6185 206
6172 6206 156
6180 6211 252
6184 6212 145
6197 6207 31
6224 6245 235
6243 6256 205
6259 6296 93
6285 6330 226
6297 6319 211
6313 6337 154
6335 6352 92
6341 6374 226
6358 6393 80
6376 6379 158
6381 6396 213
6389 6437 293
6417 6447 32
6430 6449 145
6435 6438 84
6443 6451 169
6446 6463 35
6446 6475 213
6446 6459 292
6476 6485 279
6490 6535 18
6516 6538 83
6538 6540 38
6568 6606 151
6593 6621 30
6598 6633 93
6625 6653 48
6638 6663 239
6654 6680 4
6679 6688 15
6680 6724 31
6696 6718 14
6725 6749 100
6753 6785 222
6762 6764 194
6780 6808 190
6800 6820 238
6828 6869 272
6856 6893 205
6864 6882 131
6867 6901 216
6893 6910 298
6915 6950 191
6926 6941 23
6956 6975 189
6982 6994 136
6987 7009 124
7010 7044 238
7039 7086 25
7058 7091 268
7063 7084 138
7083 7099 23
7086 7109 87
7111 7157 39
7139 7166 280
7149 7172 216
7175 7184 160
7184 7225 234
7186 7231 276
7189 7239 161
7204 7232 276
7233 7268 181
7260 7294 271
7284 7313 128
7290 7311 3
7315 7362 202
7334 7371 66
7354 7360 50
7369 7399 148
7370 7416 50
7377 7398 223
7406 7444 288
7433 7482 65
7458 7478 54
7462 7493 69
7473 7501 212
7487 7504 195
7498 7535 73
7503 7504 54
7513 7523 262
