500
4 17 249
23 39 22
52 79 71
61 97 132
91 109 137
95 128 70
121 139 189
133 152 136
159 188 137
170 186 133
197 200 129
226 247 52
231 267 298
259 287 119
287 337 222
316 353 217
340 371 127
351 399 35
371 372 84
400 406 192
416 450 107
435 468 120
458 504 197
460 498 103
464 466 109
465 475 176
486 530 3
512 518 297
523 570 110
535 581 177
554 584 165
583 619 266
597 629 201
598 603 52
622 636 250
648 660 274
666 692 37
671 713 94
675 711 2
676 693 209
692 715 292
697 698 271
698 707 14
715 756 212
723 736 198
740 749 179
740 780 157
741 789 109
771 799 31
785 834 12
815 835 165
825 868 42
833 857 112
859 893 112
884 921 2
891 908 56
904 928 247
906 946 48
936 966 224
957 978 134
976 1002 78
980 1014 165
986 1028 141
1010 1038 92
1040 1081 10
1053 1092 247
1057 1065 94
1071 1118 128
1074 1124 170
1097 1142 185
1126 1167 28
1141 1175 203
1141 1177 203
1158 1187 104
1186 1207 64
1203 1253 90
1222 1230 126
1227 1261 24
1233 1271 42
1257 1302 107
1277 1282 163
1291 1313 27
1310 1359 116
1318 1347 59
1345 1371 75
1346 1362 247
1347 1385 206
1355 1393 203
1385 1393 34
1410 1455 30
1427 1440 216
1442 1476 143
1449 1451 259
1465 1502 199
1486 1498 212
1498 1503 20
1507 1514 185
1525 1572 256
1550 1580 102
1578 1587 97
1593 1613 32
1619 1645 172
1647 1656 243
1651 1657 247
1676 1713 244
1698 1702 215
1710 1737 232
1734 1745 193
1739 1753 142
1758 1800 226
1768 1782 78
1782 1800 50
1803 1818 207
1809 1849 253
1836 1864 163
1842 1855 169
1856 1895 81
1863 1904 237
1884 1926 85
1909 1942 225
1934 1973 161
1940 1960 249
1943 1971 201
1944 1992 233
1973 1979 179
1974 2018 76
1997 2023 179
1999 2000 245
2022 2033 112
2027 2045 292
2052 2059 165
2081 2122 140
2101 2143 193
2128 2137 54
2155 2199 174
2178 2221 224
2193 2205 257
2193 2242 9
2214 2252 120
2239 2270 282
2251 2268 136
2272 2287 93
2281 2324 230
2311 2313 163
2341 2382 184
2371 2405 59
2383 2422 164
2405 2444 215
2429 2457 274
2431 2449 233
2449 2464 39
2466 2493 210
2471 2507 123
2483 2498 262
2500 2530 16
2527 2534 284
2542 2591 106
2554 2580 177
2574 2602 210
2597 2625 257
2614 2655 63
2636 2668 257
2646 2662 229
2659 2692 287
2685 2707 37
2700 2724 259
2725 2741 229
2750 2769 190
2775 2814 291
2796 2805 153
2796 2837 23
2823 2851 154
2847 2874 64
2864 2888 156
2886 2906 157
2911 2948 51
2940 2983 121
2968 3000 6
2971 3006 68
2989 3020 238
2999 3033 54
3016 3043 205
3040 3048 240
3043 3082 39
3047 3050 112
3066 3104 298
3093 3131 241
3121 3152 286
3121 3135 280
3150 3159 207
3177 3213 186
3193 3231 45
3197 3245 5
3207 3208 161
3223 3261 299
3235 3280 22
3237 3241 264
3239 3248 171
3247 3294 127
3261 3306 86
3266 3270 155
3293 3326 30
3303 3353 268
3329 3368 280
3340 3343 138
3340 3367 158
3345 3394 85
3372 3404 199
3379 3409 270
3408 3451 135
3432 3433 67
3446 3470 263
3462 3483 45
3485 3506 225
3506 3545 248
3518 3561 95
3523 3532 36
3524 3554 55
3538 3554 186
3564 3587 157
3586 3590 31
3606 3614 289
3613 3643 7
3637 3687 204
3653 3667 297
3681 3702 152
3696 3719 131
3707 3729 234
3730 3752 275
3753 3772 224
3766 3787 298
3785 3795 17
3793 3829 300
3817 3863 110
3822 3847 255
3822 3850 251
3841 3865 265
3862 3891 49
3884 3908 187
3913 3944 2
3924 3958 60
3948 3984 211
3960 3980 266
3963 3994 296
3969 4005 121
3970 4008 286
3996 4036 191
4001 4021 164
4027 4067 96
4038 4062 254
4043 4057 65
4046 4091 203
4047 4085 105
4077 4083 64
4086 4118 218
4101 4149 21
4129 4179 267
4144 4159 17
4157 4165 121
4160 4188 241
4176 4224 18
4197 4207 123
4201 4240 34
4206 4220 125
4209 4250 139
4212 4246 111
4242 4291 243
4246 4293 41
4269 4292 245
4286 4324 118
4311 4338 253
4318 4334 140
4318 4362 19
4332 4350 79
4350 4368 233
4351 4386 274
4381 4398 72
4398 4416 95
4400 4414 223
4420 4435 247
4420 4467 188
4441 4477 227
4461 4472 286
4488 4512 92
4507 4526 254
4519 4568 189
4543 4586 267
4569 4583 120
4593 4624 53
4601 4618 296
4628 4653 286
4636 4652 276
4658 4689 63
4677 4694 65
4698 4727 179
4718 4754 76
4748 4773 56
4773 4775 160
4775 4817 262
4787 4809 294
4805 4823 98
4826 4842 26
4851 4867 84
4855 4863 225
4872 4904 183
4872 4920 115
4880 4881 133
4893 4928 45
4896 4923 260
4912 4942 291
4913 4950 32
4919 4935 159
4931 4957 241
4938 4959 203
4938 4976 110
4966 5016 281
4991 5012 130
5019 5049 179
5043 5068 8
5071 5090 186
5086 5134 37
5107 5138 222
5118 5166 74
5136 5178 121
5148 5178 99
5174 5217 262
5185 5233 254
5206 5222 20
5229 5236 247
5252 5264 196
5277 5300 82
5288 5309 281
5290 5330 190
5303 5347 140
5312 5314 260
5341 5365 61
5344 5360 19
5360 5403 128
5378 5387 130
5387 5433 151
5404 5437 5
5410 5431 18
5429 5475 112
5444 5471 281
5448 5450 48
5459 5490 164
5482 5521 72
5496 5511 294
5505 5526 219
5523 5532 36
5548 5571 201
5576 5612 226
5584 5611 249
5598 5617 241
5608 5612 146
5615 5626 24
5616 5659 10
5644 5675 27
5646 5679 163
5646 5665 2
5669 5688 253
5698 5705 277
5719 5757 252
5725 5734 282
5726 5736 101
5741 5777 142
5763 5766 128
5781 5794 124
5795 5821 240
5816 5842 205
5842 5882 65
5861 5879 286
5890 5927 171
5900 5949 182
5907 5910 201
5909 5917 289
5924 5947 35
5936 5960 167
5954 5980 191
5970 6003 128
5985 6026 296
5990 5999 136
6008 6017 215
6011 6031 63
6038 6058 136
6056 6079 131
6079 6082 262
6094 6122 142
6124 6166 106
6142 6143 43
6160 6205 48
6173 6201 150
6196 6197 253
6204 6219 250
6221 6233 157
6224 6272 266
6227 6236 164
6243 6253 156
6270 6311 267
6299 6345 126
6329 6367 155
6358 6379 296
6361 6383 231
6370 6377 258
6384 6415 29
6408 6440 183
6419 6459 93
6434 6437 104
6440 6478 126
6458 6473 253
6462 6466 73
6473 6515 178
6479 6529 139
6487 6518 231
6516 6535 131
6546 6583 89
6557 6593 273
6571 6581 97
6593 6630 284
6597 6613 226
6620 6666 220
6630 6680 58
6645 6665 18
6664 6710 30
6675 6724 74
6694 6709 192
6714 6744 173
6734 6762 15
6739 6771 199
6750 6773 54
6771 6805 120
6799 6804 222
6822 6831 113
6831 6843 241
6835 6875 198
6836 6881 73
6852 6867 295
6864 6913 76
6888 6911 55
6918 6960 70
6944 6990 10
6950 6958 136
6955 6962 263
6979 7006 168
6993 7005 100
7004 7010 190
7020 7030 110
7030 7061 69
7052 7056 179
7082 7117 95
7095 7136 199
7104 7126 99
7105 7113 270
7115 7155 154
7143 7163 272
7170 7181 240
7196 7206 104
7211 7230 92
7239 7278 98
7243 7292 5
7269 7270 128
7285 7306 162
7291 7312 170
7294 7320 95
7313 7326 18
7318 7339 166
7342 7357 203
7360 7384 204
7367 7400 163
7385 7415 183
7402 7433 52
7420 7434 47
7426 7476 91
7437 7440 32
7457 7504 259
7485 7492 253
7504 7530 154
7512 7552 208
7539 7551 219
7551 7576 300
7572 7590 294
7574 7610 182
7580 7611 293
7605 7628 169
7627 7643 218
7644 7686 257
7649 7662 134
7651 7693 73
7674 7685 260
7690 7728 121
7697 7739 121
7707 7741 153
7730 7762 223
7753 7788 260
7773 7792 274
7784 7806 241
7790 7808 108
7820 7852 188
7834 7839 81
7844 7886 277
