500
6 12 21
31 52 81
61 81 115
74 94 37
100 136 42
100 120 200
111 140 163
136 141 64
164 190 91
172 217 140
179 209 256
183 189 80
187 208 154
207 209 279
228 234 170
245 269 180
250 262 79
250 263 44
272 304 264
301 329 123
306 342 128
332 351 184
360 363 32
367 393 177
372 407 142
379 423 296
405 453 134
418 453 153
446 482 140
469 495 251
486 499 182
510 545 50
530 576 280
554 584 246
570 575 125
579 615 149
579 592 106
592 611 154
610 652 149
612 631 66
619 641 6
640 675 19
669 679 225
695 737 241
714 749 50
743 756 122
769 776 212
773 779 163
778 825 193
790 813 22
806 830 207
814 847 183
814 845 267
830 872 197
857 860 151
877 916 91
906 954 258
916 942 235
924 973 165
926 964 126
938 965 82
957 982 46
979 988 75
981 987 151
1011 1046 89
1021 1046 127
1025 1037 128
1038 1046 95
1041 1065 16
1067 1113 120
1093 1143 84
1102 1115 181
1126 1163 76
1138 1149 141
1153 1192 76
1154 1173 204
1180 1222 150
1193 1218 62
1220 1256 162
1234 1280 93
1253 1293 19
1268 1286 247
1278 1307 226
1299 1332 251
1325 1349 100
1336 1374 14
1356 1370 69
1360 1379 223
1369 1371 83
1387 1404 96
1411 1431 254
1434 1458 144
1443 1484 111
1470 1501 211
1476 1500 280
1482 1522 53
1492 1519 164
1519 1530 152
1546 1547 261
1561 1576 202
1589 1619 15
1594 1631 216
1612 1658 134
1623 1669 277
1629 1644 102
1657 1659 4
1676 1722 205
1695 1732 167
1700 1732 11
1723 1732 33
1749 1783 288
1753 1761 180
1770 1813 299
1794 1803 187
1809 1850 256
1823 1863 32
1849 1855 214
1858 1901 64
1867 1889 6
1887 1926 184
1915 1948 52
1933 1938 30
1948 1962 143
1956 2004 53
1973 2004 205
1997 2041 90
2017 2047 249
2018 2060 70
2034 2040 140
2041 2071 276
2041 2056 267
2048 2092 110
2050 2089 1
2061 2111 175
2091 2125 63
2116 2137 13
2134 2170 80
2134 2139 202
2151 2161 238
2161 2165 119
2171 2192 163
2196 2201 82
2208 2234 218
2229 2260 49
2253 2267 204
2268 2278 193
2270 2297 74
2295 2307 87
2303 2326 96
2304 2314 283
2332 2345 67
2338 2360 122
2342 2387 234
2362 2370 220
2390 2420 42
2412 2438 178
2437 2475 291
2451 2463 136
2472 2496 141
2474 2478 48
2484 2526 150
2509 2559 86
2528 2577 44
2535 2569 225
2560 2592 290
2578 2626 90
2583 2595 221
2591 2634 180
2608 2623 240
2623 2632 58
2633 2637 247
2652 2661 279
2652 2681 112
2681 2704 83
2686 2717 56
2686 2712 1
2694 2697 43
2713 2737 41
2723 2733 34
2743 2763 297
2764 2772 54
2773 2802 6
2790 2795 132
2814 2862 204
2835 2850 157
2848 2880 248
2852 2879 52
2875 2909 36
2895 2944 234
2917 2956 5
2918 2953 18
2936 2975 221
2954 2989 146
2980 2985 203
2983 3016 248
3007 3050 129
3011 3032 14
3011 3028 299
3023 3068 17
3024 3033 88
3025 3040 224
3031 3069 73
3058 3106 271
3059 3094 250
3077 3111 232
3089 3128 192
3104 3110 270
3130 3133 61
3152 3156 109
3155 3193 297
3169 3205 257
3192 3200 239
3209 3248 98
3209 3226 281
3234 3261 199
3244 3272 2
3256 3273 117
3262 3303 108
3276 3293 85
3278 3279 95
3289 3299 277
3319 3356 189
3335 3378 109
3361 3383 256
3361 3398 256
3381 3425 128
3409 3440 11
3423 3467 147
3426 3475 42
3442 3485 118
3462 3481 19
3474 3497 231
3490 3501 191
3491 3493 259
3495 3507 260
3495 3498 202
3511 3543 28
3531 3574 147
3534 3573 135
3551 3553 133
3577 3614 17
3586 3634 248
3587 3613 64
3597 3623 254
3607 3648 37
3635 3643 275
3645 3670 59
3663 3706 283
3679 3714 73
3706 3719 134
3706 3749 178
3728 3740 236
3752 3794 17
3767 3800 33
3784 3792 281
3790 3799 62
3790 3840 30
3791 3801 6
3820 3851 126
3831 3857 65
3855 3895 151
3868 3881 24
3879 3903 228
3892 3940 268
3900 3926 30
3919 3939 232
3930 3958 65
3955 3977 10
3973 4008 117
3990 4004 166
4012 4044 35
4040 4064 289
4064 4094 260
4068 4094 236
4086 4129 92
4095 4134 39
4124 4136 91
4151 4180 114
4156 4203 262
4183 4217 285
4202 4210 299
4218 4232 9
4245 4255 102
4260 4299 154
4273 4281 278
4302 4342 102
4320 4337 137
4342 4349 202
4358 4391 141
4381 4393 178
4407 4413 13
4408 4442 51
4425 4429 90
4449 4478 252
4475 4521 237
4480 4489 104
4502 4542 128
4526 4562 104
4545 4559 109
4563 4604 259
4574 4621 252
4598 4611 59
4601 4631 170
4619 4639 300
4648 4667 161
4655 4679 25
4674 4691 150
4677 4701 106
4687 4710 230
4690 4719 162
4713 4755 9
4739 4775 89
4759 4789 69
4787 4791 161
4802 4839 220
4805 4839 73
4815 4820 40
4836 4854 98
4847 4859 27
4868 4869 163
4878 4926 85
4894 4918 114
4911 4922 64
4933 4963 58
4937 4946 107
4953 4976 299
4955 4959 47
4974 4977 135
4986 5000 32
5014 5018 96
5032 5038 287
5033 5038 144
5038 5045 213
5059 5064 149
5062 5110 253
5088 5134 272
5092 5129 38
5112 5115 237
5131 5152 94
5150 5175 99
5162 5167 15
5186 5208 198
5208 5228 184
5237 5268 112
5254 5302 53
5276 5279 24
5293 5305 44
5315 5327 52
5327 5329 132
5336 5384 34
5344 5355 94
5354 5360 257
5377 5418 26
5405 5429 96
5429 5454 199
5440 5458 58
5442 5454 67
5470 5483 195
5498 5529 130
5507 5543 44
5512 5561 298
5515 5558 52
5539 5587 150
5550 5597 166
5556 5592 71
5585 5599 167
5590 5604 200
5590 5638 255
5593 5620 56
5601 5627 183
5616 5629 213
5628 5660 248
5657 5661 170
5683 5689 38
5686 5735 193
5704 5730 102
5724 5736 50
5738 5740 103
5767 5787 50
5775 5797 119
5796 5805 79
5824 5847 80
5850 5883 176
5861 5893 241
5869 5899 66
5871 5890 159
5888 5904 77
5891 5919 55
5910 5931 62
5914 5944 110
5924 5955 157
5952 5985 112
5973 6014 108
5990 6009 281
5998 6048 2
6007 6012 16
6035 6046 192
6064 6097 244
6087 6130 241
6089 6131 190
6090 6113 218
6111 6153 201
6111 6127 201
6111 6115 160
6125 6162 133
6151 6168 223
6164 6210 140
6174 6179 193
6189 6202 163
6213 6246 69
6241 6254 214
6248 6283 263
6257 6306 263
6281 6293 164
6311 6361 237
6315 6346 293
6327 6351 224
6350 6379 166
6354 6402 237
6375 6419 54
6383 6386 49
6410 6417 260
6411 6428 102
6422 6446 213
6434 6464 165
6460 6488 145
6474 6489 176
6503 6538 195
6504 6550 73
6519 6565 285
6526 6528 89
6538 6556 275
6540 6579 97
6560 6609 162
6563 6567 122
6586 6633 265
6602 6652 179
6603 6644 240
6609 6633 42
6624 6659 94
6647 6677 103
6660 6680 9
6668 6675 35
6689 6697 253
6711 6720 265
6738 6767 149
6768 6795 62
6790 6806 200
6795 6835 95
6825 6867 67
6832 6835 283
6857 6892 26
6867 6879 168
6893 6897 268
6896 6935 131
6920 6952 166
6947 6963 281
6965 6986 33
6979 6988 118
6979 6984 91
7004 7043 56
7033 7056 96
7044 7069 57
7074 7112 88
7091 7124 71
7120 7138 260
7137 7145 139
7160 7161 135
7187 7203 11
7212 7228 176
7220 7234 175
7224 7274 283
7232 7252 220
7256 7271 5
7286 7315 273
7316 7358 242
7339 7349 207
7348 7367 237
7371 7373 150
7376 7406 83
7389 7391 225
7412 7456 269
7433 7457 246
7444 7453 83
7468 7483 213
7497 7541 233
7508 7512 256
7513 7523 139
7537 7546 99
7553 7566 66
7571 7572 80
7581 7584 132
7596 7620 131
7617 7635 81
7635 7656 126
7638 7652 181
7658 7707 7
7687 7721 77
7687 7710 57
7702 7747 178
