500
29 66 165
45 77 95
68 82 261
96 131 164
98 133 17
126 148 21
138 175 271
147 177 138
165 191 80
188 232 114
194 203 102
199 208 1
214 228 67
242 284 160
254 267 191
276 307 37
276 312 239
285 311 65
293 320 239
303 352 35
316 324 163
319 355 114
330 373 91
342 356 5
366 405 26
375 402 222
395 425 119
401 420 229
428 468 36
457 498 219
482 529 47
498 524 14
521 551 138
534 546 284
541 577 283
569 599 180
591 611 79
613 647 163
613 660 125
615 654 86
617 667 47
637 681 62
656 693 99
686 708 266
706 733 69
711 713 158
722 772 180
728 767 146
757 794 243
781 818 67
805 822 287
827 867 31
835 873 169
838 857 239
861 903 228
881 921 54
909 919 233
937 960 189
960 962 40
963 969 136
989 1018 12
1002 1014 238
1014 1040 116
1026 1039 247
1053 1063 250
1072 1078 19
1074 1075 253
1079 1087 203
1085 1092 188
1091 1137 63
1114 1148 224
1141 1143 251
1151 1187 158
1157 1192 173
1172 1184 189
1196 1231 29
1223 1245 102
1241 1281 233
1258 1291 162
1267 1279 253
1279 1293 164
1296 1306 205
1317 1345 161
1333 1337 175
1351 1385 2
1370 1378 145
1395 1436 101
1414 1427 226
1436 1445 155
1464 1504 251
1473 1489 216
1478 1482 170
1483 1502 274
1493 1495 53
1511 1548 224
1537 1553 158
1543 1550 184
1554 1564 228
1584 1589 163
1611 1653 180
1621 1624 255
1643 1678 182
1666 1671 290
1682 1688 224
1708 1709 74
1713 1751 15
1729 1754 158
1757 1798 82
1757 1800 93
1781 1823 2
1800 1825 224
1816 1852 166
1826 1867 71
1829 1875 162
1831 1845 71
1843 1891 140
1871 1916 171
1892 1936 162
1906 1909 231
1932 1943 246
1934 1960 15
1960 1987 230
1978 1991 278
2008 2022 15
2037 2084 269
2047 2091 273
2050 2052 90
2066 2113 208
2092 2138 284
2105 2119 288
2131 2136 264
2159 2184 13
2168 2198 295
2182 2218 44
2183 2195 53
2189 2217 94
2196 2240 187
2210 2237 81
2213 2222 145
2228 2229 199
2249 2297 124
2274 2317 143
2291 2321 112
2315 2324 288
2322 2334 65
2349 2393 271
2378 2402 144
2404 2407 172
2408 2455 201
2412 2447 247
2424 2444 265
2425 2440 155
2454 2470 275
2462 2496 220
2472 2476 55
2497 2524 190
2516 2522 209
2546 2586 39
2562 2578 185
2583 2627 44
2610 2647 269
2633 2656 195
2643 2675 164
2644 2675 158
2656 2698 278
2681 2695 199
2699 2713 241
2729 2778 277
2752 2761 203
2768 2811 45
2792 2807 17
2818 2832 205
2826 2861 18
2830 2857 73
2838 2860 233
2846 2872 206
2869 2910 235
2876 2877 148
2883 2908 125
2894 2919 170
2920 2950 279
2947 2986 204
2960 3003 15
2966 2994 155
2970 3020 153
2990 3022 115
3002 3052 285
3004 3042 205
3022 3034 35
3051 3099 246
3058 3078 295
3070 3099 20
3080 3109 164
3099 3103 37
3100 3125 300
3111 3133 203
3130 3153 132
3143 3171 266
3143 3182 116
3147 3195 192
3177 3220 121
3180 3211 253
3199 3212 202
3216 3243 160
3237 3255 296
3263 3265 52
3263 3278 52
3264 3308 27
3294 3341 3
3302 3306 170
3319 3330 96
3345 3360 165
3345 3395 215
3366 3368 93
3369 3408 65
3371 3381 7
3392 3439 116
3421 3444 191
3442 3461 19
3464 3470 179
3484 3533 184
3509 3529 126
3513 3558 83
3537 3546 84
3562 3606 45
3565 3606 77
3592 3615 158
3618 3626 156
3620 3651 118
3637 3671 21
3656 3666 90
3665 3694 174
3694 3735 49
3713 3763 201
3733 3783 155
3762 3767 299
3770 3817 285
3777 3818 110
3807 3827 280
3837 3862 241
3854 3890 260
3883 3916 266
3906 3922 87
3918 3954 250
3918 3934 182
3945 3967 288
3953 3996 280
3972 3993 56
4000 4030 231
4008 4047 34
4014 4023 72
4038 4064 233
4067 4094 258
4074 4080 75
4079 4122 297
4098 4138 31
4120 4130 276
4125 4158 212
4145 4181 276
4146 4162 215
4147 4188 6
4168 4179 110
4188 4205 46
4189 4212 192
4199 4212 87
4202 4224 226
4216 4217 60
4232 4281 219
4250 4296 53
4268 4286 162
4294 4298 145
4307 4339 166
4314 4353 95
4339 4370 176
4342 4344 290
4343 4381 86
4357 4369 28
4370 4380 51
4386 4431 41
4414 4432 292
4434 4468 84
4458 4477 260
4487 4520 21
4516 4544 53
4525 4546 39
4533 4573 269
4558 4604 273
4573 4580 291
4585 4632 25
4611 4649 216
4617 4620 148
4637 4680 195
4665 4707 115
4675 4710 200
4690 4693 154
4695 4744 226
4708 4719 21
4738 4787 65
4746 4763 77
4763 4807 117
4775 4788 256
4791 4841 261
4796 4845 230
4826 4841 256
4850 4855 185
4857 4883 17
4874 4922 284
4891 4938 193
4918 4933 136
4931 4942 19
4958 4971 202
4977 5017 209
4996 5016 1
5014 5015 262
5031 5071 66
5053 5074 78
5062 5076 284
5091 5110 168
5119 5165 6
5121 5142 278
5136 5157 38
5158 5197 38
5169 5188 188
5198 5231 203
5213 5254 34
5240 5257 249
5254 5259 131
5272 5321 141
5277 5316 121
5289 5339 247
5308 5340 128
5322 5365 24
5338 5357 214
5352 5369 13
5371 5380 250
5371 5418 114
5391 5437 282
5401 5413 51
5414 5444 17
5434 5453 197
5442 5482 288
5457 5497 35
5483 5530 257
5496 5545 195
5508 5517 48
5531 5550 109
5551 5567 228
5565 5595 271
5574 5604 102
5602 5614 237
5631 5644 212
5650 5692 131
5675 5723 31
5700 5744 106
5712 5747 296
5734 5751 83
5757 5800 202
5787 5794 33
5788 5805 60
5791 5833 165
5815 5851 295
5821 5866 42
5848 5885 282
5874 5914 221
5895 5942 146
5925 5933 230
5925 5953 73
5925 5956 296
5932 5954 266
5943 5959 9
5943 5989 175
5949 5982 133
5953 5995 296
5976 6018 168
5991 6005 71
6000 6011 239
6015 6038 44
6015 6034 46
6029 6076 292
6030 6053 129
6055 6056 155
6085 6095 260
6085 6125 81
6115 6164 269
6124 6172 156
6138 6181 215
6163 6197 213
6191 6236 154
6216 6256 135
6224 6239 48
6254 6302 135
6259 6265 255
6289 6295 113
6307 6353 298
6319 6362 4
6343 6349 145
6366 6403 93
6374 6389 71
6375 6407 293
6401 6432 108
6411 6442 203
6420 6425 238
6449 6480 298
6456 6498 254
6475 6525 66
6491 6526 13
6509 6544 206
6537 6549 76
6559 6606 26
6583 6597 119
6601 6638 295
6610 6655 38
6614 6651 212
6639 6667 82
6668 6701 227
6697 6743 30
6709 6741 84
6712 6759 65
6724 6762 139
6733 6755 179
6734 6783 46
6761 6788 71
6790 6826 139
6794 6810 264
6805 6817 21
6815 6847 213
6839 6889 257
6839 6889 211
6852 6870 270
6866 6911 287
6891 6921 20
6904 6940 68
6927 6930 140
6941 6962 82
6966 7007 119
6980 7008 278
6981 7016 1
7004 7026 12
7010 7041 247
7032 7040 200
7061 7106 196
7063 7097 89
7065 7078 268
7083 7085 221
7090 7125 168
7118 7132 117
7129 7164 137
7133 7165 225
7159 7174 137
7164 7173 117
7177 7223 104
7180 7187 75
7187 7190 162
7210 7218 209
7235 7268 28
7250 7297 124
7254 7260 169
7269 7274 150
7280 7302 81
7302 7324 142
7331 7365 200
7345 7365 218
7365 7400 125
7368 7370 32
7378 7415 292
7389 7432 57
7405 7443 13
7433 7480 65
7455 7474 219
7465 7480 194
7494 7513 62
7520 7544 161
7545 7570 61
7574 7609 120
7576 7622 231
7579 7621 66
7594 7622 10
7623 7673 42
7636 7650 227
7649 7699 266
7654 7685 43
7674 7683 66
7697 7735 210
7700 7734 273
7706 7736 280
7713 7714 93
7734 7746 166
7740 7768 118
7768 7771 222
7775 7783 113
7802 7830 45
7805 7828 277
7834 7846 275
7837 7851 8
7860 7861 239
7875 7919 63
7897 7903 75
7924 7943 26
7927 7941 113
7937 7954 249
