500
16 45 207
27 76 23
46 93 196
59 106 82
64 79 13
86 89 73
97 103 250
101 137 246
126 143 219
133 150 107
141 171 161
163 190 74
168 206 21
197 199 290
223 269 88
243 292 199
248 261 283
255 302 169
258 286 260
287 332 223
301 319 229
325 366 145
326 337 60
356 374 127
386 406 177
400 422 34
402 407 103
424 474 289
428 469 271
447 474 155
477 517 53
492 508 9
500 548 222
503 551 272
525 541 223
529 574 100
539 568 43
549 577 59
552 585 43
558 594 80
577 625 164
589 621 138
598 612 251
618 647 240
648 695 1
666 696 265
696 717 196
696 710 159
713 721 39
723 756 91
731 766 120
746 779 61
748 766 195
749 756 84
767 781 93
792 798 43
801 843 263
818 857 213
839 877 213
864 901 103
871 916 174
872 911 146
876 896 156
878 881 50
906 944 282
929 963 146
959 970 210
979 1017 129
984 1020 294
1013 1060 183
1030 1042 49
1038 1039 23
1059 1105 21
1060 1064 4
1080 1127 286
1092 1100 234
1119 1137 292
1137 1186 4
1138 1183 221
1153 1183 223
1175 1220 210
1175 1222 244
1202 1252 62
1209 1255 146
1217 1231 285
1241 1279 256
1247 1259 284
1261 1276 125
1290 1305 220
1310 1348 239
1337 1355 122
1363 1399 274
1368 1384 252
1368 1397 255
1389 1397 22
1390 1393 135
1413 1445 51
1432 1454 163
1461 1511 184
1461 1479 2
1465 1474 65
1489 1524 66
1516 1517 104
1534 1561 94
1558 1600 298
1565 1600 193
1570 1585 32
1599 1646 100
1627 1643 123
1629 1669 131
1632 1662 209
1661 1704 101
1678 1727 67
1692 1732 233
1700 1724 47
1719 1750 207
1732 1740 211
1758 1787 227
1761 1799 180
1788 1801 123
1788 1830 290
1805 1829 114
1806 1855 35
1823 1861 104
1845 1850 198
1875 1878 267
1895 1896 87
1914 1944 255
1919 1930 67
1927 1975 287
1928 1956 192
1936 1985 264
1954 1990 223
1957 2004 62
1973 1989 140
1980 1993 189
1993 1999 218
1994 2007 50
2004 2009 171
2020 2047 277
2032 2038 3
2044 2092 110
2045 2068 66
2053 2081 241
2083 2124 240
2092 2132 217
2098 2110 151
2100 2108 140
2107 2108 238
2119 2142 217
2136 2138 256
2136 2166 269
2136 2186 65
2156 2168 260
2178 2186 274
2187 2229 217
2206 2225 55
2229 2241 138
2250 2259 147
2251 2262 164
2263 2296 170
2274 2302 101
2284 2301 28
2313 2341 66
2323 2363 111
2350 2364 40
2364 2396 130
2387 2429 5
2387 2396 5
2399 2403 39
2425 2474 61
2452 2453 166
2466 2495 133
2477 2527 11
2491 2507 244
2507 2544 62
2535 2555 215
2563 2606 17
2588 2621 293
2610 2650 231
2631 2648 125
2653 2664 6
2655 2671 11
2680 2710 273
2697 2736 300
2716 2757 100
2720 2722 54
2723 2769 218
2741 2756 133
2761 2780 61
2776 2802 137
2787 2829 284
2808 2846 138
2828 2847 101
2843 2845 281
2868 2871 63
2872 2886 5
2872 2911 24
2882 2931 60
2882 2911 28
2904 2931 23
2927 2966 177
2956 2981 268
2971 2989 261
2994 2996 100
3023 3069 211
3032 3077 64
3032 3072 151
3035 3036 28
3035 3036 46
3057 3090 252
3076 3103 95
3096 3131 205
3099 3110 286
3117 3146 278
3128 3147 31
3146 3148 183
3171 3201 92
3201 3242 153
3205 3233 141
3234 3250 274
3239 3246 230
3247 3249 293
3265 3276 122
3287 3331 143
3314 3349 214
3332 3370 38
3345 3365 89
3366 3385 258
3378 3382 44
3402 3409 266
3408 3410 28
3434 3480 252
3449 3469 227
3479 3526 156
3487 3496 67
3500 3529 56
3500 3515 262
3503 3543 203
3511 3537 174
3532 3572 38
3559 3598 67
3560 3602 45
3575 3622 185
3595 3636 27
3615 3648 124
3628 3663 115
3636 3684 176
3646 3674 278
3650 3685 16
3675 3690 228
3701 3715 59
3705 3719 101
3723 3749 133
3740 3764 119
3750 3766 142
3775 3815 161
3798 3799 128
3822 3859 258
3827 3840 231
3852 3854 255
3868 3895 58
3898 3941 114
3911 3960 51
3921 3966 240
3926 3933 26
3950 3965 52
3967 3989 161
3991 4038 81
4009 4041 162
4013 4034 148
4030 4044 13
4054 4078 164
4070 4094 208
4079 4097 165
4108 4117 5
4133 4160 262
4139 4160 260
4161 4173 256
4191 4195 13
4201 4216 171
4231 4264 186
4231 4278 111
4234 4259 287
4264 4307 40
4275 4317 63
4289 4291 154
4292 4312 143
4299 4310 103
4320 4328 71
4331 4366 226
4335 4343 161
4351 4357 261
4362 4391 274
4372 4402 226
4380 4392 132
4387 4402 80
4416 4422 162
4431 4460 285
4440 4448 270
4453 4470 24
4461 4498 82
4477 4501 159
4491 4512 273
4514 4519 161
4539 4554 121
4563 4610 295
4578 4603 160
4591 4614 214
4595 4615 164
4602 4613 170
4604 4620 170
4632 4657 8
4655 4703 77
4666 4680 89
4683 4717 158
4709 4724 93
4727 4732 124
4750 4767 189
4764 4766 97
4792 4796 252
4797 4802 68
4818 4850 91
4838 4854 246
4863 4883 91
4881 4905 153
4908 4922 193
4929 4972 193
4949 4958 148
4972 4993 260
4992 5016 78
5007 5011 189
5029 5035 243
5040 5072 113
5049 5094 15
5078 5095 119
5089 5129 22
5112 5116 276
5112 5141 257
5115 5153 262
5132 5165 173
5136 5144 88
5165 5179 276
5193 5225 260
5199 5224 263
5222 5271 146
5231 5266 88
5245 5265 197
5267 5317 293
5296 5316 163
5326 5340 14
5354 5356 294
5380 5422 10
5407 5414 208
5412 5445 4
5442 5454 40
5445 5447 300
5458 5483 80
5462 5505 222
5471 5512 244
5490 5531 184
5503 5507 151
5507 5537 199
5526 5565 187
5538 5570 141
5568 5577 166
5570 5584 259
5593 5631 239
5597 5647 35
5600 5604 273
5611 5656 198
5620 5670 207
5646 5685 22
5650 5660 272
5656 5660 206
5678 5693 45
5704 5711 47
5706 5749 294
5735 5763 227
5750 5755 299
5764 5801 17
5783 5827 155
5811 5847 239
5819 5846 7
5845 5882 230
5864 5904 210
5878 5891 212
5881 5916 200
5884 5916 198
5899 5945 178
5907 5909 211
5911 5919 85
5924 5948 113
5941 5984 189
5949 5981 279
5961 6002 75
5973 5993 283
5997 6043 5
6026 6041 195
6041 6059 296
6060 6065 149
6062 6103 15
6088 6089 202
6113 6119 268
6115 6151 198
6117 6124 82
6147 6159 124
6170 6219 206
6200 6226 74
6229 6279 138
6252 6269 26
6264 6282 266
6286 6298 249
6287 6332 272
6299 6304 29
6306 6352 11
6326 6354 131
6348 6388 149
6374 6395 158
6404 6422 206
6407 6442 60
6412 6432 48
6436 6445 235
6458 6474 277
6465 6483 5
6478 6525 298
6484 6511 293
6494 6542 189
6505 6528 4
6506 6521 295
6517 6531 274
6544 6568 120
6571 6579 25
6599 6642 157
6620 6650 87
6630 6635 233
6648 6655 107
6649 6690 58
6668 6682 206
6692 6723 252
6708 6756 29
6711 6742 262
6733 6760 36
6745 6771 201
6747 6786 89
6758 6776 287
6764 6795 70
6790 6810 69
6798 6811 236
6804 6842 180
6806 6817 97
6820 6851 261
6836 6857 284
6839 6885 96
6867 6902 26
6871 6904 280
6901 6939 272
6925 6952 268
6931 6945 287
6959 6964 6
6982 7026 284
7010 7033 166
7035 7051 122
7047 7053 243
7057 7073 142
7059 7076 146
7083 7126 175
7097 7136 114
7123 7149 298
7153 7190 299
7176 7222 265
7187 7188 193
7197 7204 224
7227 7245 222
7252 7270 1
7252 7257 243
7273 7274 24
7298 7341 217
7310 7360 156
7311 7337 6
7315 7318 276
7336 7366 110
7359 7382 196
7387 7406 195
7400 7416 76
7419 7434 5
7438 7466 285
7446 7494 62
7452 7501 147
7463 7509 66
7484 7533 249
7501 7544 227
7527 7560 21
7550 7567 50
7576 7604 248
7600 7644 38
7618 7651 48
7645 7682 226
7664 7692 134
7667 7705 125
