500
29 76 143
31 70 7
33 38 239
55 59 29
58 88 288
87 107 142
111 128 230
112 125 265
127 166 160
132 138 27
135 159 94
148 181 214
167 206 166
192 231 264
194 212 138
199 248 219
207 254 167
219 231 133
245 248 171
247 292 73
269 316 93
283 302 193
307 325 153
308 339 185
330 363 177
340 342 107
360 381 181
362 409 265
368 379 10
378 411 90
399 406 220
406 417 19
416 424 214
418 451 33
431 473 250
458 491 25
487 513 28
503 549 222
521 563 177
541 584 185
571 579 273
572 599 241
591 598 244
592 593 24
594 616 136
611 616 50
633 642 296
648 657 190
676 719 123
700 722 238
715 752 19
737 777 182
751 784 52
754 788 172
757 763 36
771 819 288
801 822 157
822 859 263
839 853 64
855 896 64
861 869 53
885 913 182
890 901 195
891 906 11
912 956 239
925 942 28
946 957 42
964 974 182
964 1002 3
993 999 19
1012 1032 294
1020 1037 44
1048 1066 157
1076 1083 78
1081 1083 239
1095 1128 116
1102 1150 143
1117 1134 244
1131 1167 224
1142 1187 278
1161 1188 197
1166 1190 263
1167 1194 150
1176 1203 129
1178 1200 168
1206 1225 189
1215 1219 242
1234 1284 88
1250 1292 239
1278 1301 18
1285 1304 270
1307 1339 89
1336 1366 136
1357 1379 208
1385 1417 22
1414 1417 257
1434 1480 102
1463 1464 167
1483 1532 256
1485 1521 54
1493 1515 207
1516 1524 124
1545 1570 8
1567 1571 4
1570 1584 21
1598 1613 123
1603 1642 227
1616 1659 37
1616 1633 221
1629 1638 218
1652 1657 298
1678 1717 45
1687 1737 2
1713 1748 274
1720 1724 167
1724 1772 129
1743 1769 117
1772 1784 223
1795 1820 64
1801 1809 19
1828 1869 205
1855 1861 169
1873 1897 87
1894 1936 297
1916 1954 188
1940 1974 246
1942 1985 148
1956 1973 77
1963 2010 164
1970 1990 258
1983 2005 9
1986 2006 177
1987 1988 4
1994 2033 86
1997 2035 168
1999 2000 11
2021 2045 29
2024 2037 193
2047 2068 43
2053 2057 77
2070 2113 38
2093 2106 142
2121 2148 42
2121 2129 174
2130 2139 257
2146 2180 78
2147 2164 171
2152 2190 271
2172 2200 281
2182 2230 261
2191 2223 9
2216 2222 175
2239 2272 220
2261 2290 54
2263 2306 279
2272 2298 124
2279 2280 164
2305 2322 54
2310 2324 239
2335 2379 53
2350 2398 14
2360 2386 280
2371 2376 241
2371 2408 180
2393 2395 229
2393 2418 234
2416 2447 47
2446 2466 257
2470 2471 193
2496 2542 270
2508 2555 230
2527 2535 137
2546 2572 235
2561 2579 257
2582 2613 23
2608 2614 187
2631 2655 71
2650 2668 87
2671 2672 57
2672 2676 110
2681 2719 234
2693 2701 27
2695 2744 244
2706 2743 119
2707 2727 110
2733 2760 87
2761 2780 78
2765 2799 110
2785 2819 255
2815 2844 32
2817 2843 128
2835 2860 237
2843 2860 249
2844 2850 159
2869 2873 193
2871 2875 62
2877 2884 51
2897 2927 62
2914 2932 196
2924 2970 84
2925 2974 253
2954 2989 58
2966 2980 169
2978 3003 117
2990 2991 131
2991 2995 25
2996 3017 13
3023 3028 76
3045 3086 290
3056 3083 106
3069 3108 30
3098 3106 289
3122 3152 95
3149 3198 111
3159 3191 54
3174 3208 284
3197 3235 150
3201 3206 182
3219 3254 159
3240 3275 54
3242 3282 143
3256 3275 164
3265 3300 244
3288 3300 66
3290 3319 62
3306 3310 192
3310 3322 257
3310 3312 150
3338 3359 96
3342 3378 256
3372 3395 120
3374 3392 108
3392 3431 162
3414 3435 199
3419 3469 79
3446 3482 17
3456 3461 8
3480 3493 181
3486 3513 4
3491 3522 68
3512 3548 256
3540 3565 110
3563 3593 292
3566 3615 131
3583 3608 199
3587 3597 183
3603 3637 286
3611 3622 106
3633 3647 191
3658 3684 42
3671 3718 156
3679 3705 248
3703 3739 215
3733 3738 35
3748 3789 282
3753 3766 41
3775 3795 276
3783 3821 159
3788 3817 287
3794 3817 214
3817 3854 174
3841 3843 60
3850 3886 51
3874 3904 154
3898 3932 30
3916 3955 58
3937 3970 40
3950 3973 248
3957 4000 221
3972 4004 279
3987 4034 105
3998 4045 224
4014 4034 197
4029 4070 247
4050 4097 13
4071 4119 193
4072 4121 300
4090 4129 160
4113 4155 161
4129 4170 280
4136 4179 293
4150 4194 80
4150 4185 9
4173 4174 253
4203 4209 155
4215 4236 156
4241 4249 176
4246 4264 189
4259 4279 34
4277 4303 46
4307 4323 29
4327 4375 46
4349 4388 2
4350 4371 121
4378 4426 52
4400 4415 284
4408 4445 32
4418 4427 65
4443 4449 232
4465 4481 30
4482 4486 145
4492 4515 218
4496 4514 45
4504 4517 44
4508 4555 124
4521 4557 14
4530 4538 67
4536 4586 139
4542 4570 282
4570 4578 300
4597 4629 214
4619 4636 8
4629 4673 192
4633 4654 171
4636 4685 127
4636 4655 122
4657 4678 249
4673 4692 237
4696 4715 258
4724 4749 40
4731 4743 107
4753 4785 3
4759 4764 138
4762 4805 54
4781 4819 139
4807 4824 267
4816 4817 101
4827 4854 238
4847 4856 107
4874 4924 143
4897 4922 242
4911 4948 113
4929 4941 67
4938 4944 81
4963 4990 158
4993 5009 129
4999 5001 114
5005 5035 7
5031 5076 133
5052 5064 96
5055 5093 141
5062 5110 186
5082 5124 206
5098 5127 94
5101 5108 203
5112 5159 52
5141 5150 198
5145 5191 23
5148 5193 295
5164 5195 232
5169 5189 144
5198 5221 188
5208 5252 258
5214 5221 37
5224 5260 46
5234 5263 94
5237 5261 265
5239 5259 294
5243 5268 278
5256 5304 159
5273 5278 46
5295 5343 19
5322 5370 83
5326 5346 218
5352 5373 257
5379 5383 112
5394 5414 275
5419 5433 76
5435 5436 27
5461 5487 20
5476 5483 138
5490 5533 7
5510 5527 187
5532 5580 57
5547 5554 54
5559 5590 168
5581 5625 4
5594 5599 82
5619 5640 255
5621 5631 107
5637 5645 290
5665 5703 259
5679 5695 57
5696 5705 81
5725 5735 279
5732 5761 105
5737 5756 150
5759 5766 269
5777 5809 36
5799 5806 146
5818 5846 135
5833 5874 280
5845 5874 54
5870 5873 90
5872 5916 51
5887 5891 69
5914 5919 121
5931 5956 120
5951 5967 274
5954 5978 207
5957 5972 44
5985 6033 282
6003 6015 262
6023 6073 225
6038 6060 297
6048 6057 217
6065 6086 86
6066 6068 51
6081 6130 286
6082 6101 116
6109 6148 248
6128 6132 142
6133 6143 2
6154 6160 14
6171 6179 64
6176 6183 187
6193 6209 121
6198 6201 87
6212 6230 158
6234 6277 18
6250 6266 279
6257 6273 218
6260 6263 122
6290 6336 163
6292 6299 67
6321 6355 216
6322 6339 67
6345 6352 227
6374 6388 164
6391 6429 293
6396 6414 251
6401 6433 282
6413 6462 160
6419 6442 139
6443 6447 16
6468 6475 135
6493 6531 190
6502 6530 233
6511 6521 46
6534 6544 132
6558 6593 233
6568 6598 102
6580 6605 136
6605 6606 82
6613 6625 84
6616 6621 122
6626 6652 201
6656 6695 179
6664 6706 60
6671 6703 39
6691 6724 207
6716 6759 203
6743 6782 296
6743 6783 95
6772 6817 295
6786 6818 225
6808 6851 30
6830 6849 286
6831 6861 269
6847 6849 176
6868 6912 133
6884 6892 176
6912 6948 216
6939 6961 253
6941 6988 156
6970 7003 102
6978 7013 18
6997 7006 298
7004 7021 166
7034 7055 111
7047 7084 10
7047 7053 3
7056 7078 264
7076 7088 168
7088 7091 201
7117 7125 228
7141 7148 191
7147 7190 219
7158 7202 75
7188 7228 7
7215 7251 170
7224 7274 142
7225 7247 243
7234 7284 132
7239 7250 247
7269 7295 95
7288 7299 187
7295 7311 221
7316 7345 128
7325 7326 219
7331 7374 91
7360 7403 139
7383 7416 6
7394 7421 227
7421 7436 274
7439 7472 158
7444 7479 6
7448 7478 19
7460 7485 168
7485 7511 27
