500
3 7 12
22 44 156
32 79 96
57 86 256
73 108 111
84 134 195
110 134 73
121 136 154
124 130 8
144 185 289
154 182 28
168 186 199
186 221 14
212 249 51
229 274 120
235 283 251
260 287 281
261 293 23
279 320 116
294 323 29
316 359 291
344 371 158
374 393 26
393 433 54
406 428 71
410 416 96
431 463 210
437 487 124
453 471 210
463 480 211
484 519 236
504 517 99
511 524 194
529 577 209
542 544 159
555 604 253
566 572 139
573 619 133
574 590 175
589 615 199
599 615 282
627 654 202
629 665 193
631 637 192
653 664 27
680 719 38
710 736 286
734 783 30
739 763 57
746 750 196
761 799 245
786 809 196
813 832 255
827 867 216
855 861 249
880 911 145
883 909 190
893 941 179
912 916 88
918 928 108
936 955 32
944 963 260
947 985 90
951 984 143
956 993 112
983 998 52
995 1037 160
1019 1045 288
1031 1060 216
1035 1085 226
1062 1070 124
1072 1115 202
1096 1129 294
1117 1128 22
1147 1168 123
1174 1206 58
1201 1212 196
1229 1277 73
1257 1291 236
1286 1310 119
1310 1345 61
1327 1360 153
1328 1342 102
1353 1364 27
1360 1382 111
1378 1389 102
1385 1400 112
1412 1451 1
1428 1464 245
1453 1496 246
1477 1482 244
1503 1549 38
1504 1509 248
1513 1534 96
1525 1561 132
1550 1552 40
1550 1569 125
1568 1599 56
1585 1598 75
1585 1616 62
1608 1620 53
1630 1668 279
1656 1676 201
1679 1720 195
1706 1723 249
1715 1753 11
1740 1781 203
1741 1756 195
1765 1792 32
1785 1828 272
1792 1795 15
1814 1832 120
1815 1824 111
1821 1868 288
1845 1854 198
1848 1854 41
1861 1890 80
1876 1878 1
1886 1929 118
1889 1930 270
1890 1893 129
1907 1923 240
1918 1957 62
1939 1970 116
1952 1976 18
1961 1977 126
1972 1977 272
1989 1993 300
1991 2007 223
2020 2063 81
2033 2076 218
2046 2087 80
2065 2113 234
2084 2118 19
2112 2161 78
2138 2159 62
2163 2164 282
2177 2206 28
2180 2228 269
2199 2239 24
2213 2242 148
2236 2280 172
2240 2265 137
2250 2259 287
2263 2299 237
2273 2311 9
2287 2314 282
2314 2355 197
2318 2356 217
2333 2340 292
2355 2365 220
2362 2386 14
2377 2412 56
2394 2417 177
2400 2448 172
2425 2431 84
2439 2470 280
2462 2482 42
2467 2501 229
2472 2497 9
2472 2520 35
2473 2520 13
2497 2499 246
2513 2561 229
2515 2547 105
2539 2560 177
2558 2591 49
2586 2628 259
2616 2650 12
2625 2656 111
2633 2666 103
2662 2676 159
2663 2698 227
2690 2723 154
2696 2712 266
2706 2725 193
2718 2730 94
2718 2762 297
2723 2736 93
2728 2770 60
2733 2774 211
2735 2773 280
2756 2794 141
2781 2812 38
2810 2818 94
2830 2859 116
2846 2864 270
2867 2879 62
2888 2892 69
2917 2961 135
2923 2927 293
2939 2977 30
2960 2994 158
2962 2987 253
2973 3008 67
2982 3001 69
2988 3000 185
3012 3014 3
3017 3043 9
3017 3057 101
3044 3081 181
3059 3068 17
3087 3098 225
3096 3121 125
3115 3143 148
3123 3147 237
3126 3146 144
3143 3169 296
3173 3211 179
3188 3201 228
3195 3239 20
3210 3216 77
3215 3251 232
3242 3250 85
3270 3276 75
3299 3324 123
3300 3343 238
3329 3343 113
3356 3374 161
3364 3405 178
3379 3399 194
3401 3417 146
3406 3440 48
3408 3420 175
3417 3457 12
3446 3453 42
3454 3495 88
3455 3477 251
3481 3501 119
3484 3487 275
3491 3518 296
3494 3497 212
3500 3524 236
3507 3540 231
3514 3523 106
3518 3538 221
3539 3557 10
3563 3571 50
3575 3607 64
3605 3620 176
3605 3647 253
3610 3647 24
3621 3652 1
3651 3664 176
3653 3666 187
3675 3678 259
3705 3723 162
3718 3767 42
3726 3744 188
3745 3762 60
3749 3752 281
3766 3798 184
3779 3789 159
3806 3809 265
3820 3839 19
3849 3883 199
3874 3892 35
3885 3921 133
3889 3898 139
3915 3958 170
3916 3948 280
3944 3946 21
3949 3991 20
3960 3983 281
3961 4009 154
3962 3963 5
3966 3998 209
3978 4013 163
3991 4024 145
4002 4039 104
4009 4023 147
4017 4044 49
4017 4040 133
4044 4055 153
4051 4083 164
4077 4093 180
4078 4119 163
4079 4093 188
4097 4135 257
4105 4108 234
4108 4110 186
4124 4174 63
4138 4139 151
4148 4174 57
4171 4200 38
4179 4227 93
4197 4220 286
4211 4259 102
4235 4242 126
4250 4267 128
4269 4316 98
4288 4320 215
4290 4314 21
4299 4346 208
4326 4376 198
4336 4383 121
4353 4388 119
4358 4371 188
4387 4429 155
4405 4415 27
4414 4464 51
4415 4422 48
4441 4491 151
4457 4486 52
4483 4529 197
4501 4512 61
4515 4520 197
4544 4586 112
4557 4586 174
4578 4626 223
4578 4606 16
4594 4596 295
4624 4635 132
4629 4641 105
4637 4672 69
4640 4649 173
4644 4683 227
4674 4709 286
4678 4716 185
4707 4711 164
4717 4767 218
4729 4754 71
4747 4784 268
4750 4765 116
4751 4797 164
4765 4807 275
4780 4791 9
4807 4847 88
4820 4830 241
4842 4865 38
4867 4892 230
4896 4908 19
4926 4947 107
4956 4984 118
4966 4967 248
4992 5015 179
5015 5060 82
5026 5064 53
5026 5056 204
5051 5075 104
5070 5077 209
5089 5121 230
5104 5153 86
5134 5157 229
5164 5197 128
5192 5230 45
5220 5223 61
5238 5282 149
5265 5284 108
5271 5273 134
5283 5309 196
5312 5318 194
5313 5363 272
5313 5317 34
5330 5356 117
5346 5348 190
5360 5369 119
5386 5424 94
5406 5415 118
5428 5476 277
5438 5450 84
5448 5481 121
5457 5473 291
5466 5488 1
5469 5494 103
5492 5493 168
5522 5560 71
5534 5579 257
5536 5585 249
5538 5557 131
5556 5558 187
5575 5596 129
5594 5606 24
5603 5637 132
5605 5643 164
5606 5615 161
5616 5658 142
5641 5675 150
5642 5668 21
5647 5671 44
5670 5684 229
5677 5698 250
5699 5727 193
5726 5757 188
5736 5768 156
5760 5802 37
5787 5822 277
5807 5825 249
5815 5849 13
5830 5866 185
5849 5863 189
5869 5906 42
5892 5940 5
5901 5951 263
5931 5945 212
5937 5946 128
5962 5971 273
5987 6029 69
6003 6015 123
6029 6053 265
6053 6073 32
6078 6109 204
6100 6125 11
6111 6160 261
6123 6124 132
6145 6149 157
6169 6183 100
6169 6190 43
6195 6228 138
6197 6230 209
6200 6211 157
6205 6219 190
6221 6230 261
6238 6245 231
6245 6248 284
6271 6298 64
6288 6318 169
6307 6309 118
6324 6358 240
6331 6334 119
6359 6365 229
6387 6426 96
6408 6438 221
6434 6453 132
6441 6444 74
6470 6506 141
6485 6520 20
6510 6555 162
6524 6569 260
6534 6540 188
6539 6545 137
6558 6601 130
6559 6560 6
6584 6590 103
6602 6637 125
6615 6653 52
6636 6670 34
6662 6668 202
6670 6717 183
6681 6683 62
6698 6704 54
6699 6713 259
6722 6752 220
6740 6755 195
6763 6790 74
6763 6799 152
6773 6795 182
6779 6792 88
6781 6804 141
6789 6818 203
6800 6823 2
6814 6846 188
6815 6860 27
6838 6870 235
6852 6861 211
6854 6893 272
6878 6916 193
6888 6911 231
6901 6951 73
6919 6938 29
6931 6937 109
6947 6966 165
6965 6973 57
6971 7020 210
6982 7030 95
7006 7024 68
7010 7045 280
7015 7027 294
7039 7041 224
7058 7093 253
7072 7100 236
7101 7104 217
7123 7167 107
7142 7177 93
7160 7201 57
7174 7205 174
7184 7195 127
7212 7256 156
7226 7241 58
7251 7267 224
7274 7294 174
7293 7300 33
7319 7323 69
7330 7354 19
7350 7351 294
7373 7401 167
7398 7422 26
7406 7427 30
7426 7467 79
7430 7453 212
7446 7462 264
7465 7493 96
7466 7476 4
7475 7501 154
7504 7553 151
7508 7538 26
7509 7532 164
7513 7544 283
7538 7559 223
7566 7592 61
