500
3 11 241
20 35 166
40 61 224
47 54 259
53 56 114
79 127 234
84 115 31
103 135 3
114 148 22
133 161 193
145 154 35
163 210 32
168 186 140
176 178 281
200 212 97
228 235 279
237 265 262
251 287 62
270 276 40
273 309 134
284 285 133
313 321 3
323 351 4
331 372 97
335 364 152
338 346 118
365 391 101
385 391 144
385 412 85
401 444 203
410 431 221
418 438 222
419 422 140
440 457 241
464 476 189
487 537 139
495 496 17
510 537 268
520 539 193
528 560 126
528 534 177
546 589 184
555 563 280
556 583 82
557 558 209
562 597 123
583 633 269
613 657 193
630 653 234
643 649 158
643 654 142
643 686 67
661 670 260
664 687 219
693 701 36
709 754 266
739 756 154
762 801 41
764 790 251
782 806 120
798 819 22
798 835 234
809 815 100
831 874 168
849 870 295
873 921 191
883 911 169
899 903 243
903 924 64
929 975 83
941 960 208
944 983 24
951 955 191
968 991 119
992 1012 202
995 1023 71
1003 1021 132
1018 1068 240
1038 1070 186
1052 1102 157
1077 1117 188
1080 1125 290
1088 1095 108
1115 1140 282
1129 1134 67
1145 1157 217
1154 1157 286
1163 1174 146
1183 1198 1
1199 1215 169
1201 1218 69
1211 1261 126
1229 1268 268
1258 1268 246
1273 1311 179
1301 1346 123
1330 1348 212
1345 1366 132
1371 1387 266
1396 1407 198
1396 1412 284
1425 1460 249
1440 1474 92
1440 1453 35
1455 1496 229
1470 1503 13
1489 1502 80
1495 1524 80
1512 1543 248
1529 1550 24
1544 1582 129
1571 1603 264
1574 1611 63
1595 1627 58
1599 1603 188
1604 1652 6
1631 1655 62
1659 1701 191
1674 1685 116
1674 1721 201
1688 1702 200
1698 1731 155
1704 1727 239
1718 1762 237
1741 1785 150
1749 1798 285
1759 1788 196
1760 1799 218
1789 1819 264
1793 1822 103
1801 1803 63
1820 1848 10
1832 1870 108
1856 1868 80
1880 1883 124
1884 1932 90
1893 1894 284
1896 1933 54
1909 1939 269
1912 1955 265
1926 1936 252
1941 1966 87
1950 1973 199
1968 1990 297
1995 2044 287
2011 2041 146
2020 2051 118
2034 2045 10
2064 2109 159
2066 2096 100
2084 2095 280
2093 2098 153
2099 2104 221
2101 2128 260
2126 2135 222
2139 2149 122
2142 2159 122
2154 2196 214
2183 2218 198
2206 2239 32
2217 2227 254
2227 2274 107
2233 2239 181
2260 2273 222
2276 2309 215
2280 2314 124
2295 2332 177
2311 2357 92
2337 2356 127
2354 2401 246
2377 2389 266
2406 2448 242
2422 2436 285
2425 2437 181
2437 2459 149
2446 2450 222
2455 2458 97
2467 2511 45
2483 2499 21
2498 2535 179
2519 2526 191
2546 2592 89
2550 2569 49
2558 2599 286
2584 2631 125
2594 2613 11
2615 2632 87
2637 2645 213
2643 2686 79
2643 2647 215
2649 2672 247
2668 2703 152
2682 2714 128
2692 2725 19
2704 2713 206
2733 2770 104
2757 2799 167
2761 2806 46
2762 2776 31
2789 2838 5
2795 2808 60
2801 2817 250
2824 2861 69
2839 2877 247
2852 2864 297
2859 2863 179
2874 2907 120
2897 2915 231
2916 2935 19
2928 2934 34
2935 2966 165
2964 2989 230
2977 2994 19
3004 3031 197
3016 3053 179
3037 3057 75
3049 3074 85
3054 3078 113
3062 3079 42
3066 3112 15
3081 3120 206
3102 3119 186
3106 3108 215
3121 3134 129
3143 3156 152
3146 3171 162
3170 3174 172
3178 3215 45
3197 3244 1
3199 3209 30
3216 3264 223
3239 3252 220
3269 3272 202
3294 3335 122
3316 3331 294
3329 3339 120
3337 3353 237
3343 3357 110
3355 3394 59
3362 3398 142
3381 3428 233
3382 3411 107
3402 3427 51
3411 3448 143
3432 3459 25
3459 3483 179
3482 3485 245
3490 3518 3
3506 3510 207
3512 3555 78
3523 3525 86
3531 3541 231
3536 3542 128
3548 3564 90
3564 3593 127
3589 3616 181
3619 3635 238
3640 3671 221
3660 3685 33
3679 3710 90
3700 3750 220
3713 3748 168
3724 3727 193
3751 3793 109
3764 3813 136
3791 3836 230
3791 3807 109
3819 3856 226
3832 3837 49
3832 3878 178
3862 3900 122
3885 3892 246
3907 3933 37
3907 3923 272
3922 3932 159
3931 3980 113
3931 3932 268
3950 3996 262
3966 3985 186
3994 4002 102
3995 4026 174
4005 4046 78
4012 4041 264
4031 4049 261
4051 4085 49
4081 4117 87
4089 4101 180
4095 4132 276
4117 4143 125
4147 4194 85
4176 4187 16
4190 4213 117
4201 4250 141
4201 4241 115
4220 4259 37
4228 4271 52
4243 4282 56
4264 4284 186
4274 4306 48
4295 4303 80
4320 4323 279
4347 4369 254
4354 4392 300
4376 4379 97
4387 4431 295
4393 4435 287
4419 4466 75
4428 4429 126
4452 4462 251
4477 4503 44
4483 4533 134
4499 4540 15
4510 4535 192
4523 4538 166
4531 4560 189
4550 4570 122
4571 4619 218
4573 4610 140
4579 4611 205
4581 4627 218
4593 4633 22
4608 4611 32
4628 4660 25
4658 4701 86
4658 4686 214
4669 4690 221
4673 4679 227
4679 4693 137
4697 4739 48
4711 4736 153
4732 4762 139
4757 4765 168
4766 4807 235
4793 4843 19
4813 4857 145
4834 4859 159
4857 4864 151
4885 4913 279
4891 4915 183
4892 4906 113
4898 4903 245
4908 4949 78
4938 4941 61
4964 4967 121
4976 4995 115
5002 5009 264
5009 5032 224
5021 5043 77
5031 5044 256
5057 5067 281
5074 5121 226
5095 5099 199
5108 5140 141
5126 5166 201
5144 5184 42
5145 5185 196
5159 5173 267
5173 5187 117
5202 5233 224
5230 5265 242
5234 5239 281
5246 5280 145
5267 5309 110
5284 5291 243
5300 5325 12
5319 5326 279
5342 5374 61
5372 5397 128
5401 5421 193
5429 5439 78
5457 5463 78
5476 5514 10
5490 5492 161
5493 5509 114
5520 5527 259
5523 5539 104
5545 5551 176
5548 5585 152
5569 5611 269
5595 5597 25
5596 5628 55
5604 5632 31
5607 5655 226
5632 5653 244
5632 5644 88
5654 5676 172
5681 5688 182
5706 5716 179
5727 5732 7
5756 5760 109
5758 5773 260
5765 5808 288
5793 5839 105
5803 5816 255
5833 5865 291
5854 5858 22
5884 5885 123
5893 5910 9
5918 5945 191
5930 5934 203
5937 5965 58
5951 5982 219
5960 5986 257
5972 6009 81
5991 6033 294
6012 6013 142
6035 6060 131
6056 6063 179
6085 6105 214
6107 6144 13
6119 6160 276
6138 6168 289
6166 6208 92
6170 6173 117
6171 6180 83
6175 6211 147
6204 6254 125
6208 6231 235
6215 6257 181
6221 6241 218
6242 6275 37
6261 6311 60
6262 6288 38
6287 6323 60
6294 6328 285
6296 6298 195
6324 6355 267
6337 6352 196
6354 6361 146
6364 6375 19
6394 6415 83
6400 6428 176
6420 6439 219
6436 6450 223
6438 6439 120
6450 6487 256
6478 6480 264
6490 6504 57
6520 6529 141
6524 6566 174
6548 6582 138
6573 6605 166
6594 6616 92
6606 6652 16
6635 6669 83
6663 6673 217
6683 6699 296
6696 6714 186
6717 6728 154
6726 6766 40
6733 6741 40
6736 6780 37
6766 6799 162
6781 6786 172
6783 6818 138
6783 6791 245
6797 6830 264
6807 6819 277
6832 6839 17
6854 6891 162
6862 6864 181
6881 6895 61
6908 6946 28
6908 6912 136
6938 6944 77
6965 7013 112
6994 7034 31
7023 7034 14
7025 7039 269
7045 7049 227
7046 7089 84
7074 7097 30
7101 7119 1
7126 7158 131
7133 7162 67
7138 7153 114
7155 7178 21
7165 7180 71
7185 7199 101
7195 7231 18
7195 7197 219
7214 7222 232
7218 7254 287
7236 7283 66
7265 7279 236
7285 7331 78
7295 7305 257
7302 7342 109
7302 7311 66
7327 7364 226
7333 7335 46
7362 7397 197
7386 7433 292
7395 7396 118
7410 7451 89
7422 7457 4
7439 7447 286
7460 7464 287
7466 7470 67
7478 7511 209
