500
17 24 32
35 52 159
63 111 20
80 126 117
83 131 52
112 139 180
130 141 275
149 155 78
158 163 66
163 213 249
177 208 238
185 194 17
201 249 136
226 232 63
239 270 35
251 264 220
259 271 207
282 292 192
307 338 240
320 361 295
330 371 238
356 359 118
364 370 244
374 407 291
390 411 297
404 418 150
420 430 94
450 488 206
473 518 111
494 528 250
499 525 141
529 571 154
533 553 16
546 578 53
573 622 239
588 597 120
597 640 204
609 618 214
631 676 228
635 679 137
645 657 270
671 699 221
693 741 198
700 731 149
723 759 277
746 765 11
776 799 50
798 827 155
813 856 160
814 830 214
834 878 285
843 884 128
855 895 17
860 862 168
870 894 283
878 926 58
892 929 220
907 938 193
930 954 8
958 967 96
960 971 110
970 1017 61
988 1010 293
994 1003 282
1015 1057 16
1045 1077 160
1071 1108 292
1100 1140 224
1129 1144 253
1146 1194 103
1164 1188 298
1189 1196 286
1215 1265 48
1216 1226 220
1242 1257 236
1253 1295 9
1256 1302 18
1257 1269 252
1273 1274 104
1282 1297 93
1301 1302 56
1322 1363 255
1334 1349 9
1357 1370 251
1369 1392 193
1384 1420 47
1388 1410 89
1407 1446 63
1428 1456 275
1428 1467 88
1437 1486 51
1447 1494 194
1467 1485 213
1480 1497 166
1504 1513 290
1504 1508 189
1532 1538 56
1544 1552 38
1567 1573 297
1567 1614 231
1573 1618 140
1583 1606 71
1605 1650 226
1621 1631 290
1649 1674 196
1657 1693 184
1667 1708 255
1674 1719 34
1689 1703 109
1710 1736 104
1740 1774 235
1749 1767 192
1769 1810 219
1794 1835 110
1818 1822 191
1840 1868 129
1858 1881 91
1880 1882 130
1908 1955 234
1935 1976 105
1963 1980 129
1966 1969 77
1967 1998 261
1996 2020 92
2011 2013 62
2034 2066 37
2057 2062 224
2073 2078 161
2101 2121 15
2109 2122 122
2110 2139 288
2131 2156 240
2146 2162 256
2150 2153 158
2174 2211 5
2179 2188 208
2205 2234 85
2209 2214 191
2230 2263 113
2239 2268 137
2264 2274 54
2275 2281 104
2300 2319 100
2319 2331 131
2335 2368 46
2338 2387 263
2354 2377 175
2357 2381 284
2361 2390 268
2366 2401 64
2379 2386 6
2380 2423 262
2384 2407 198
2410 2453 211
2437 2479 251
2449 2471 138
2462 2497 6
2486 2503 176
2495 2540 255
2503 2536 146
2527 2564 36
2535 2536 165
2555 2601 84
2568 2590 177
2576 2578 164
2588 2597 152
2615 2661 253
2616 2618 164
2626 2655 207
2652 2691 58
2653 2673 281
2678 2705 75
2698 2737 24
2712 2737 216
2717 2720 249
2745 2777 103
2775 2798 277
2797 2836 74
2822 2838 124
2841 2854 73
2852 2863 232
2866 2907 131
2868 2876 43
2885 2911 268
2903 2925 149
2910 2920 74
2931 2971 286
2961 3010 89
2982 3010 172
3007 3020 19
3019 3047 158
3026 3076 92
3040 3047 164
3065 3088 110
3081 3099 38
3109 3138 188
3128 3131 204
3158 3196 186
3164 3214 205
3189 3235 152
3197 3209 192
3224 3234 99
3229 3256 54
3237 3249 65
3251 3277 212
3256 3262 82
3277 3302 27
3278 3292 222
3308 3346 61
3326 3358 204
3331 3334 80
3352 3392 279
3367 3411 137
3389 3432 45
3415 3443 3
3432 3477 148
3439 3454 240
3469 3474 167
3487 3503 102
3490 3517 112
3493 3526 93
3497 3542 269
3503 3538 122
3509 3527 287
3525 3532 273
3548 3570 75
3554 3572 93
3582 3615 154
3583 3589 272
3592 3625 206
3622 3639 11
3622 3656 112
3649 3694 270
3649 3696 133
3665 3689 209
3692 3711 144
3715 3756 163
3721 3727 56
3744 3764 248
3750 3752 200
3778 3803 84
3803 3813 99
3832 3860 89
3839 3870 189
3846 3847 9
3871 3881 176
3895 3913 67
3910 3915 86
3920 3946 163
3936 3973 232
3944 3993 1
3962 3985 45
3965 3973 134
3970 4000 259
3984 4027 153
3985 4019 247
4000 4032 175
4021 4045 25
4035 4082 173
4042 4044 88
4042 4092 126
4067 4103 266
4079 4088 93
4102 4110 229
4120 4122 141
4138 4168 151
4159 4192 125
4159 4199 279
4167 4186 87
4186 4193 86
4186 4217 36
4199 4239 170
4225 4236 25
4254 4289 28
4272 4283 199
4290 4309 95
4297 4342 102
4308 4352 135
4313 4361 227
4334 4376 104
4334 4367 22
4362 4380 273
4365 4414 159
4367 4380 275
4393 4440 66
4419 4428 1
4434 4470 23
4455 4472 47
4474 4495 150
4500 4526 132
4505 4537 236
4522 4567 245
4523 4530 270
4544 4592 223
4562 4578 298
4586 4594 106
4599 4628 83
4618 4627 9
4633 4639 88
4662 4697 219
4690 4720 143
4699 4744 50
4724 4743 224
4747 4778 277
4767 4783 49
4781 4788 106
4801 4845 33
4802 4846 248
4828 4836 238
4855 4891 290
4877 4889 285
4886 4897 112
4889 4905 223
4899 4929 245
4927 4966 60
4956 4968 54
4972 5005 202
4972 5018 182
5001 5018 287
5017 5064 248
5038 5046 163
5046 5078 168
5073 5104 165
5085 5119 249
5103 5107 148
5115 5127 267
5135 5156 30
5150 5171 172
5160 5175 126
5162 5175 277
5170 5182 81
5178 5188 73
5197 5211 26
5200 5237 115
5207 5233 216
5209 5243 257
5234 5260 235
5254 5256 183
5271 5320 50
5289 5329 160
5311 5357 211
5324 5372 87
5342 5349 209
5359 5362 3
5385 5434 32
5395 5420 119
5419 5425 58
5434 5459 195
5458 5508 275
5470 5500 45
5479 5526 291
5498 5521 148
5498 5540 189
5510 5547 68
5527 5537 224
5529 5575 94
5538 5571 247
5555 5580 20
5562 5611 104
5563 5579 102
5580 5609 6
5582 5623 198
5607 5627 79
5635 5640 127
5637 5687 42
5639 5689 126
5652 5696 155
5667 5689 259
5671 5706 204
5691 5740 101
5700 5717 245
5709 5754 175
5738 5746 56
5744 5766 164
5773 5823 24
5778 5818 30
5808 5811 293
5829 5866 67
5838 5879 78
5857 5900 42
5886 5932 150
5910 5912 58
5931 5975 47
5957 6005 24
5963 5977 79
5981 6002 121
6007 6033 202
6009 6051 251
6038 6044 10
6049 6096 72
6061 6079 133
6066 6111 291
6075 6108 137
6081 6107 189
6095 6117 126
6107 6124 125
6125 6133 145
6140 6154 145
6143 6158 205
6157 6186 63
6178 6204 44
6197 6226 202
6198 6215 226
6210 6230 228
6223 6270 260
6234 6240 200
6236 6245 74
6260 6285 206
6278 6286 90
6285 6318 166
6292 6320 186
6311 6337 68
6335 6345 13
6338 6372 78
6367 6396 122
6385 6414 217
6408 6423 226
6431 6450 24
6447 6497 37
6447 6461 48
6456 6466 93
6483 6495 275
6497 6520 4
6509 6524 156
6509 6513 219
6521 6554 85
6533 6571 155
6556 6598 129
6567 6568 86
6578 6603 99
6606 6638 209
6636 6666 170
6659 6700 7
6659 6687 256
6688 6699 275
6706 6750 213
6735 6738 67
6761 6792 3
6766 6798 251
6778 6822 223
6781 6798 239
6787 6817 101
6814 6824 44
6838 6856 211
6861 6893 260
6863 6879 277
6893 6927 188
6918 6931 3
6935 6975 79
6949 6978 107
6963 6984 179
6970 6971 287
6994 7010 169
7021 7064 286
7039 7043 298
7043 7050 36
7072 7082 134
7088 7107 272
7100 7129 170
7101 7146 202
7104 7118 50
7104 7124 232
7127 7142 167
7139 7183 215
7143 7171 109
7160 7209 169
7173 7221 55
7189 7209 196
7204 7241 95
7233 7252 181
7253 7285 71
7257 7300 189
7276 7305 69
7278 7305 111
7294 7337 295
7295 7301 165
7298 7300 270
7309 7330 253
7335 7366 248
7341 7369 165
7346 7390 21
7373 7378 194
7397 7431 281
7405 7454 256
7417 7448 186
7420 7456 102
7438 7484 115
7451 7475 136
7468 7488 298
7485 7532 2
7503 7532 38
7520 7532 6
7533 7543 182
7548 7577 19
7567 7601 149
7573 7618 284
7591 7630 135
7615 7643 62
7622 7656 187
7638 7685 49
