500
22 70 117
28 52 74
36 63 12
63 98 275
76 80 109
78 102 196
91 109 74
117 147 241
123 148 56
138 141 280
142 175 87
162 205 152
189 202 237
206 239 249
206 228 35
230 265 95
243 245 3
246 282 105
255 303 80
284 309 200
314 329 13
342 367 118
363 375 251
376 417 42
389 420 201
418 428 67
421 444 66
422 425 123
447 489 22
472 477 262
483 508 156
505 538 46
509 556 88
522 565 280
531 561 190
551 564 139
566 608 270
578 611 193
582 628 116
585 593 243
593 641 207
601 619 175
631 669 236
647 670 71
670 686 233
693 723 56
711 715 70
721 732 137
725 771 77
727 745 296
740 742 137
751 796 290
776 819 270
784 798 67
798 837 300
818 841 48
841 871 58
847 873 151
875 903 233
881 885 62
902 928 52
902 932 299
929 936 235
945 961 47
970 1003 267
971 1003 112
994 1025 251
1000 1010 218
1005 1024 157
1032 1046 163
1035 1041 59
1060 1089 26
1065 1066 280
1089 1096 211
1116 1138 274
1136 1149 150
1147 1158 189
1153 1175 201
1174 1187 177
1204 1251 81
1208 1255 122
1226 1246 298
1243 1251 113
1262 1312 260
1285 1308 186
1299 1346 6
1329 1342 293
1357 1367 123
1368 1397 110
1375 1413 61
1385 1411 205
1407 1440 68
1410 1450 25
1426 1441 97
1438 1448 233
1440 1479 217
1450 1470 48
1450 1473 54
1480 1528 135
1509 1524 116
1535 1550 121
1541 1572 217
1544 1589 73
1569 1581 119
1585 1620 200
1608 1655 250
1616 1666 209
1632 1658 117
1643 1675 272
1668 1711 156
1677 1708 183
1700 1746 23
1702 1724 182
1716 1733 93
1724 1740 24
1754 1797 61
1762 1767 293
1778 1814 200
1802 1843 183
1825 1865 89
1842 1873 23
1858 1908 106
1878 1912 190
1899 1909 35
1905 1923 166
1921 1961 271
1937 1955 99
1963 2006 89
1988 2003 183
1991 2011 139
2019 2051 242
2030 2077 211
2048 2049 202
2058 2091 267
2062 2094 2
2068 2087 293
2081 2104 1
2087 2127 110
2097 2144 110
2108 2141 179
2131 2167 220
2139 2143 268
2163 2200 265
2170 2200 160
2183 2204 108
2212 2256 8
2212 2258 33
2213 2219 180
2214 2231 267
2226 2259 98
2248 2249 62
2273 2289 113
2298 2300 166
2313 2346 283
2314 2325 144
2339 2374 299
2347 2353 24
2359 2389 9
2372 2382 135
2388 2398 196
2415 2423 111
2416 2418 292
2435 2464 147
2447 2467 97
2462 2486 177
2471 2489 261
2487 2493 146
2488 2518 299
2511 2532 52
2516 2559 51
2519 2566 66
2538 2552 41
2539 2556 107
2548 2576 88
2569 2609 156
2593 2608 132
2601 2644 128
2604 2621 158
2606 2655 109
2618 2619 186
2624 2661 119
2642 2662 139
2662 2681 230
2689 2710 99
2696 2697 127
2709 2741 225
2736 2783 130
2755 2758 49
2780 2812 82
2796 2809 92
2818 2830 82
2832 2849 51
2845 2853 5
2868 2900 285
2890 2909 224
2894 2919 264
2924 2928 244
2940 2970 156
2953 2971 192
2977 3007 128
2984 3020 258
2988 3035 296
3015 3039 248
3030 3035 172
3047 3095 232
3071 3094 157
3100 3113 111
3117 3141 137
3128 3148 127
3134 3159 159
3139 3177 77
3150 3169 98
3160 3209 215
3169 3200 172
3193 3239 297
3219 3229 269
3226 3267 97
3248 3295 232
3264 3294 43
3269 3306 160
3291 3325 129
3295 3316 263
3321 3367 101
3340 3360 141
3342 3365 58
3345 3362 43
3362 3378 297
3390 3411 126
3414 3422 14
3428 3475 8
3458 3485 170
3483 3493 15
3506 3534 79
3526 3553 126
3526 3527 219
3545 3556 196
3560 3579 157
3583 3615 31
3590 3633 125
3609 3618 218
3617 3651 15
3624 3662 183
3641 3665 142
3662 3672 227
3672 3686 296
3700 3711 207
3708 3747 246
3737 3781 78
3758 3762 48
3787 3805 14
3795 3807 261
3824 3862 78
3834 3878 260
3841 3870 158
3852 3854 294
3876 3901 65
3888 3902 271
3907 3910 213
3927 3948 163
3931 3975 131
3958 3991 163
3988 3989 255
4011 4023 256
4018 4042 238
4031 4061 243
4050 4084 211
4072 4085 280
4091 4127 258
4118 4151 94
4125 4130 13
4144 4150 123
4158 4199 76
4173 4186 258
4197 4212 171
4208 4227 55
4237 4264 177
4251 4290 133
4272 4303 64
4296 4306 147
4297 4308 171
4305 4355 181
4334 4357 184
4343 4360 144
4373 4412 20
4381 4395 150
4383 4395 115
4397 4443 261
4412 4429 1
4436 4486 59
4446 4452 70
4458 4459 81
4483 4494 109
4483 4492 121
4502 4522 167
4513 4522 213
4518 4567 90
4531 4551 145
4534 4541 139
4555 4605 235
4576 4607 63
4593 4610 132
4606 4618 284
4609 4623 125
4630 4680 9
4640 4680 189
4654 4664 292
4676 4682 222
4685 4695 150
4694 4716 24
4707 4711 11
4730 4779 176
4739 4771 93
4758 4795 145
4779 4812 65
4783 4801 248
4802 4806 19
4804 4842 226
4804 4818 203
4826 4871 92
4828 4830 164
4851 4856 228
4855 4883 172
4868 4885 207
4886 4918 144
4888 4902 51
4902 4928 78
4905 4932 135
4909 4938 58
4921 4957 72
4927 4956 287
4946 4959 192
4973 5016 10
4975 5003 95
4979 5001 274
4979 5028 177
4995 4999 75
5001 5048 63
5017 5026 141
5026 5073 163
5029 5047 250
5046 5090 176
5053 5080 219
5065 5095 6
5089 5119 239
5100 5131 205
5128 5168 100
5136 5157 96
5156 5190 92
5176 5211 89
5195 5220 102
5201 5214 221
5221 5241 95
5248 5280 183
5249 5278 222
5262 5310 254
5268 5279 174
5278 5308 87
5289 5313 66
5300 5306 18
5303 5339 140
5315 5319 64
5331 5354 56
5334 5379 239
5341 5358 262
5363 5392 167
5380 5426 188
5405 5441 80
5416 5464 74
5418 5441 133
5445 5489 38
5452 5456 244
5482 5525 131
5509 5555 251
5532 5575 202
5561 5575 150
5580 5616 188
5580 5591 272
5597 5640 289
5621 5633 53
5626 5638 171
5651 5656 233
5669 5699 31
5679 5683 124
5709 5713 108
5735 5756 30
5746 5793 253
5772 5789 10
5801 5830 187
5829 5848 77
5859 5867 291
5887 5931 195
5913 5939 278
5941 5964 283
5964 5978 140
5977 6017 145
5994 6043 98
6023 6036 190
6040 6056 52
6051 6066 104
6074 6116 70
6078 6115 99
6107 6122 79
6131 6166 225
6132 6148 163
6146 6169 42
6164 6187 56
6172 6191 177
6181 6224 257
6198 6200 205
6218 6236 243
6224 6264 3
6234 6266 124
6257 6304 41
6280 6291 105
6280 6320 64
6289 6295 194
6304 6342 145
6334 6381 254
6357 6373 60
6377 6404 140
6405 6421 131
6407 6430 54
6411 6450 215
6428 6450 280
6440 6482 284
6466 6491 244
6468 6492 33
6472 6482 162
6488 6490 57
6506 6540 185
6519 6544 229
6537 6581 218
6565 6594 109
6582 6599 50
6592 6624 137
6593 6633 240
6599 6612 280
6609 6627 176
6637 6641 10
6644 6688 227
6646 6672 136
6671 6719 235
6692 6719 37
6710 6731 30
6729 6747 85
6750 6754 61
6761 6781 209
6779 6808 249
6798 6802 203
6819 6822 198
6847 6887 137
6871 6876 117
6881 6885 165
6895 6908 81
6906 6939 157
6922 6955 269
6923 6947 141
6946 6983 200
6954 6961 295
6979 7014 168
7001 7008 75
7014 7054 131
7029 7040 294
7037 7071 274
7051 7062 299
7051 7070 3
7068 7101 282
7078 7100 199
7078 7102 53
7102 7143 99
7115 7161 38
7128 7177 265
7133 7181 53
7153 7177 91
7164 7204 249
7168 7190 122
7171 7182 18
7171 7220 86
7174 7189 142
7204 7207 211
7231 7242 170
7235 7273 36
7256 7289 222
7282 7322 269
7294 7329 195
7317 7341 228
7340 7382 124
7359 7376 77
7373 7383 97
7380 7393 132
7396 7444 154
7415 7438 109
7424 7428 244
7437 7468 9
7437 7482 58
7461 7493 228
7490 7516 54
7512 7527 163
7537 7547 273
7564 7575 21
