500
9 31 224
28 69 191
30 47 150
33 37 231
44 60 34
57 83 183
62 88 10
72 113 55
98 122 191
100 128 201
103 145 47
133 179 115
135 147 39
145 157 151
148 149 83
164 201 179
169 199 148
188 189 268
207 234 148
214 216 209
220 228 232
227 274 246
256 306 243
261 272 148
283 316 263
287 302 247
298 336 222
325 332 215
325 333 247
338 378 248
343 380 39
368 399 244
398 445 6
423 445 224
446 483 247
471 485 26
499 523 109
519 541 124
521 529 158
539 559 89
550 563 131
557 576 74
579 615 27
591 602 126
603 652 224
619 648 107
626 649 256
651 660 16
661 688 49
665 671 236
693 721 144
718 752 159
729 771 298
736 759 220
766 809 155
772 817 69
798 841 149
811 816 260
812 820 86
839 877 50
854 863 260
854 872 145
868 898 297
886 907 281
904 941 85
923 943 270
928 940 194
942 972 90
953 997 263
961 966 174
967 1009 30
981 1008 203
1008 1022 264
1016 1047 82
1046 1061 42
1055 1104 200
1081 1120 238
1095 1096 133
1122 1136 119
1137 1186 23
1157 1164 55
1176 1179 157
1196 1220 237
1197 1199 101
1203 1218 193
1219 1242 236
1233 1274 96
1257 1298 231
1287 1315 29
1299 1337 169
1318 1361 42
1341 1353 149
1360 1395 232
1390 1436 196
1420 1422 16
1422 1464 221
1427 1453 243
1446 1453 269
1451 1453 8
1473 1507 260
1486 1497 112
1486 1528 282
1495 1532 96
1520 1529 67
1546 1589 221
1551 1579 239
1569 1619 275
1572 1608 242
1593 1640 57
1602 1648 264
1605 1649 113
1615 1639 13
1623 1630 172
1632 1648 128
1640 1643 253
1644 1652 300
1656 1684 19
1672 1697 89
1674 1718 263
1680 1693 300
1688 1704 180
1698 1714 22
1707 1757 117
1717 1744 109
1724 1746 117
1739 1782 135
1763 1807 25
1768 1780 138
1785 1792 201
1798 1812 78
1804 1845 221
1817 1819 43
1817 1850 224
1827 1839 121
1828 1845 254
1838 1881 111
1842 1876 244
1857 1891 224
1873 1877 254
1888 1937 94
1906 1932 10
1927 1977 222
1941 1949 246
1968 1991 257
1980 1984 278
1993 2032 32
2021 2027 271
2047 2073 242
2060 2103 166
2065 2087 134
2083 2115 3
2095 2098 42
2116 2156 241
2116 2133 264
2137 2139 128
2162 2202 211
2174 2210 210
2192 2205 250
2216 2226 209
2243 2275 236
2248 2274 125
2255 2283 122
2268 2270 217
2277 2323 267
2298 2320 226
2313 2327 261
2333 2363 239
2358 2385 274
2372 2394 231
2392 2404 250
2404 2425 96
2430 2437 145
2447 2495 43
2447 2477 139
2464 2483 226
2480 2522 271
2480 2503 128
2494 2513 213
2500 2520 166
2521 2553 218
2543 2573 27
2545 2584 208
2565 2588 245
2575 2600 176
2591 2611 153
2593 2603 103
2619 2660 268
2637 2644 124
2661 2673 91
2690 2705 190
2714 2753 180
2734 2745 9
2748 2752 68
2763 2808 108
2776 2799 198
2805 2849 178
2812 2834 139
2817 2843 290
2825 2868 95
2830 2833 8
2854 2884 160
2879 2906 9
2879 2900 182
2885 2890 210
2913 2919 2
2921 2922 199
2951 2984 31
2959 2961 12
2965 2977 60
2980 2997 10
2994 3017 2
3009 3017 271
3015 3047 296
3015 3022 145
3045 3068 176
3068 3080 7
3085 3127 194
3102 3128 230
3130 3178 230
3131 3144 250
3146 3181 170
3146 3154 117
3168 3184 41
3175 3210 288
3192 3194 236
3192 3195 101
3200 3205 166
3229 3249 151
3258 3297 136
3279 3328 218
3286 3320 95
3312 3322 112
3315 3334 21
3341 3346 85
3350 3392 161
3361 3366 178
3369 3379 41
3385 3402 100
3407 3420 100
3436 3484 198
3461 3472 29
3491 3494 285
3520 3531 91
3520 3552 272
3521 3560 220
3549 3550 193
3568 3610 189
3569 3600 288
3589 3631 121
3589 3636 82
3609 3656 129
3620 3628 185
3643 3670 176
3669 3689 20
3684 3686 156
3690 3704 150
3690 3715 146
3690 3728 294
3710 3759 185
3732 3757 118
3736 3747 295
3743 3746 116
3756 3802 281
3759 3800 247
3785 3809 146
3794 3809 19
3797 3838 240
3804 3816 288
3820 3870 162
3838 3847 43
3868 3872 5
3876 3916 44
3883 3930 291
3900 3939 261
3928 3931 51
3958 3976 245
3988 4003 82
4003 4035 163
4032 4039 232
4059 4066 257
4077 4104 272
4082 4131 49
4088 4129 105
4101 4148 110
4123 4154 53
4126 4150 164
4156 4200 153
4167 4204 22
4197 4234 262
4203 4249 103
4220 4240 116
4226 4249 198
4241 4259 228
4266 4302 115
4296 4308 300
4320 4366 285
4327 4359 264
4347 4394 3
4368 4399 243
4375 4400 202
4391 4437 261
4395 4413 263
4402 4444 217
4420 4454 71
4428 4444 292
4452 4486 157
4468 4517 172
4486 4497 136
4488 4497 9
4489 4499 190
4491 4529 46
4516 4561 19
4533 4547 40
4545 4558 299
4554 4601 279
4572 4597 208
4583 4604 138
4589 4613 107
4605 4634 122
4620 4627 291
4630 4676 197
4630 4666 119
4631 4643 282
4638 4651 291
4641 4649 86
4670 4682 80
4683 4725 44
4696 4737 79
4711 4723 90
4733 4762 238
4754 4777 143
4773 4823 269
4795 4803 287
4804 4843 194
4823 4830 257
4825 4844 244
4843 4885 266
4861 4873 72
4881 4888 132
4888 4908 170
4911 4928 21
4939 4966 288
4941 4961 237
4947 4985 268
4976 4996 106
5003 5047 101
5015 5041 195
5016 5023 88
5034 5063 91
5042 5061 266
5062 5082 277
5079 5081 57
5087 5105 217
5096 5113 193
5099 5143 59
5103 5130 290
5120 5149 152
5136 5154 224
5153 5163 24
5159 5203 181
5174 5214 241
5182 5223 58
5194 5239 180
5202 5232 101
5203 5220 247
5228 5273 139
5257 5297 78
5279 5299 214
5296 5305 18
5317 5365 35
5323 5338 190
5350 5394 40
5371 5377 297
5376 5421 159
5387 5429 116
5416 5455 34
5443 5491 116
5472 5474 293
5490 5526 76
5498 5538 26
5525 5546 152
5535 5548 203
5538 5584 275
5546 5592 167
5571 5581 138
5579 5601 167
5583 5632 183
5590 5639 231
5609 5611 137
5616 5642 220
5635 5666 166
5663 5699 87
5693 5733 202
5700 5747 297
5719 5757 186
5735 5742 11
5755 5780 189
5758 5789 25
5761 5783 246
5791 5815 277
5794 5797 135
5813 5846 215
5836 5866 230
5839 5848 295
5849 5861 160
5867 5913 264
5883 5919 23
5900 5901 215
5928 5943 195
5950 5984 184
5974 5996 294
5999 6006 213
6006 6051 242
6029 6057 130
6029 6063 132
6038 6075 79
6055 6098 197
6077 6106 223
6099 6146 185
6116 6147 71
6122 6129 218
6137 6157 36
6143 6163 206
6154 6179 265
6157 6192 101
6176 6214 146
6187 6225 7
6209 6217 164
6237 6284 103
6243 6248 200
6266 6277 281
6276 6288 96
6278 6301 198
6282 6283 223
6305 6315 18
6330 6365 234
6353 6366 169
6354 6371 90
6362 6411 125
6362 6397 187
6388 6410 65
6418 6451 152
6430 6443 100
6434 6481 206
6443 6465 81
6454 6487 27
6459 6463 195
6475 6499 284
6484 6531 56
6488 6514 193
6512 6553 267
6537 6567 249
6540 6576 281
6550 6567 72
6576 6603 24
6587 6591 131
6605 6607 121
6630 6672 7
6643 6685 120
6670 6695 214
6689 6717 187
6698 6725 68
6721 6729 267
6731 6751 80
6747 6757 5
6766 6788 93
6769 6802 159
6789 6801 27
6789 6818 79
6805 6832 35
6816 6857 53
6834 6848 40
6849 6865 155
6851 6878 109
6863 6885 286
6873 6910 162
6874 6916 276
6877 6886 261
6896 6942 181
6905 6930 48
6917 6936 143
6939 6980 202
6944 6970 77
6974 6995 161
7002 7041 231
7010 7017 95
7022 7040 281
7028 7029 156
7034 7049 63
7057 7068 40
7081 7130 103
7095 7114 296
7105 7148 242
7127 7141 191
7132 7160 160
7148 7158 162
7149 7178 113
7177 7207 273
7182 7227 210
7201 7250 175
