500
18 53 26
37 54 109
63 76 102
77 101 110
105 117 151
105 119 83
135 170 201
140 176 3
166 215 196
172 174 221
181 196 61
202 231 42
226 238 254
240 248 26
254 296 252
278 305 46
289 315 162
313 346 196
340 355 178
350 390 216
354 381 131
355 371 194
356 374 266
366 387 183
384 428 143
393 422 15
403 424 130
413 453 131
413 440 294
413 439 286
414 446 155
440 443 247
443 472 72
449 484 273
451 474 57
459 482 59
472 511 50
485 495 280
499 519 261
528 551 47
551 567 274
577 601 268
605 619 232
619 641 299
632 660 160
642 656 115
644 656 257
665 677 76
680 700 184
680 689 173
693 705 115
718 748 167
747 756 45
773 805 249
775 798 76
793 821 155
816 846 91
818 829 27
831 867 39
855 890 66
861 904 110
883 888 33
893 922 299
922 950 132
944 948 236
958 988 278
966 1002 84
987 1031 251
1012 1013 93
1025 1037 174
1051 1095 6
1057 1078 155
1077 1122 50
1101 1118 26
1124 1172 17
1134 1136 23
1148 1159 249
1156 1159 234
1170 1196 23
1178 1222 106
1203 1229 135
1231 1275 100
1254 1274 247
1270 1272 144
1271 1293 165
1301 1326 114
1301 1334 171
1304 1309 8
1314 1319 298
1332 1341 262
1354 1365 252
1365 1399 13
1393 1396 103
1409 1418 269
1430 1464 283
1449 1462 10
1450 1481 257
1477 1493 93
1498 1503 67
1498 1516 153
1524 1558 41
1536 1584 247
1556 1586 218
1584 1615 275
1587 1603 232
1614 1629 108
1641 1679 41
1657 1686 127
1683 1698 185
1706 1728 220
1730 1767 103
1732 1748 127
1735 1765 182
1764 1778 270
1769 1791 274
1792 1841 189
1813 1861 80
1815 1851 144
1822 1861 142
1828 1868 207
1846 1882 141
1856 1893 5
1875 1888 185
1878 1902 141
1904 1951 202
1917 1960 60
1933 1935 31
1940 1963 153
1940 1959 151
1966 2003 262
1979 2004 157
1983 2023 185
2010 2058 298
2014 2042 128
2042 2068 227
2057 2077 213
2080 2090 265
2106 2121 167
2117 2136 223
2135 2173 219
2147 2180 88
2156 2162 196
2157 2161 103
2161 2165 266
2162 2194 101
2187 2213 257
2187 2200 193
2203 2249 222
2213 2259 122
2231 2262 32
2242 2288 257
2267 2279 244
2285 2331 34
2312 2343 265
2322 2372 156
2345 2349 122
2370 2419 144
2377 2391 5
2391 2437 123
2405 2433 187
2411 2453 297
2424 2431 87
2425 2456 111
2438 2480 199
2439 2444 45
2467 2498 269
2495 2538 93
2514 2563 158
2543 2556 213
2564 2565 80
2587 2625 38
2611 2630 168
2618 2664 157
2645 2664 103
2675 2701 95
2705 2743 156
2706 2721 145
2733 2772 267
2752 2762 175
2754 2769 181
2759 2790 236
2775 2808 242
2776 2823 199
2780 2795 113
2803 2840 297
2806 2811 25
2813 2850 166
2819 2850 7
2833 2871 213
2847 2865 270
2853 2889 10
2876 2897 137
2886 2920 35
2908 2914 225
2919 2922 135
2922 2957 202
2938 2983 177
2948 2955 227
2959 2998 66
2963 3011 258
2969 3012 156
2993 3010 157
3012 3029 23
3033 3043 291
3041 3048 37
3069 3118 189
3081 3112 245
3103 3110 11
3110 3116 245
3120 3165 101
3124 3166 128
3127 3168 60
3155 3186 190
3178 3227 110
3179 3186 252
3203 3235 254
3214 3252 149
3230 3234 157
3259 3307 73
3285 3303 237
3309 3343 258
3310 3359 221
3321 3351 20
3331 3347 182
3337 3363 21
3355 3371 193
3360 3387 208
3376 3397 78
3376 3395 273
3404 3436 283
3425 3436 110
3441 3458 197
3470 3517 148
3485 3517 97
3505 3542 300
3515 3518 298
3537 3541 151
3561 3576 28
3591 3624 179
3613 3662 78
3630 3662 64
3637 3682 122
3658 3668 38
3662 3704 113
3689 3717 136
3712 3738 217
3717 3760 168
3743 3750 180
3752 3765 30
3782 3798 283
3807 3852 257
3822 3824 194
3834 3862 42
3858 3891 184
3883 3924 189
3907 3934 44
3907 3935 20
3924 3932 158
3943 3976 84
3951 3987 53
3962 3984 244
3974 3998 215
4004 4008 84
4006 4053 37
4017 4049 45
4030 4059 294
4045 4091 299
4066 4082 207
4082 4098 265
4086 4098 291
4107 4146 235
4110 4146 163
4117 4123 37
4119 4153 10
4145 4182 271
4172 4187 102
4191 4216 157
4213 4217 128
4230 4266 210
4235 4238 256
4241 4248 47
4261 4296 31
4291 4332 74
4320 4323 121
4347 4370 233
4356 4387 114
4377 4413 107
4384 4431 27
4391 4402 287
4398 4442 36
4423 4442 270
4436 4446 58
4458 4508 24
4481 4522 127
4506 4519 16
4509 4525 21
4533 4558 91
4535 4551 289
4550 4589 263
4558 4561 236
4563 4606 14
4574 4618 123
4593 4596 130
4596 4624 196
4604 4652 227
4612 4614 273
4617 4641 155
4629 4677 49
4631 4644 54
4634 4648 106
4663 4701 63
4692 4717 105
4713 4742 146
4715 4716 98
4715 4762 142
4741 4778 27
4743 4792 217
4754 4792 45
4770 4788 148
4800 4848 104
4824 4838 261
4849 4872 182
4870 4878 98
4886 4900 89
4896 4916 135
4913 4922 155
4940 4982 14
4963 4966 153
4966 4978 81
4982 4996 247
5005 5034 65
5029 5058 283
5051 5060 243
5067 5107 4
5082 5115 196
5085 5117 14
5094 5144 215
5112 5153 253
5125 5168 56
5137 5173 110
5164 5199 265
5189 5235 250
5195 5234 222
5222 5254 35
5242 5249 127
5247 5272 2
5265 5302 35
5279 5320 91
5285 5298 275
5297 5301 194
5315 5348 27
5333 5375 46
5340 5360 222
5344 5355 199
5369 5387 20
5389 5401 227
5397 5439 65
5398 5411 146
5422 5454 92
5427 5456 170
5431 5448 18
5443 5460 176
5465 5484 62
5488 5491 210
5505 5518 275
5508 5527 72
5517 5530 38
5538 5569 26
5550 5566 221
5577 5609 157
5590 5616 34
5601 5620 245
5608 5653 214
5615 5645 34
5636 5661 85
5650 5689 105
5673 5695 210
5692 5726 233
5702 5722 143
5710 5713 288
5733 5777 77
5756 5794 187
5775 5792 32
5782 5790 168
5782 5811 255
5809 5852 262
5823 5852 230
5846 5895 189
5858 5873 132
5885 5907 98
5905 5933 204
5926 5961 215
5947 5997 188
5967 5990 207
5995 6043 30
6025 6056 91
6031 6078 300
6056 6082 109
6076 6114 182
6088 6090 51
6107 6133 273
6136 6148 245
6152 6172 295
6159 6165 53
6162 6182 242
6185 6232 108
6196 6232 17
6214 6254 87
6236 6243 67
6237 6260 61
6254 6272 91
6259 6271 19
6284 6334 140
6290 6300 253
6307 6308 148
6309 6325 249
6311 6313 140
6326 6371 42
6355 6381 265
6368 6376 293
6368 6396 217
6389 6424 12
6391 6411 233
6419 6445 38
6422 6435 289
6424 6459 34
6439 6475 300
6457 6486 268
6481 6516 24
6493 6535 174
6497 6536 1
6514 6537 239
6537 6578 217
6550 6555 298
6558 6562 159
6580 6595 164
6583 6617 159
6610 6613 284
6625 6649 231
6631 6666 43
6635 6673 114
6638 6659 76
6643 6691 253
6649 6686 246
6669 6703 67
6685 6686 108
6700 6746 178
6728 6732 32
6743 6781 262
6770 6776 291
6784 6823 40
6800 6808 141
6800 6804 233
6802 6833 15
6827 6862 222
6841 6847 207
6860 6905 145
6863 6897 284
6879 6896 245
6880 6924 105
6880 6922 68
6907 6951 295
6918 6957 33
6929 6977 232
6946 6971 270
6971 7000 13
6987 7023 192
6995 7044 73
7005 7016 252
7019 7023 296
7033 7079 113
7045 7058 160
7058 7063 48
7070 7085 213
7082 7115 156
7090 7091 282
7117 7127 61
7140 7168 73
7158 7194 52
7170 7180 52
7199 7223 159
7201 7246 250
7203 7205 30
7205 7255 116
7205 7213 258
7229 7270 214
7244 7287 19
7249 7267 176
7250 7274 123
7252 7281 231
7262 7288 50
7265 7295 251
7286 7295 75
7313 7356 214
7328 7352 251
7338 7340 299
7352 7366 136
7369 7406 240
7394 7406 255
7397 7404 292
