500
13 35 18
41 89 89
61 75 188
87 98 230
94 115 237
107 139 174
137 174 140
150 161 283
159 168 101
165 198 113
178 211 257
190 205 8
213 232 127
225 226 30
225 256 1
246 280 261
250 291 88
259 286 290
274 321 169
300 328 89
304 329 114
329 374 279
351 373 160
359 373 255
364 380 214
379 412 188
397 399 16
400 433 267
400 414 172
411 430 26
423 444 275
427 456 289
432 447 103
453 499 46
458 477 175
475 503 293
493 523 181
519 559 233
522 547 15
547 556 71
574 615 109
584 620 230
592 619 29
618 626 44
619 645 220
644 657 205
672 688 237
685 690 108
707 722 193
736 739 289
758 808 146
773 791 192
799 803 40
805 808 40
809 847 293
809 827 130
811 854 200
814 827 210
828 854 7
840 843 42
843 886 156
847 875 125
877 924 20
887 917 101
889 913 146
915 938 131
936 943 297
938 980 253
943 988 213
948 984 221
958 978 173
983 1021 198
1006 1013 115
1014 1039 275
1029 1066 134
1054 1077 45
1061 1093 182
1075 1097 28
1103 1145 41
1122 1148 268
1124 1154 254
1153 1173 70
1169 1189 300
1190 1204 99
1210 1250 194
1214 1260 186
1235 1271 235
1262 1291 214
1288 1331 294
1292 1298 111
1294 1326 184
1319 1363 253
1324 1341 187
1347 1361 137
1361 1382 189
1372 1395 99
1390 1404 71
1420 1457 51
1421 1471 149
1436 1442 90
1441 1467 97
1467 1494 251
1486 1518 157
1500 1501 80
1509 1524 224
1538 1546 190
1547 1596 60
1551 1559 249
1577 1599 69
1604 1606 154
1614 1628 181
1620 1621 164
1625 1675 183
1633 1666 281
1635 1645 222
1653 1667 16
1655 1698 127
1679 1697 106
1683 1709 5
1695 1721 212
1718 1759 77
1736 1767 142
1757 1763 172
1767 1770 169
1791 1825 21
1813 1847 247
1821 1851 260
1830 1868 76
1857 1884 129
1857 1893 183
1866 1910 63
1885 1901 157
1886 1897 228
1894 1898 276
1903 1906 34
1906 1926 119
1936 1946 21
1943 1945 51
1949 1967 213
1967 2004 241
1992 2026 91
2013 2027 163
2017 2052 238
2025 2058 126
2053 2054 98
2074 2122 123
2086 2089 247
2094 2128 175
2113 2154 260
2134 2169 12
2162 2178 221
2182 2231 16
2197 2230 23
2220 2229 122
2247 2266 207
2271 2294 134
2282 2332 209
2310 2351 215
2321 2359 66
2335 2350 155
2337 2357 186
2341 2387 14
2361 2400 75
2361 2388 296
2390 2398 53
2412 2439 128
2418 2467 160
2448 2478 276
2460 2503 278
2489 2506 94
2519 2556 7
2548 2551 232
2568 2595 269
2589 2625 119
2601 2625 220
2626 2641 7
2650 2653 105
2680 2682 108
2701 2747 79
2726 2757 102
2745 2752 198
2747 2775 207
2756 2803 206
2778 2814 21
2789 2800 119
2789 2794 239
2800 2829 262
2801 2803 18
2812 2858 240
2839 2852 74
2852 2895 41
2860 2891 152
2873 2910 288
2888 2890 216
2897 2915 102
2920 2922 225
2947 2983 60
2969 3018 8
2983 3005 224
2993 3018 249
3006 3023 102
3009 3059 37
3038 3085 155
3061 3093 118
3062 3072 110
3066 3069 194
3069 3089 206
3081 3123 278
3108 3142 59
3130 3168 65
3134 3153 234
3153 3179 132
3158 3164 139
3188 3198 14
3201 3242 248
3223 3252 10
3232 3272 153
3249 3293 145
3256 3274 94
3273 3284 260
3297 3309 137
3320 3368 115
3332 3357 186
3336 3378 114
3341 3389 296
3368 3396 77
3379 3398 164
3401 3411 153
3410 3450 242
3438 3460 202
3468 3481 176
3472 3508 296
3490 3510 248
3492 3513 287
3494 3506 166
3500 3529 7
3530 3562 236
3552 3561 17
3568 3584 246
3569 3603 204
3575 3583 45
3596 3627 121
3623 3639 181
3649 3693 213
3651 3677 74
3663 3680 26
3680 3711 152
3691 3702 32
3716 3764 61
3720 3750 6
3721 3758 48
3742 3762 174
3751 3800 229
3773 3797 145
3774 3786 33
3795 3804 299
3819 3840 195
3821 3844 117
3844 3860 152
3853 3877 181
3870 3905 138
3896 3946 241
3909 3939 290
3916 3949 77
3930 3936 180
3940 3977 295
3964 4006 201
3974 4011 138
3981 3986 141
4011 4046 295
4020 4066 21
4022 4069 299
4031 4044 188
4053 4102 233
4055 4064 17
4070 4082 99
4087 4129 52
4096 4097 189
4110 4152 132
4119 4167 197
4146 4150 10
4150 4152 223
4171 4210 138
4181 4195 77
4202 4245 185
4204 4212 235
4214 4217 170
4224 4231 13
4233 4248 124
4235 4279 103
4237 4245 257
4247 4280 14
4247 4287 200
4250 4259 154
4276 4316 8
4305 4311 295
4319 4353 126
4345 4352 186
4357 4394 65
4372 4415 68
4400 4428 53
4404 4436 34
4425 4427 196
4440 4443 180
4446 4494 130
4456 4466 231
4485 4507 102
4497 4506 281
4521 4542 15
4521 4541 292
4533 4578 169
4552 4562 50
4578 4592 240
4578 4583 186
4582 4584 255
4585 4612 216
4612 4653 250
4639 4657 51
4653 4673 98
4678 4679 81
4679 4710 105
4692 4714 171
4707 4741 210
4717 4727 169
4730 4759 108
4735 4778 254
4764 4766 35
4771 4800 8
4785 4797 37
4801 4836 50
4809 4836 27
4822 4823 210
4850 4896 110
4867 4892 66
4897 4932 180
4925 4928 77
4940 4953 192
4958 4996 59
4977 5015 198
4987 4988 152
4988 5013 141
5018 5032 246
5046 5087 166
5069 5118 38
5083 5104 240
5106 5135 204
5128 5154 38
5130 5139 296
5152 5177 9
5165 5169 158
5170 5184 288
5185 5210 211
5185 5213 274
5190 5234 120
5190 5232 231
5193 5232 189
5210 5214 99
5224 5266 97
5236 5286 91
5241 5250 146
5242 5281 224
5263 5266 49
5264 5310 140
5284 5293 198
5300 5346 79
5324 5352 38
5324 5351 199
5331 5361 5
5358 5361 215
5380 5399 61
5385 5427 250
5396 5409 287
5422 5424 250
5443 5473 94
5447 5479 222
5457 5463 292
5465 5497 8
5478 5499 105
5494 5535 216
5499 5500 208
5528 5555 124
5536 5553 279
5537 5577 98
5545 5549 185
5560 5591 169
5580 5585 112
5600 5605 195
5606 5652 217
5606 5614 178
5615 5616 118
5628 5639 9
5655 5671 47
5658 5706 119
5664 5714 270
5678 5697 299
5690 5691 158
5710 5760 270
5732 5739 131
5750 5776 242
5765 5767 289
5772 5814 234
5780 5827 258
5799 5812 130
5825 5838 178
5843 5889 132
5859 5880 32
5882 5913 66
5905 5943 160
5918 5957 229
5940 5943 191
5970 5977 232
6000 6024 205
6021 6066 140
6038 6076 295
6049 6063 50
6079 6097 47
6082 6100 189
6104 6148 117
6126 6137 70
6136 6143 241
6144 6190 285
6145 6159 157
6164 6194 140
6184 6210 67
6194 6240 11
6221 6271 279
6249 6275 182
6263 6296 204
6282 6317 172
6283 6317 247
6289 6325 32
6299 6345 204
6316 6349 231
6317 6351 130
6321 6371 127
6348 6389 200
6378 6392 185
6405 6424 99
6406 6436 149
6431 6474 148
6454 6479 206
6478 6483 205
6505 6524 195
6530 6549 217
6560 6599 31
6566 6579 150
6585 6622 45
6595 6614 298
6620 6646 95
6646 6684 127
6650 6672 36
6651 6655 292
6680 6712 197
6707 6737 256
6724 6746 181
6734 6777 52
6734 6768 255
6747 6755 3
6765 6779 9
6785 6824 129
6804 6817 274
6823 6831 167
6824 6854 214
6824 6850 292
6833 6857 222
6834 6848 93
6837 6881 128
6850 6894 105
6857 6905 154
6872 6913 290
6874 6907 274
6885 6910 281
6905 6910 205
6932 6977 277
6954 6981 171
6957 6987 227
6960 7008 226
6968 6973 87
6971 6988 25
6982 7024 259
7004 7039 112
7026 7056 131
7053 7082 168
7067 7070 297
7081 7130 50
7082 7128 118
7111 7152 248
7119 7122 239
7147 7155 279
7149 7159 226
7162 7172 251
7182 7218 234
7212 7258 35
7222 7226 277
7252 7287 255
7277 7321 266
7303 7349 217
7316 7358 284
7333 7381 138
7347 7348 237
