500
0 1 24
5 48 127
32 33 45
39 48 274
57 96 224
86 93 34
102 142 281
131 148 73
132 179 244
152 159 55
155 156 1
160 171 97
186 189 192
198 220 42
220 241 296
234 283 32
234 269 97
237 259 139
242 250 46
246 261 197
270 291 175
289 312 286
295 336 188
311 330 181
321 322 140
349 388 36
366 392 259
389 421 179
397 412 69
411 440 52
423 451 272
444 480 92
444 460 40
467 475 207
496 501 51
523 540 281
528 575 91
535 542 208
563 613 14
564 607 269
569 585 266
582 593 254
596 626 93
607 624 41
607 639 86
630 676 251
656 705 159
657 667 275
670 688 64
698 735 181
724 730 148
729 750 237
731 756 132
752 760 258
752 753 235
770 790 51
794 835 215
815 865 299
825 861 249
842 856 257
860 884 77
884 926 104
909 948 282
933 961 38
944 954 175
974 987 6
1004 1054 52
1008 1047 173
1010 1026 175
1020 1059 13
1028 1035 46
1052 1065 51
1080 1105 279
1094 1109 121
1111 1156 56
1140 1180 116
1151 1189 25
1171 1183 141
1189 1190 21
1201 1246 122
1209 1246 220
1233 1236 232
1263 1269 278
1271 1321 239
1275 1277 220
1276 1299 23
1277 1324 88
1291 1327 285
1312 1348 254
1331 1366 236
1338 1358 165
1338 1362 286
1361 1391 296
1381 1425 183
1406 1409 128
1407 1409 295
1429 1458 16
1454 1456 112
1470 1513 156
1483 1514 299
1494 1539 221
1513 1533 89
1542 1584 91
1543 1557 42
1550 1593 4
1574 1612 283
1592 1596 156
1620 1632 119
1638 1648 97
1652 1694 221
1676 1716 248
1693 1701 237
1714 1764 263
1720 1755 208
1736 1737 7
1757 1793 44
1760 1776 121
1769 1793 57
1790 1799 27
1807 1839 90
1835 1845 261
1860 1877 232
1866 1894 91
1890 1903 129
1916 1956 36
1932 1968 35
1959 1986 27
1980 1988 199
1999 2042 31
2028 2062 27
2058 2099 138
2064 2101 131
2083 2121 89
2105 2151 157
2126 2132 15
2143 2181 179
2149 2190 260
2166 2212 43
2172 2207 73
2199 2231 251
2225 2245 217
2232 2273 25
2245 2254 206
2267 2293 293
2289 2335 68
2291 2323 155
2314 2360 34
2318 2349 204
2333 2383 95
2354 2379 1
2361 2378 96
2379 2424 224
2401 2434 260
2428 2461 92
2437 2474 169
2444 2473 265
2463 2470 155
2476 2487 55
2499 2520 43
2509 2556 89
2509 2511 58
2522 2565 18
2522 2568 28
2532 2573 187
2538 2586 197
2551 2572 84
2561 2565 261
2569 2594 28
2597 2627 245
2597 2642 127
2600 2604 30
2610 2644 266
2625 2627 123
2630 2657 69
2630 2680 51
2660 2678 95
2681 2724 285
2694 2709 190
2718 2737 223
2727 2771 114
2727 2756 42
2728 2756 163
2732 2751 158
2759 2781 72
2770 2786 193
2798 2803 252
2802 2815 21
2809 2813 67
2828 2855 208
2845 2875 123
2870 2896 148
2896 2912 140
2899 2948 78
2902 2947 92
2902 2912 224
2907 2949 113
2909 2948 28
2923 2966 269
2946 2957 103
2971 2974 237
2996 3041 223
3008 3032 197
3021 3046 108
3025 3048 14
3027 3070 275
3043 3084 282
3052 3096 179
3064 3066 222
3080 3109 207
3094 3111 177
3104 3121 273
3122 3123 12
3128 3169 93
3158 3180 289
3182 3222 159
3212 3216 212
3224 3227 201
3245 3289 289
3260 3276 280
3271 3308 49
3292 3306 30
3296 3302 224
3301 3305 53
3303 3331 14
3320 3347 225
3320 3324 81
3332 3341 55
3356 3368 145
3364 3374 15
3367 3385 66
3377 3416 130
3405 3431 233
3428 3433 164
3458 3480 283
3472 3511 180
3481 3520 29
3487 3515 194
3493 3518 261
3496 3522 256
3498 3514 152
3517 3524 275
3537 3563 167
3543 3578 268
3545 3589 22
3571 3598 163
3571 3614 50
3601 3632 230
3617 3658 204
3646 3662 155
3658 3669 147
3671 3691 142
3684 3734 55
3703 3742 269
3710 3742 111
3715 3745 171
3729 3753 257
3756 3770 121
3772 3821 107
3777 3821 18
3806 3830 1
3826 3858 94
3844 3862 174
3874 3889 269
3880 3907 267
3892 3930 278
3901 3945 279
3918 3961 121
3918 3944 206
3941 3989 185
3946 3959 278
3961 3972 83
3967 3986 274
3997 4040 273
4009 4037 2
4023 4027 25
4050 4061 11
4060 4109 150
4071 4087 186
4073 4122 292
4090 4117 4
4097 4120 35
4113 4129 214
4116 4136 295
4133 4177 41
4142 4191 62
4160 4174 65
4169 4192 167
4170 4178 76
4199 4227 140
4202 4212 116
4223 4263 43
4247 4277 208
4266 4291 187
4284 4311 201
4302 4325 122
4314 4355 4
4316 4339 106
4321 4353 73
4337 4367 44
4358 4376 296
4372 4391 106
4374 4375 287
4402 4443 74
4410 4444 137
4414 4453 107
4432 4439 80
4451 4495 80
4481 4524 78
4490 4539 247
4519 4523 31
4543 4572 205
4564 4580 74
4569 4612 9
4574 4620 26
4593 4604 138
4614 4631 176
4614 4652 33
4643 4691 143
4649 4655 221
4678 4708 263
4680 4711 65
4696 4746 113
4702 4711 233
4704 4729 88
4709 4721 102
4736 4784 272
4754 4762 281
4758 4776 182
4786 4803 85
4811 4823 65
4820 4827 89
4844 4865 23
4852 4902 198
4874 4889 71
4876 4922 284
4893 4900 201
4923 4935 57
4923 4929 14
4935 4983 278
4937 4984 163
4943 4945 152
4971 5015 129
4971 4984 103
4977 5005 51
4989 5016 170
5012 5031 244
5019 5026 78
5029 5068 272
5043 5066 291
5070 5114 39
5096 5098 239
5103 5130 240
5108 5137 294
5109 5113 101
5134 5160 166
5149 5155 254
5159 5193 122
5179 5209 42
5182 5227 31
5206 5247 72
5213 5262 67
5231 5278 283
5235 5247 229
5258 5300 221
5278 5281 61
5288 5313 218
5296 5327 54
5325 5369 163
5326 5329 140
5331 5367 191
5341 5384 201
5358 5404 53
5361 5406 181
5373 5416 192
5401 5442 234
5422 5437 99
5440 5473 58
5456 5461 232
5481 5501 111
5509 5559 182
5515 5538 128
5537 5546 123
5550 5552 2
5567 5585 254
5569 5615 196
5592 5638 238
5601 5632 242
5627 5673 249
5656 5674 82
5676 5679 290
5692 5703 259
5707 5735 105
5735 5759 190
5743 5792 169
5750 5772 49
5752 5761 151
5760 5787 45
5772 5811 236
5780 5819 101
5798 5827 201
5825 5833 169
5841 5889 39
5859 5895 67
5862 5906 84
5880 5915 140
5894 5931 153
5916 5952 98
5929 5955 281
5939 5952 7
5958 5979 256
5977 5985 97
5998 6028 40
6000 6036 184
6030 6074 233
6052 6061 56
6074 6122 86
6099 6107 202
6121 6155 251
6146 6172 177
6167 6177 180
6196 6197 120
6196 6220 141
6226 6256 218
6247 6296 235
6271 6307 197
6297 6340 31
6322 6332 45
6323 6363 38
6352 6362 82
6353 6365 258
6362 6400 177
6376 6416 98
6384 6422 291
6403 6450 93
6424 6460 259
6447 6468 286
6476 6482 20
6496 6499 6
6526 6556 95
6550 6554 66
6556 6596 249
6572 6614 219
6580 6613 281
6592 6627 103
6612 6622 11
6622 6668 233
6646 6692 140
6663 6693 228
6666 6687 139
6687 6694 260
6692 6739 13
6716 6731 174
6723 6753 124
6734 6741 18
6750 6762 119
6779 6800 81
6795 6804 40
6809 6844 41
6827 6864 180
6831 6844 180
6858 6898 113
6873 6914 123
6873 6912 198
6896 6943 78
6924 6964 188
6946 6974 222
6955 7003 75
6967 6987 4
6977 7003 261
6995 7000 144
7001 7025 241
7021 7026 111
7034 7066 50
7058 7071 57
7070 7092 130
7082 7105 118
7096 7109 206
7125 7136 101
7145 7155 251
7169 7191 119
7189 7215 71
7194 7226 280
7220 7269 276
7227 7243 82
7231 7273 57
7239 7262 29
7249 7274 198
7253 7276 236
7260 7309 33
7278 7300 270
7291 7298 196
7311 7357 32
7313 7324 113
7332 7351 146
7362 7405 146
7392 7401 55
7412 7443 61
7426 7431 209
7436 7485 254
7466 7514 76
