50
0 40 271
14 47 27
33 60 13
42 65 162
43 69 53
58 79 289
66 101 282
81 111 261
110 147 135
131 135 229
132 148 270
149 190 46
157 167 130
182 217 19
206 218 240
224 241 271
224 244 175
246 280 208
274 303 211
290 303 159
291 325 164
308 354 287
319 325 106
324 334 126
340 343 43
362 412 141
384 388 51
403 444 153
405 417 175
418 457 185
445 493 267
473 514 37
493 514 57
510 544 216
522 568 58
531 532 243
531 543 4
559 564 260
572 619 156
584 603 97
593 629 237
594 607 159
604 615 103
611 641 221
630 647 266
639 640 137
664 700 284
673 718 103
673 677 269
697 747 64
