50
25 55 129
42 83 214
64 69 33
84 104 149
85 118 74
104 131 241
133 174 82
141 184 176
156 168 117
183 202 86
190 193 138
201 220 229
229 234 115
231 268 70
253 275 179
266 316 64
286 309 199
295 344 124
316 322 128
346 370 91
347 365 241
368 418 235
383 414 193
399 402 212
413 456 96
429 446 153
430 453 10
458 465 187
487 532 239
508 541 227
519 562 84
520 528 53
532 578 191
560 568 177
564 568 217
594 597 286
622 658 28
646 691 98
659 689 76
665 682 120
680 723 181
703 726 290
727 766 194
736 785 64
760 778 25
776 807 136
780 815 217
810 840 228
835 881 30
864 899 213
