50
2 37 274
22 25 278
33 70 89
57 83 190
64 71 88
85 105 170
100 129 124
114 158 127
140 154 263
140 143 42
158 199 37
180 187 168
188 231 95
208 227 272
213 238 191
215 264 285
245 267 51
257 304 217
277 283 24
296 327 68
297 313 131
324 347 9
336 344 119
356 375 72
375 389 37
385 409 228
391 408 247
421 456 242
435 440 201
460 464 144
483 484 198
494 497 7
503 542 84
517 521 272
520 524 114
521 547 80
525 565 148
543 593 251
558 598 261
584 614 18
613 618 141
614 643 174
617 642 236
639 665 226
648 696 84
653 695 111
673 723 95
680 718 147
687 715 280
717 721 151
