50
0 10 54
15 64 248
22 58 175
45 66 56
50 73 260
53 81 163
67 74 76
69 117 35
94 122 238
107 130 268
124 159 260
141 178 106
157 178 84
183 231 239
205 206 50
227 258 64
247 249 18
270 311 247
286 294 127
301 320 299
324 366 207
334 341 62
350 400 236
359 379 153
380 399 53
397 446 5
424 460 100
434 448 78
457 461 112
457 490 159
485 504 294
496 530 102
521 537 245
529 568 119
533 541 114
563 597 42
583 623 60
595 624 86
601 623 66
606 629 281
635 679 111
637 649 39
646 657 135
664 713 38
694 719 168
705 751 265
708 758 227
731 734 32
742 750 235
745 749 241
