50
26 44 134
51 96 26
76 117 68
84 90 281
97 103 83
99 102 87
100 121 87
122 149 182
124 160 94
135 178 297
144 187 254
162 175 54
179 219 51
179 202 282
201 224 206
214 249 165
218 238 83
225 270 230
233 267 202
262 290 82
269 289 52
275 297 77
282 287 203
312 334 62
327 352 51
345 391 189
345 358 275
365 385 195
380 426 245
405 452 134
416 443 215
436 459 88
436 478 53
453 486 295
469 488 193
487 497 115
494 526 259
495 496 274
524 559 207
551 598 34
560 588 7
586 635 201
611 625 291
615 645 112
632 649 243
661 705 27
684 728 254
684 689 176
711 753 122
731 735 13
