50
21 62 62
48 70 42
68 85 129
83 133 224
107 124 110
126 151 266
153 188 20
158 208 47
166 191 21
168 200 201
193 239 269
214 251 274
227 277 116
246 295 95
260 295 178
281 321 160
301 325 35
327 357 142
342 348 23
363 382 175
389 391 88
409 414 221
417 449 159
436 481 274
462 497 99
476 522 167
477 482 232
495 526 202
525 538 291
543 552 191
572 600 190
591 602 290
616 657 179
639 666 82
667 671 50
677 721 264
693 718 168
706 738 105
719 757 23
724 764 289
737 785 244
743 762 230
750 797 10
773 779 274
788 826 105
814 830 99
836 875 192
855 858 186
857 870 128
884 895 125
