50
21 31 207
38 74 264
45 64 177
51 98 45
56 105 170
71 86 25
88 132 289
101 132 55
121 142 27
150 158 256
177 193 49
203 213 119
218 245 92
226 251 119
236 285 298
256 263 158
258 259 120
264 269 205
289 333 20
292 334 77
310 341 88
310 345 299
332 346 264
335 336 105
358 362 38
360 386 250
390 408 284
419 441 222
448 452 87
478 496 44
497 532 75
502 546 11
520 566 68
536 543 189
546 563 59
556 567 159
577 599 116
582 600 294
599 604 266
618 651 147
627 654 68
643 689 234
672 708 217
700 717 215
719 757 76
725 743 296
734 760 25
753 770 282
767 769 43
773 789 281
