50
24 37 136
48 70 237
48 83 127
78 128 233
87 114 170
101 109 9
129 174 294
152 200 98
156 158 229
184 229 235
192 227 61
193 197 81
197 241 173
199 212 7
210 244 144
224 263 268
254 265 46
255 261 117
282 289 146
288 337 57
308 343 161
330 356 183
336 353 141
337 373 125
341 379 95
345 358 258
361 362 79
368 371 124
374 416 45
400 402 300
416 439 93
437 456 42
464 480 172
472 487 187
486 532 181
502 506 193
507 520 147
507 527 250
522 571 5
552 567 53
580 590 180
607 644 228
612 649 106
623 640 119
653 662 152
680 694 228
683 716 280
710 750 223
718 763 200
718 724 55
