50
24 50 116
31 77 11
57 85 148
69 89 11
92 119 51
92 103 262
106 124 84
118 143 53
124 173 283
147 175 261
174 204 6
201 208 44
212 238 80
234 241 137
238 261 63
255 283 133
284 327 4
305 349 97
335 350 47
342 368 138
349 372 108
369 398 58
384 422 72
405 447 256
418 460 249
448 472 54
457 459 212
470 479 164
485 511 137
506 546 79
512 562 32
521 561 59
550 585 141
557 567 65
571 613 180
596 638 157
624 671 101
625 645 180
655 676 273
676 720 217
688 725 92
705 747 22
714 740 259
724 751 89
731 761 217
739 743 87
752 790 60
771 781 141
789 834 226
793 801 245
