50
18 60 116
20 52 297
36 71 249
43 58 21
64 110 34
74 86 128
81 86 243
83 108 30
84 120 258
95 142 4
96 103 138
124 162 268
152 193 96
177 221 211
193 212 183
204 224 287
214 252 244
224 239 237
249 298 44
250 257 45
266 286 152
295 319 116
316 365 291
325 372 270
332 350 19
338 342 70
365 366 75
372 415 218
388 428 39
394 432 236
399 444 92
426 471 38
456 478 295
458 475 202
484 485 174
484 501 81
510 542 81
517 524 23
531 569 89
561 575 66
571 612 248
595 633 165
610 624 100
621 666 35
632 651 36
640 689 94
657 670 12
680 726 89
709 733 151
737 763 43
