50
20 58 225
34 55 164
54 93 101
66 95 24
75 103 147
90 101 266
99 127 174
120 139 281
149 187 112
159 186 112
164 211 227
164 167 233
165 185 176
178 225 198
204 217 115
226 231 9
255 276 227
259 295 160
286 326 259
306 332 69
319 360 140
343 367 11
348 359 150
348 391 105
368 371 169
388 410 243
391 406 71
402 405 37
409 457 190
424 451 157
437 449 209
462 488 149
479 511 46
488 503 188
491 492 233
492 499 8
506 528 52
518 561 38
546 547 171
573 608 197
582 598 284
583 612 89
588 608 250
604 611 253
604 629 218
615 624 300
627 632 89
657 702 173
661 676 254
687 723 42
