50
21 35 208
49 77 114
49 77 81
77 92 292
84 106 263
106 143 25
120 161 56
131 169 246
154 155 245
160 201 260
190 222 206
196 244 10
214 243 124
234 279 7
239 263 96
264 290 253
278 314 136
301 323 219
328 331 152
340 382 52
349 391 168
362 401 137
386 429 6
391 421 24
394 423 21
424 457 112
441 463 105
456 467 297
484 530 266
512 542 260
526 535 252
536 586 95
545 575 195
552 556 252
562 612 122
581 583 91
605 644 135
633 641 86
636 666 94
639 664 242
654 669 272
658 700 49
676 677 6
688 732 266
716 740 156
728 748 126
755 769 58
779 784 247
779 813 91
779 805 177
