50
8 38 128
11 22 32
37 79 153
41 72 296
45 68 82
49 51 165
49 50 273
51 54 180
77 79 154
97 132 98
112 140 41
138 151 207
145 195 150
156 160 21
184 194 74
205 221 144
231 272 216
255 297 251
258 260 300
282 313 223
296 316 284
305 318 3
306 307 127
323 347 11
327 348 10
337 372 129
355 381 265
381 416 174
401 413 236
426 471 164
426 449 181
439 458 230
464 466 71
493 503 150
516 530 139
537 540 267
559 601 60
586 636 248
599 606 299
599 642 271
604 613 291
606 643 290
636 684 139
640 688 236
653 656 7
681 682 16
689 722 214
708 729 287
733 780 154
747 791 283
