50
16 60 155
19 32 232
34 43 271
64 81 120
82 88 254
99 149 21
102 129 47
102 147 107
102 143 32
122 124 234
124 128 189
124 136 149
150 157 272
179 189 192
203 243 202
206 242 282
229 277 191
235 265 11
247 287 191
247 282 16
273 278 199
290 294 176
291 314 29
319 351 165
335 349 30
356 377 49
386 415 209
405 409 32
434 465 87
457 479 107
466 507 175
493 530 39
514 552 138
544 581 272
553 559 211
559 590 16
568 605 234
569 585 187
577 612 65
592 627 295
608 628 207
619 635 172
628 647 153
641 643 136
653 693 225
658 666 120
686 718 237
694 695 131
708 723 153
709 757 285
