50
2 33 219
9 13 88
31 55 242
57 75 177
75 77 65
76 119 175
99 124 74
112 144 11
140 152 57
148 191 129
173 185 88
198 244 78
218 260 18
236 240 297
244 255 263
254 296 258
284 287 71
301 318 145
329 342 169
347 349 107
348 394 37
372 410 203
390 438 274
396 399 268
407 422 157
425 460 35
448 491 71
448 459 129
457 483 259
478 491 245
497 532 193
505 553 62
526 542 272
553 599 61
557 600 120
561 564 260
567 570 13
571 576 187
588 623 135
598 603 168
622 657 284
628 633 36
628 659 122
640 660 98
663 709 19
682 703 242
683 695 296
694 699 206
703 732 192
728 735 280
