50
11 39 141
39 40 68
52 80 65
64 81 237
83 116 139
83 128 88
86 109 168
99 125 60
109 156 27
133 166 45
136 170 293
151 194 167
170 198 4
174 212 101
178 227 197
191 204 2
194 241 225
196 210 11
222 239 239
232 255 106
241 274 223
253 268 199
268 291 251
271 294 297
292 314 153
313 321 165
330 367 239
346 364 125
364 385 174
390 397 60
405 425 288
424 473 236
454 471 53
484 520 124
488 529 36
518 536 82
529 565 160
551 568 46
575 596 31
593 602 144
594 613 257
602 612 253
628 630 12
647 662 198
648 661 176
650 655 16
654 694 35
664 690 49
684 686 10
690 693 155
