50
20 58 245
28 67 117
30 50 237
31 56 97
45 64 98
71 114 43
79 119 132
87 93 76
89 109 201
99 113 12
100 112 195
130 168 176
134 152 292
159 180 261
184 195 194
185 225 189
200 250 123
228 236 252
253 275 40
273 301 216
287 320 229
290 338 65
318 332 257
320 355 264
322 342 65
340 347 253
353 354 208
377 418 72
406 436 89
419 445 151
433 482 190
442 445 297
459 483 9
467 515 241
483 527 89
499 500 169
513 543 91
522 558 123
532 576 140
546 547 291
560 564 280
586 624 52
596 626 126
623 672 202
650 686 86
675 722 241
676 722 263
703 752 290
725 751 180
747 790 243
