50
1 2 140
24 28 239
39 76 25
48 87 133
54 62 215
68 116 258
87 99 235
109 112 193
128 170 215
132 161 117
135 169 156
147 189 24
165 209 108
176 216 253
181 199 142
189 217 286
195 199 200
210 212 243
224 266 273
237 240 22
255 282 206
265 312 259
282 283 298
310 352 144
336 348 264
343 347 264
362 381 242
386 397 254
387 435 120
389 393 114
415 436 249
424 435 280
448 478 62
460 481 104
468 513 227
479 495 290
503 532 22
520 562 13
522 561 131
522 554 60
535 545 109
535 550 293
539 547 257
551 596 8
579 589 100
598 600 148
621 627 15
651 654 136
657 659 87
674 675 298
