50
14 45 12
28 44 161
40 70 79
55 68 37
82 120 260
86 87 55
100 148 43
130 147 219
149 187 99
154 188 10
183 195 137
213 259 51
227 254 107
248 287 14
264 279 163
282 315 111
295 321 283
309 312 70
310 316 171
320 331 199
324 367 229
329 341 64
329 364 213
345 393 30
367 375 17
397 404 29
408 423 17
425 447 29
436 454 252
466 470 178
484 516 158
495 506 27
519 559 243
521 548 31
546 553 9
572 595 138
597 613 144
624 674 167
628 671 174
650 660 24
667 671 82
695 718 136
707 737 135
734 762 144
753 755 119
771 799 52
775 783 145
776 803 279
801 803 61
812 860 96
