50
22 39 153
50 70 102
68 70 80
80 82 111
106 152 124
125 130 54
150 158 107
168 186 70
186 192 66
211 216 230
215 230 63
244 275 95
252 291 111
270 301 43
270 307 19
300 308 4
323 361 239
344 381 153
345 368 146
348 385 182
351 394 154
352 379 250
366 398 231
369 371 206
391 394 22
420 436 287
421 471 136
427 477 86
457 473 245
486 500 188
488 513 233
504 544 189
526 567 138
534 582 211
564 579 137
588 624 154
601 644 177
630 657 239
647 689 272
661 663 166
682 726 86
685 721 46
711 758 102
712 738 158
733 770 279
737 755 112
738 744 70
750 752 125
780 812 88
802 838 247
