50
16 21 29
24 65 210
35 79 123
55 94 255
82 128 44
92 123 120
100 143 268
128 170 275
141 147 233
144 151 128
148 157 264
168 213 156
188 191 192
193 205 150
208 223 175
217 242 99
233 262 185
239 275 271
267 275 70
284 314 283
299 343 189
314 334 146
344 364 86
349 350 115
378 410 209
402 441 177
412 453 204
416 445 74
441 444 265
456 472 14
464 496 51
482 515 90
507 557 54
535 557 164
564 589 169
581 609 174
593 597 141
620 646 179
648 696 57
652 698 299
658 704 96
686 727 184
706 712 72
712 745 277
729 763 139
743 785 134
761 785 138
773 809 165
800 837 233
802 850 106
