50
20 49 98
36 47 154
57 85 283
69 118 16
88 131 105
100 124 187
117 143 130
134 171 144
163 197 213
171 218 90
186 233 179
191 214 13
216 224 89
232 257 79
234 259 58
241 244 55
243 273 221
261 300 267
273 280 253
298 304 8
328 356 284
352 389 178
366 392 141
368 409 118
397 442 238
414 443 233
441 466 268
448 456 160
451 459 82
474 509 168
504 528 88
521 532 217
539 543 129
542 561 34
571 619 128
583 602 167
592 598 114
613 643 154
627 631 76
645 691 112
647 651 55
665 675 11
689 716 157
707 752 224
714 723 273
716 725 152
740 744 34
755 805 197
769 791 94
779 823 207
