50
8 19 182
32 45 109
56 90 138
63 105 102
91 125 138
98 138 115
118 128 156
143 161 247
171 216 182
197 206 238
200 247 31
224 265 296
237 274 28
255 266 216
265 280 13
269 281 106
294 302 175
303 328 202
331 339 12
347 369 202
367 416 83
385 428 183
409 446 160
410 436 105
426 442 178
426 453 67
450 494 164
462 499 34
488 528 45
516 537 209
538 563 100
551 560 73
551 554 81
563 608 257
570 611 161
595 611 15
613 619 274
626 642 201
633 663 196
644 675 27
651 675 1
656 677 204
656 676 265
664 710 21
674 708 23
682 711 142
693 738 225
700 731 196
719 732 19
721 768 253
