50
7 38 124
32 55 40
60 105 24
72 120 290
79 128 215
103 121 76
108 125 125
119 155 229
147 167 126
169 201 111
190 240 61
219 258 30
245 267 184
256 293 273
271 287 215
297 330 24
314 325 82
319 342 220
339 352 94
361 366 87
377 394 1
400 438 40
418 433 107
426 466 24
434 459 176
434 466 100
435 439 157
453 473 269
472 488 193
489 495 81
515 544 240
541 551 15
557 598 265
574 581 153
587 596 28
591 615 214
618 647 124
625 659 4
639 647 51
657 683 230
663 710 41
668 690 265
674 690 33
678 722 126
679 727 250
692 711 180
709 712 21
709 753 130
711 740 286
713 747 71
