50
12 38 190
19 64 123
42 83 247
58 99 8
66 93 164
80 101 185
99 100 50
127 157 299
141 148 128
145 146 257
167 188 156
181 212 123
199 209 104
226 248 134
246 266 94
261 271 176
267 269 35
270 304 173
283 324 176
301 343 236
322 349 22
332 340 208
344 370 61
346 367 272
360 400 98
368 373 122
386 419 70
404 422 155
407 452 224
407 414 300
416 419 105
420 455 213
433 471 186
433 453 99
445 478 30
451 459 148
457 473 292
459 473 198
482 518 82
503 531 41
505 555 124
522 559 53
529 555 221
550 597 130
575 609 71
576 618 21
584 585 44
595 600 135
604 625 35
606 634 123
