50
1 13 236
14 38 64
25 33 232
36 62 13
51 65 186
79 127 248
95 104 48
105 149 18
130 173 208
145 155 97
170 181 45
197 244 122
214 234 83
241 285 71
259 276 6
264 296 58
286 335 291
298 308 47
312 353 73
313 361 155
339 373 225
360 377 29
377 400 100
399 430 35
407 426 110
437 441 27
450 485 168
457 497 117
473 490 199
502 512 279
526 576 143
541 587 150
547 587 240
568 577 30
580 603 53
606 653 108
636 665 202
638 654 22
664 687 78
685 695 120
710 721 84
736 785 190
742 765 192
770 792 218
773 781 48
773 821 110
799 847 217
823 845 72
840 848 176
851 866 290
