50
4 42 221
29 62 246
45 49 62
64 66 199
81 85 56
88 109 264
110 145 62
115 136 152
122 127 257
144 165 215
171 191 291
178 191 137
203 228 267
205 250 42
230 245 96
235 238 93
263 300 134
265 281 78
285 309 11
308 325 33
312 333 218
337 369 177
366 416 16
382 399 167
403 410 268
428 442 10
448 486 25
468 510 119
470 481 72
471 479 120
494 520 37
515 534 208
520 565 222
548 585 295
557 590 229
557 600 156
587 619 94
597 599 95
624 637 149
651 700 67
665 698 193
666 685 300
666 706 62
694 698 142
704 751 40
727 777 210
737 760 169
761 771 122
775 798 2
804 839 198
