50
9 10 50
9 28 102
35 52 255
37 43 267
55 56 251
78 89 70
83 96 11
85 129 141
91 139 16
118 167 20
138 166 252
139 143 72
140 190 33
161 183 146
185 219 204
202 216 148
223 230 35
241 254 68
259 297 291
288 335 201
297 336 149
314 360 172
327 360 63
330 370 104
350 389 33
364 370 207
366 377 249
388 421 217
401 420 215
408 428 206
432 453 262
450 489 141
476 494 51
506 516 202
508 509 23
538 544 100
541 571 88
555 561 214
558 583 178
582 622 119
590 624 28
600 615 253
605 623 61
623 626 53
623 646 3
643 692 45
651 671 86
663 699 74
686 689 277
689 716 150
