50
27 31 38
36 61 197
61 85 233
62 97 108
76 104 162
101 111 262
108 112 185
123 134 70
153 201 1
163 172 279
170 216 270
182 195 190
191 200 217
213 214 74
235 282 67
253 264 156
264 265 300
282 310 31
284 301 15
306 346 295
330 372 68
334 340 277
361 382 87
370 408 135
393 405 236
411 456 242
411 440 234
414 434 12
443 451 281
468 489 52
492 526 218
514 548 237
519 550 167
540 583 103
547 562 125
559 598 218
581 594 37
611 627 99
641 660 38
655 667 268
678 710 271
679 700 80
687 716 285
712 732 219
737 769 107
759 795 210
767 807 273
796 827 68
826 851 254
832 871 15
