50
10 37 60
20 27 284
48 94 236
75 120 167
75 84 35
102 148 208
107 150 101
132 163 223
157 183 238
185 198 42
192 221 140
193 230 179
223 224 226
233 257 1
239 249 131
264 285 224
285 309 66
311 323 206
336 351 110
352 372 28
364 409 27
380 429 258
384 430 208
400 419 26
408 440 37
419 453 24
432 447 100
446 478 245
460 475 122
489 518 109
502 531 32
524 550 124
540 552 74
562 579 53
575 599 113
589 598 102
615 638 41
623 626 188
645 649 267
652 687 4
681 704 66
686 688 44
701 723 233
716 721 61
724 751 281
742 756 127
742 744 104
767 782 170
773 789 94
776 796 230
