50
12 41 274
16 26 150
32 44 129
59 80 198
72 79 66
72 88 148
99 104 153
111 160 137
134 168 15
152 172 266
163 180 244
165 200 223
188 238 176
198 233 239
224 238 40
233 257 251
256 270 106
284 287 87
305 344 245
310 330 162
328 370 33
345 349 155
355 403 117
370 395 46
373 401 112
374 414 108
383 415 94
409 426 123
430 463 64
452 492 15
462 488 94
487 532 298
487 532 31
497 542 59
524 566 257
525 542 53
530 542 53
532 543 281
548 583 63
564 605 296
574 600 232
584 600 172
587 593 32
616 619 41
629 647 155
633 644 180
661 666 12
683 704 71
708 712 74
722 769 229
