50
4 13 100
22 53 182
33 71 164
60 107 115
86 99 104
97 122 142
114 119 105
141 145 87
171 188 242
185 187 222
188 215 152
216 257 234
237 272 176
239 287 138
253 293 175
256 269 182
260 310 101
282 302 89
312 313 23
327 360 36
336 378 163
347 380 63
371 400 211
381 391 12
381 429 24
393 441 14
403 406 280
423 440 77
433 441 300
458 508 58
471 496 242
487 515 296
510 548 56
527 539 213
538 564 225
567 606 259
596 608 266
598 625 149
622 647 57
632 665 153
644 669 32
655 676 158
684 703 64
690 697 246
699 718 106
715 740 148
733 763 61
751 780 202
780 813 108
793 804 185
