50
23 55 24
41 54 199
53 77 256
53 93 60
71 96 33
76 100 190
96 141 204
106 113 174
109 152 83
123 137 255
131 173 58
161 190 65
181 229 275
204 240 234
206 221 31
218 238 146
228 274 225
251 257 63
269 310 223
270 276 140
288 290 234
290 325 228
315 320 281
331 346 267
350 356 18
375 388 112
383 398 181
394 421 248
397 420 210
405 415 106
435 453 199
440 456 144
461 505 145
477 499 45
506 532 36
508 533 74
516 553 129
538 572 178
559 583 282
571 616 148
590 611 258
597 642 212
617 655 3
624 665 125
646 664 34
659 707 14
686 735 249
692 721 123
692 704 30
719 746 127
