50
17 58 65
40 74 182
65 108 134
81 110 258
97 103 168
112 140 21
139 182 294
166 189 13
190 234 78
201 245 248
220 239 295
223 271 153
245 278 192
254 261 75
270 300 113
277 296 280
303 345 100
328 339 247
333 334 120
348 390 242
377 390 265
395 405 104
425 472 289
433 472 61
451 485 178
480 506 157
494 533 213
512 556 294
539 576 93
560 564 134
564 570 77
569 600 158
591 600 216
592 619 270
615 646 194
633 652 157
643 645 286
672 676 6
676 700 257
684 732 233
710 743 29
717 743 277
745 757 37
754 766 96
778 813 51
806 854 88
807 838 243
807 814 268
819 850 268
845 892 295
