50
27 33 47
41 50 262
69 112 95
98 108 73
109 110 82
125 147 117
155 180 126
174 222 124
185 234 128
187 225 160
213 245 102
220 261 22
226 276 279
226 233 152
252 260 232
253 287 199
271 310 158
295 299 35
304 343 221
311 312 260
336 353 33
345 378 261
371 412 300
388 416 120
399 442 89
404 441 40
422 461 221
429 472 161
432 476 63
455 480 284
463 500 139
476 490 253
480 527 27
510 550 249
531 543 267
560 589 48
583 620 153
588 621 276
616 641 74
630 636 58
657 688 262
687 713 258
706 728 190
728 753 203
745 773 159
763 793 167
793 804 218
817 841 108
845 854 35
847 889 76
