50
25 47 254
26 34 190
26 63 248
56 102 265
84 86 75
89 105 61
97 126 150
101 144 51
102 152 245
131 139 242
142 191 55
162 181 53
192 205 126
201 229 160
209 223 35
229 253 166
258 299 214
283 298 59
289 337 144
307 338 2
333 353 52
349 364 27
376 425 169
392 411 216
422 424 174
442 475 187
456 488 249
484 521 119
513 550 56
521 554 169
527 557 111
548 587 148
553 585 111
560 594 252
574 615 56
583 614 126
601 617 274
622 636 191
632 676 72
635 647 150
657 690 60
676 726 184
684 694 26
690 733 293
704 751 152
726 754 283
735 754 254
744 752 107
761 777 60
770 787 134
