50
16 49 203
34 63 252
49 80 230
68 114 148
80 96 31
97 108 232
124 140 244
127 139 14
145 148 259
159 175 225
174 218 104
187 210 45
212 223 220
214 246 19
232 273 90
253 275 37
271 283 116
271 283 18
271 311 92
284 311 252
293 318 144
309 324 96
327 346 277
339 385 127
357 367 102
363 395 179
380 400 152
382 399 46
398 428 279
410 451 263
426 437 297
454 504 252
482 492 207
500 526 254
530 571 123
560 569 14
565 596 40
574 605 158
596 633 242
602 611 145
620 633 244
632 677 156
653 685 120
672 674 9
688 726 74
700 747 9
726 744 251
746 781 178
748 763 173
765 784 45
