50
5 54 279
34 57 274
36 77 62
47 82 70
67 99 114
96 100 77
121 136 157
146 192 3
146 174 299
165 168 15
181 208 207
209 238 58
227 255 288
236 258 42
257 272 276
263 265 274
277 325 85
294 314 162
323 345 78
333 357 49
352 366 79
381 423 23
395 417 53
421 432 39
446 492 223
465 507 245
481 531 127
495 512 247
516 539 148
534 569 280
550 553 259
553 555 164
553 571 175
574 603 73
582 585 70
599 622 103
617 652 134
625 638 125
634 679 272
642 687 281
647 685 63
673 686 89
694 743 300
704 743 80
734 769 28
745 770 267
745 779 169
759 787 33
769 804 116
769 799 88
