50
10 12 211
34 67 225
63 79 112
72 90 49
85 91 258
113 156 153
122 123 59
143 178 267
154 174 137
168 203 44
178 203 292
188 217 65
201 235 214
212 246 210
240 268 130
244 248 245
261 293 29
280 306 256
288 308 73
292 300 172
307 316 43
307 356 132
320 322 231
328 349 272
348 369 100
367 396 201
367 390 71
393 418 206
409 444 294
431 449 95
451 478 158
455 466 245
471 487 185
481 511 151
504 513 41
516 563 274
523 539 293
527 542 254
543 564 248
557 567 107
572 620 294
583 614 80
588 636 120
615 651 247
627 632 234
649 699 54
667 699 13
674 719 151
689 693 129
704 722 252
