50
14 33 12
22 25 108
29 42 132
39 78 132
43 59 27
66 106 18
86 136 260
96 146 14
113 144 262
138 151 259
165 188 251
189 211 284
199 237 281
224 233 251
229 259 264
240 246 57
269 271 198
289 328 254
317 327 179
340 361 236
349 379 165
358 366 224
371 389 202
388 394 259
413 462 224
435 468 263
440 448 293
461 503 22
489 535 202
519 536 116
526 534 170
537 544 26
550 588 118
556 586 295
572 598 143
595 635 205
600 630 199
610 633 194
610 616 6
621 626 87
642 661 148
643 679 132
649 678 166
673 714 64
702 737 137
723 736 163
753 801 75
781 814 7
789 831 140
796 811 176
