50
4 54 85
8 22 133
17 21 294
21 60 27
51 63 295
59 107 50
85 109 166
90 126 66
108 133 64
117 126 213
123 147 110
144 166 69
156 195 278
174 187 218
180 210 249
187 204 60
200 214 282
208 254 131
223 238 226
236 276 16
248 296 11
249 276 50
277 326 220
297 313 194
303 306 233
303 330 176
330 339 143
331 366 101
358 374 102
388 406 236
401 409 279
404 439 202
417 449 111
444 484 186
448 465 176
455 495 52
456 493 290
467 503 172
485 496 217
495 542 25
514 547 254
542 584 94
543 569 50
573 577 285
578 606 159
584 630 63
604 640 253
619 626 265
628 664 85
630 634 95
