50
8 37 163
18 41 11
26 74 101
28 77 260
54 82 229
60 104 69
81 89 215
102 103 108
119 126 197
148 154 172
164 202 161
170 188 112
188 210 99
189 224 29
196 225 157
215 231 276
222 235 164
240 252 73
248 295 201
253 286 75
281 319 152
284 310 256
300 302 65
310 347 15
317 367 258
321 329 167
339 366 277
347 379 78
351 359 231
356 370 280
367 374 50
384 421 173
392 398 66
398 404 228
414 435 125
440 479 201
456 487 47
476 514 36
493 504 54
512 513 296
523 531 215
539 554 51
540 583 118
558 559 80
580 588 258
608 620 236
610 634 233
623 659 83
631 646 300
653 667 216
