50
29 39 25
35 46 62
44 54 29
60 76 226
61 109 76
80 82 23
105 117 21
111 160 295
140 170 273
150 186 250
162 197 23
186 208 261
204 241 221
208 211 128
218 263 67
227 262 88
246 262 150
251 286 281
253 257 270
281 290 96
298 324 249
299 333 149
324 371 51
349 395 156
377 378 233
384 385 180
392 400 79
411 443 138
426 460 266
429 434 199
448 474 30
474 481 103
496 539 268
497 531 253
507 556 169
516 524 246
529 576 121
529 554 20
530 543 262
553 596 133
574 611 69
597 608 281
597 609 32
608 640 108
622 667 239
638 644 184
667 708 268
669 679 205
698 735 201
717 744 47
