50
5 34 155
30 66 65
60 61 278
84 110 265
105 143 261
113 134 275
139 143 128
140 147 69
168 215 130
171 190 55
198 240 206
218 256 9
241 260 239
266 284 254
281 289 24
304 323 108
317 335 252
327 339 282
357 400 58
370 392 235
392 405 258
421 431 204
425 455 34
432 436 237
441 455 87
444 472 39
449 497 148
475 501 22
494 510 89
517 549 22
544 545 130
567 591 14
570 605 284
587 589 34
589 638 175
611 642 288
611 640 147
625 675 183
633 662 217
641 651 83
667 715 131
679 692 19
700 710 154
721 745 223
749 754 258
767 793 75
770 775 181
782 804 199
782 804 233
808 842 76
