50
2 43 224
14 57 254
39 80 211
63 105 53
78 107 82
107 108 213
135 148 74
152 179 113
156 183 50
182 222 103
209 223 124
221 236 285
222 226 14
241 260 83
263 300 95
271 313 117
292 328 85
301 344 2
309 320 239
331 380 186
354 366 197
361 410 224
376 412 274
396 438 107
418 436 296
420 425 179
441 473 60
467 505 131
492 520 68
507 542 197
511 558 169
526 556 186
555 601 191
558 581 245
585 618 129
606 645 4
624 655 73
641 651 102
662 704 154
692 706 270
702 737 38
715 751 291
722 733 156
728 742 245
744 764 278
745 783 126
752 800 127
767 797 208
785 817 41
815 848 31
