50
25 64 115
55 61 42
66 86 244
94 139 103
116 130 152
143 174 231
159 184 76
164 213 216
181 200 277
186 236 25
201 249 157
225 241 75
241 289 89
259 285 34
269 276 288
271 301 288
275 295 91
286 334 178
302 313 76
329 346 111
348 365 117
360 405 157
363 391 77
363 405 162
364 398 243
391 432 232
410 460 74
431 449 18
439 480 265
465 468 213
477 487 98
480 519 260
493 518 225
500 536 161
506 549 132
514 518 264
521 525 224
545 588 92
551 591 45
552 580 169
578 586 73
587 595 300
610 647 78
621 642 92
645 695 99
659 707 89
683 723 109
706 716 4
724 749 47
727 766 102
