50
25 28 20
36 47 70
66 115 189
90 92 61
100 147 256
107 145 107
130 162 10
132 179 211
154 195 160
173 203 20
188 196 10
216 237 95
246 254 276
246 274 170
253 293 165
254 295 283
271 290 259
301 309 161
331 333 167
354 402 107
361 381 14
370 403 82
370 409 192
396 421 118
418 461 171
418 430 68
445 451 121
466 473 40
473 488 66
473 494 78
481 524 146
492 532 240
493 519 175
500 543 225
501 543 262
530 551 98
544 549 165
571 595 65
580 596 164
588 596 163
598 599 171
602 650 185
626 656 9
648 656 50
673 689 250
698 736 29
708 718 280
709 738 231
728 763 135
742 757 140
