50
2 47 278
11 35 204
15 49 120
31 65 20
55 57 71
72 110 128
102 129 297
124 170 184
141 191 147
171 197 290
195 232 77
199 242 172
219 237 164
245 271 149
249 276 61
257 259 10
287 299 54
300 342 84
304 321 123
331 363 207
352 356 210
378 396 41
378 411 211
407 439 13
418 451 103
447 448 8
453 488 60
461 469 286
463 492 135
490 536 90
490 504 201
492 500 90
498 520 35
505 545 223
525 535 280
540 581 202
554 563 78
583 630 7
612 652 141
631 668 153
646 673 223
655 680 104
679 710 188
686 719 222
714 726 154
717 729 225
720 730 137
720 738 53
741 763 120
746 775 70
