50
26 27 248
44 81 176
47 96 209
49 50 222
74 118 147
104 112 5
109 136 204
131 177 147
146 166 180
159 169 250
183 208 39
184 187 193
184 208 44
204 238 139
222 250 282
248 282 218
248 254 263
268 307 280
298 303 166
312 321 246
316 322 179
344 377 130
366 395 5
381 382 55
407 434 101
433 479 244
454 472 68
465 503 265
483 505 186
510 546 299
518 545 202
539 580 66
553 573 263
581 607 275
609 648 100
624 668 130
627 640 120
655 684 130
656 697 68
662 674 138
668 689 161
675 687 245
686 689 256
696 720 123
719 760 72
728 774 86
730 731 165
733 774 111
739 747 43
746 754 145
