50
4 31 254
31 74 12
47 49 14
59 97 8
84 92 267
98 126 114
111 115 285
132 151 111
161 198 73
181 198 109
210 248 210
217 236 103
243 273 69
262 295 168
274 303 156
285 291 160
290 338 103
291 303 227
309 351 68
324 344 293
349 373 39
367 372 156
386 410 229
392 432 129
413 434 145
438 462 237
466 507 292
483 515 230
483 527 73
504 528 33
530 544 281
540 542 128
553 564 220
561 601 217
573 585 137
576 591 62
576 619 47
586 627 209
602 636 231
616 642 221
640 674 292
648 663 202
678 686 99
706 711 291
724 743 72
733 735 16
756 764 20
780 829 210
785 825 295
813 822 77
