50
24 58 244
54 81 5
63 107 60
69 78 59
87 108 68
94 112 22
101 143 102
114 121 293
144 185 179
174 185 87
182 189 136
194 216 134
217 257 46
221 249 281
244 248 192
251 291 238
260 276 52
285 312 142
290 292 165
309 346 225
311 337 240
334 363 8
360 404 88
377 420 250
390 425 247
402 432 21
426 434 173
444 445 164
457 497 281
458 462 175
463 512 179
492 526 9
496 529 29
500 510 270
522 563 169
528 529 102
556 594 33
573 586 28
577 596 198
597 641 182
603 622 57
627 653 137
628 653 246
633 640 255
646 659 178
656 677 21
659 682 157
665 707 20
694 698 120
712 759 29
