50
29 75 103
40 59 223
48 81 233
69 118 140
74 88 285
103 145 224
109 130 76
128 171 55
128 154 110
157 178 155
158 160 31
171 193 32
181 214 47
186 202 263
186 200 261
195 224 208
221 231 69
249 251 21
265 274 263
290 318 222
311 319 170
326 345 264
348 398 282
348 380 260
371 399 182
374 413 279
376 409 49
401 448 157
431 447 205
452 472 179
465 471 68
486 517 166
503 528 89
517 555 213
532 572 244
548 555 203
577 599 150
604 632 179
624 638 88
634 647 218
662 710 287
678 700 190
694 725 110
711 730 66
718 753 124
739 762 13
763 790 128
780 794 78
788 818 248
817 819 156
