50
10 24 2
39 68 299
45 95 16
72 105 160
91 120 229
112 136 204
123 157 118
143 152 38
147 150 114
147 168 287
156 189 234
176 196 113
198 228 193
215 254 154
236 238 110
265 311 6
265 279 277
270 312 83
278 296 6
297 343 281
310 340 14
335 356 72
355 358 143
362 375 40
373 422 211
382 419 79
392 395 20
393 412 5
401 409 277
421 470 62
450 483 176
463 497 288
468 493 39
470 510 124
479 523 66
507 526 119
524 558 179
539 584 18
539 571 205
560 576 287
587 601 179
588 628 159
596 642 17
623 646 229
652 700 90
679 682 265
697 744 98
723 724 144
735 738 49
755 775 7
