50
16 58 132
40 72 142
45 75 87
53 102 80
78 125 101
86 117 259
110 154 30
110 155 262
132 137 162
149 190 178
150 198 22
158 205 144
181 226 186
210 260 117
212 240 118
224 225 269
227 245 115
228 254 289
243 285 130
254 266 64
260 282 113
263 302 7
263 273 240
263 301 296
286 319 46
311 356 189
330 339 252
343 366 243
348 393 280
358 392 64
373 413 234
376 380 238
386 421 188
387 426 203
389 403 70
408 424 202
416 423 290
436 484 28
442 461 12
442 448 172
456 479 235
468 474 101
491 518 52
491 518 10
521 548 21
545 573 41
573 610 253
580 589 232
593 641 225
617 658 175
