50
20 33 33
23 32 31
33 65 127
49 83 154
79 92 193
96 132 130
110 144 64
138 153 25
165 193 166
170 190 36
186 192 266
204 220 35
225 270 89
255 295 88
266 281 27
295 309 87
322 357 81
331 334 260
345 395 226
368 406 102
378 393 123
408 414 249
425 450 285
425 461 18
425 438 241
451 496 194
475 507 236
484 523 7
502 528 67
520 555 218
526 574 59
544 558 121
544 577 50
567 602 233
567 582 88
584 587 199
598 627 233
617 630 225
632 673 179
643 685 238
670 695 183
681 716 68
699 747 197
719 767 31
722 724 255
751 784 80
763 798 87
788 800 242
798 815 87
826 866 284
