50
12 15 233
20 54 175
27 42 69
56 63 237
82 84 115
109 111 101
112 120 69
126 143 116
130 152 139
134 169 141
147 170 164
157 161 67
158 198 291
175 222 261
196 225 291
210 228 43
240 241 22
243 257 78
244 250 70
244 261 189
267 301 172
275 298 191
281 323 30
290 310 227
316 353 299
338 344 220
341 391 147
364 372 257
366 396 214
370 392 211
383 406 79
398 439 22
405 452 156
427 458 40
435 436 17
441 462 144
460 488 293
475 521 96
481 522 105
487 503 25
491 528 126
495 510 102
517 552 48
543 548 151
559 602 82
562 568 143
576 620 128
591 635 159
612 644 4
632 669 36
