50
15 26 73
34 82 205
46 56 255
72 118 134
92 125 39
101 144 7
119 140 113
121 161 9
122 130 86
139 155 99
163 169 190
177 215 213
190 207 87
213 260 142
228 230 141
250 281 72
250 266 196
250 255 67
270 291 288
294 301 86
301 310 198
330 360 42
343 350 294
370 379 245
392 414 133
411 422 281
434 442 179
453 474 264
461 462 140
488 495 256
517 523 37
527 551 133
543 572 261
570 577 75
574 612 192
589 596 104
616 643 62
643 686 56
652 696 27
662 709 91
669 675 11
685 686 292
699 738 116
704 722 130
717 728 21
725 766 67
743 761 97
745 784 223
773 797 289
783 787 2
