50
19 44 293
49 68 89
64 67 214
70 81 25
100 129 156
120 170 281
128 174 63
144 170 289
153 174 280
157 158 126
163 208 252
163 196 109
181 201 231
196 201 61
197 222 125
207 223 145
220 237 143
244 285 182
261 283 206
268 300 161
270 294 89
271 279 60
278 318 111
300 328 151
326 375 158
352 360 122
363 412 88
363 378 38
390 432 34
399 404 34
400 422 178
417 439 16
447 494 243
468 507 84
481 519 231
487 531 258
517 549 136
540 558 28
542 592 69
556 587 5
577 593 243
592 602 52
598 629 162
626 664 210
653 699 201
662 696 215
677 721 115
685 733 297
697 699 45
708 712 266
