50
21 68 64
49 77 163
73 94 209
96 114 135
122 147 129
145 192 66
167 177 109
184 203 152
203 230 5
217 245 51
247 252 216
259 304 159
261 264 208
289 290 136
313 358 226
332 333 126
338 378 197
343 358 9
371 414 296
386 417 53
388 401 221
394 399 265
401 445 197
409 416 267
415 418 157
418 424 120
421 463 158
438 441 123
463 504 173
492 499 266
519 550 260
522 528 190
525 542 86
525 573 247
546 561 144
558 574 261
569 596 37
594 614 120
596 616 182
625 627 92
635 658 96
665 685 9
676 723 129
698 743 59
712 714 57
738 769 242
760 787 298
779 813 13
801 820 187
809 827 255
