50
21 57 86
36 37 95
47 93 253
63 73 246
67 89 240
67 85 86
80 93 96
92 133 215
92 113 139
120 155 57
141 148 188
156 183 27
182 222 152
202 245 281
232 241 296
236 265 27
246 258 127
263 279 104
277 295 234
304 354 192
307 347 110
329 363 209
333 366 283
340 347 15
358 400 208
365 374 150
380 395 56
402 424 104
422 466 176
439 444 101
442 465 83
445 454 49
451 474 126
479 487 211
506 518 240
523 526 123
546 566 154
573 613 43
594 627 161
610 654 276
625 638 183
635 662 151
659 680 28
683 695 249
697 733 182
720 768 251
732 773 215
735 754 86
746 761 188
750 754 86
