50
25 39 144
40 82 197
48 90 281
75 108 79
105 132 88
111 142 274
116 158 220
137 186 135
167 211 191
167 175 128
180 197 201
194 217 90
206 253 131
220 235 136
239 242 19
262 302 269
267 309 109
279 313 232
304 347 34
329 342 221
351 392 6
362 375 70
378 420 15
383 406 295
407 444 196
411 453 260
412 419 259
431 439 208
456 458 268
478 513 30
497 527 112
513 516 267
542 550 224
561 597 172
576 625 123
579 624 283
598 599 13
600 616 227
601 623 255
617 618 94
643 678 248
663 691 151
674 680 248
690 699 73
698 732 230
714 723 281
721 744 98
739 741 94
750 789 124
750 773 109
