50
20 36 167
23 43 21
33 61 62
57 71 186
77 120 269
90 104 198
113 153 233
116 143 50
129 171 123
131 154 257
133 155 51
151 176 46
173 179 8
202 213 80
206 215 276
226 228 143
242 268 237
267 278 20
288 329 181
305 311 149
322 339 59
324 358 42
333 346 188
357 400 128
374 388 36
404 415 107
404 428 130
415 424 267
425 431 130
427 469 113
453 472 57
457 507 93
457 500 8
486 504 64
509 538 27
530 552 113
554 569 124
568 590 263
592 620 298
593 614 298
596 639 149
620 632 80
645 685 145
663 666 135
664 708 246
691 725 172
719 731 26
721 734 31
722 743 129
747 771 127
