50
16 42 62
26 36 10
45 74 230
66 72 169
87 102 56
88 128 191
88 96 260
99 135 294
119 151 113
128 170 1
131 139 26
151 197 145
181 187 254
192 242 26
221 264 30
234 264 185
247 265 227
257 297 217
261 283 113
265 287 176
265 280 48
290 295 259
294 342 44
308 355 183
318 330 248
320 362 16
324 330 36
351 378 97
357 407 53
370 376 246
398 422 192
409 431 277
439 447 88
447 468 90
448 453 73
471 510 82
490 522 9
510 541 211
515 536 158
521 561 42
539 548 220
545 549 193
552 556 180
565 591 10
585 586 218
615 657 238
641 689 252
653 688 101
670 703 274
692 696 94
