50
4 46 26
15 20 200
20 67 127
31 40 281
42 77 127
64 95 234
90 132 89
112 147 149
135 178 91
160 176 13
164 187 160
169 202 21
179 215 227
184 214 80
201 220 7
221 233 188
251 292 100
252 254 135
275 301 120
292 300 29
304 310 30
320 328 203
333 351 239
336 347 31
350 359 273
358 366 192
372 380 74
398 436 105
424 449 188
434 455 289
455 490 296
457 502 90
482 522 114
505 536 91
524 559 1
533 560 228
539 543 286
558 585 283
569 598 134
580 627 159
580 599 193
594 632 217
596 618 230
599 605 46
608 609 26
614 623 201
625 644 70
633 657 176
662 668 104
672 679 134
