50
26 56 210
43 89 190
57 65 106
70 72 281
94 124 104
105 114 280
127 129 132
153 156 29
158 205 263
172 175 133
174 180 220
187 211 35
191 218 92
216 265 10
220 229 131
232 253 139
238 266 152
245 282 58
253 256 297
274 286 186
301 317 253
305 337 159
330 331 224
338 355 83
352 376 295
357 365 164
366 397 20
394 404 89
406 435 128
429 443 291
434 436 247
451 488 81
474 478 132
502 526 293
512 531 295
526 542 171
554 584 158
574 579 6
585 586 194
607 634 218
609 611 292
624 652 242
636 662 179
657 702 131
664 703 267
685 717 290
693 736 63
715 735 100
741 759 284
745 763 27
