50
10 58 141
16 42 97
26 55 143
34 36 185
34 82 70
48 93 212
68 72 167
91 141 5
91 108 216
104 130 258
126 161 63
150 167 276
170 217 149
176 193 227
188 191 78
190 216 71
195 205 37
215 264 1
227 261 103
252 288 57
264 306 164
281 315 167
302 309 284
323 348 254
343 389 196
370 374 270
395 442 173
401 402 28
424 469 235
442 454 156
445 491 80
468 491 87
469 490 101
477 493 11
495 530 163
496 546 48
505 551 251
528 530 279
541 574 291
550 597 194
565 591 80
569 612 247
594 637 131
602 614 172
616 626 251
627 643 153
627 675 280
637 665 266
667 685 156
669 699 226
