50
17 53 87
29 73 145
30 39 61
46 49 287
48 53 214
59 103 180
70 108 63
82 99 269
90 105 9
107 112 51
107 141 101
124 126 31
146 153 25
162 182 40
192 208 254
199 200 5
217 239 240
218 228 15
240 250 210
244 250 129
247 255 249
250 255 276
263 266 205
277 327 209
284 294 56
289 296 106
303 353 5
304 305 6
317 363 206
333 371 270
352 364 32
368 375 89
370 393 103
394 404 8
394 414 167
406 431 249
429 474 280
455 469 294
472 497 285
500 543 105
525 528 174
549 555 38
569 587 279
582 613 96
594 643 21
594 606 53
595 611 225
599 616 197
615 642 78
631 666 2
