50
19 33 7
28 33 162
30 72 90
57 107 169
76 121 173
83 117 22
95 110 241
112 118 54
119 122 263
149 160 78
154 155 99
159 165 259
169 216 127
191 212 70
208 241 20
216 221 150
236 248 300
238 252 199
250 262 60
267 302 98
294 328 277
318 350 251
343 366 238
373 412 143
378 426 126
402 409 28
419 467 65
447 485 292
476 489 182
506 535 224
512 560 96
536 579 279
562 563 224
563 603 57
588 596 215
601 623 43
616 664 4
625 647 256
642 690 73
654 683 198
672 684 26
679 684 140
680 726 123
701 715 242
724 750 110
750 794 14
753 768 223
779 796 275
806 845 67
812 840 105
