50
1 17 93
2 27 121
11 53 278
37 44 251
62 96 238
71 108 23
101 150 262
101 133 121
115 143 21
116 151 104
131 140 149
146 176 147
172 181 190
199 204 213
218 244 12
244 259 256
255 290 213
256 266 19
265 275 71
289 323 180
296 342 206
322 366 117
335 341 59
363 389 270
382 417 281
386 427 171
404 414 230
407 433 89
413 434 45
434 443 216
461 496 33
483 520 105
489 526 233
508 540 40
527 537 183
554 567 286
569 585 204
579 597 218
602 616 199
606 634 104
630 668 212
640 683 45
641 659 85
643 652 268
645 691 187
646 690 1
675 706 261
700 750 201
720 755 4
723 761 139
