50
0 42 289
0 14 186
8 50 154
23 33 68
41 50 171
45 81 261
54 101 35
54 89 130
69 103 192
85 111 209
108 140 150
113 137 79
117 166 110
142 163 9
156 201 118
185 221 12
211 238 121
232 274 97
254 287 56
261 284 101
277 290 224
299 307 117
322 353 219
326 364 28
338 361 106
351 393 284
351 384 34
361 368 156
365 404 276
375 417 47
380 429 102
395 415 195
402 414 240
404 449 275
426 442 44
440 477 279
470 478 93
478 493 156
491 492 213
518 520 12
537 543 192
559 573 209
581 596 71
583 633 85
588 620 218
609 643 130
623 627 283
640 682 125
654 677 5
679 713 294
