50
25 69 147
34 37 122
39 40 3
40 64 163
57 67 94
60 103 51
70 93 298
72 118 222
102 130 31
117 157 168
139 161 300
169 183 2
182 198 248
189 195 5
215 218 217
238 254 1
248 266 3
277 279 195
288 299 131
297 324 142
304 346 177
306 330 67
320 362 72
325 329 215
354 359 189
374 409 15
398 402 86
403 436 31
430 471 45
433 474 99
462 465 13
469 481 187
492 505 47
495 517 119
520 535 19
546 573 111
570 605 206
574 598 56
600 626 65
629 638 217
631 649 190
655 694 108
683 708 110
692 726 213
720 754 201
726 730 141
749 768 199
778 800 208
796 807 223
820 826 77
