50
16 62 55
24 43 273
35 65 103
58 59 259
87 118 167
117 145 144
138 160 139
160 205 87
184 189 274
213 247 29
220 240 142
224 235 40
240 264 203
260 266 103
287 326 153
287 298 3
288 323 264
314 319 262
330 340 20
360 398 202
361 386 83
384 434 99
412 442 258
433 448 102
454 458 260
484 510 99
513 546 181
527 573 292
553 564 8
564 613 200
568 615 76
596 619 289
610 652 7
628 663 265
639 655 285
646 660 71
651 662 172
655 702 260
671 709 256
680 699 234
707 742 59
707 753 98
733 782 284
755 795 21
755 796 34
769 804 186
798 841 292
817 821 254
835 871 250
861 902 183
