50
7 38 202
32 52 292
58 81 271
87 113 241
101 149 137
124 159 63
129 156 98
152 188 77
159 180 94
169 218 277
180 194 13
195 196 88
225 272 94
241 274 209
245 253 256
268 278 142
293 306 117
322 346 86
324 348 166
347 353 154
352 365 140
377 422 288
379 403 132
399 446 25
415 418 40
433 471 48
449 472 197
477 478 101
482 485 62
511 518 84
517 529 142
518 519 28
535 544 253
557 560 250
587 592 208
597 618 23
615 648 109
621 652 57
633 651 70
660 708 153
673 691 50
697 730 271
711 757 160
740 783 189
743 749 89
746 785 287
748 790 232
757 804 251
782 798 185
789 826 33
