50
1 28 182
22 71 158
48 80 271
53 69 16
54 104 299
55 96 86
65 83 201
77 122 218
90 91 50
92 98 290
116 155 186
136 163 12
152 187 143
174 209 178
202 225 49
218 222 120
240 278 182
252 291 74
257 301 194
266 312 5
284 307 296
284 299 131
312 322 253
336 368 25
363 368 237
372 404 133
382 397 20
410 441 19
412 444 83
428 465 105
457 467 285
463 484 95
491 541 300
495 537 177
516 533 178
546 585 140
561 609 24
583 585 287
596 602 169
616 629 198
642 669 148
668 687 154
675 722 215
701 750 162
707 715 240
709 728 13
738 770 196
763 782 138
768 770 271
782 826 267
