50
0 49 244
4 53 260
30 58 198
35 45 96
41 68 173
61 87 83
89 128 5
118 119 2
127 139 86
139 175 105
159 180 10
165 191 31
168 184 50
172 193 172
192 211 7
200 241 83
213 224 144
236 259 37
257 298 55
275 315 106
278 308 172
300 339 275
316 353 144
330 358 216
330 349 108
357 359 171
377 417 196
381 417 177
396 408 26
396 434 262
396 440 1
417 429 79
426 474 104
451 455 167
480 524 91
493 503 103
500 526 75
519 555 194
527 559 112
537 538 122
561 581 256
561 611 186
587 617 191
608 655 268
624 637 33
627 648 124
636 640 194
640 676 250
656 664 19
658 678 269
