50
14 54 8
22 25 228
33 75 277
63 86 76
85 135 2
86 117 210
108 109 80
130 144 140
151 187 267
151 161 2
160 208 133
162 185 55
177 208 156
181 197 38
196 217 17
206 255 197
212 239 21
225 269 63
248 293 69
269 291 18
288 290 210
313 351 21
315 321 268
317 361 21
335 337 174
347 369 54
356 390 50
380 395 242
392 400 155
417 446 6
445 473 262
474 522 248
480 486 77
484 505 200
500 502 116
526 558 129
538 571 18
555 597 274
577 581 121
600 639 68
630 679 88
656 662 179
657 706 53
665 666 210
691 737 236
720 723 246
731 763 218
750 767 208
769 777 213
787 805 176
