50
19 51 240
25 34 277
25 60 135
30 55 30
38 75 291
65 82 6
93 97 186
114 143 2
131 153 249
140 170 38
161 162 289
180 192 22
185 193 208
207 257 86
218 236 181
238 246 7
245 288 107
257 259 220
282 308 253
298 346 166
309 318 287
311 321 45
334 380 179
350 393 56
360 365 268
382 393 205
383 403 226
391 393 92
404 437 112
409 425 180
425 472 188
454 455 42
481 496 210
502 548 160
520 568 68
523 538 177
534 566 281
541 566 133
546 590 137
575 608 17
601 609 23
609 650 94
637 644 50
663 697 106
679 712 148
707 714 9
709 728 107
731 741 37
746 751 189
755 800 129
