50
18 29 93
29 79 184
38 60 233
54 65 219
59 94 125
73 115 185
103 115 182
107 139 279
110 160 12
113 148 264
117 129 12
135 146 150
137 147 193
145 160 201
157 170 5
161 209 125
186 225 133
211 231 285
227 234 63
239 288 190
239 261 268
259 294 259
261 270 70
261 291 150
291 330 201
303 326 187
316 327 33
320 349 106
332 358 278
361 380 121
377 418 210
407 424 179
435 447 18
444 462 130
472 483 259
492 512 197
493 514 120
513 537 228
538 583 35
562 592 140
581 614 128
609 628 138
638 663 241
659 704 42
674 701 280
681 688 154
705 714 185
713 737 173
729 730 186
741 781 3
