50
4 48 152
14 50 37
31 33 226
35 57 181
40 63 136
70 85 189
79 99 278
109 140 177
115 139 279
123 148 72
124 144 121
153 175 64
169 207 137
194 213 38
208 256 235
220 226 207
248 266 204
275 324 190
281 292 65
309 359 108
318 334 235
334 349 53
345 364 299
361 409 25
368 369 45
371 376 171
399 428 219
418 444 38
440 472 38
467 509 235
476 516 178
491 513 300
502 517 21
507 518 241
532 564 20
533 539 155
552 558 194
561 569 32
585 635 174
600 626 32
616 661 113
645 656 284
669 710 227
671 712 42
700 705 55
728 749 278
748 775 240
778 794 39
779 781 289
785 815 134
