50
23 60 269
41 90 137
67 103 96
96 110 280
124 127 117
149 155 74
165 183 160
167 214 282
167 185 222
197 240 133
221 231 279
237 262 147
244 275 287
259 281 37
273 304 217
281 288 7
287 314 165
304 329 206
328 376 204
353 399 202
379 424 12
402 436 278
431 447 280
439 441 219
459 494 240
469 487 200
480 485 102
507 534 123
523 558 111
533 576 273
534 540 10
559 577 143
578 623 140
607 612 62
625 671 187
642 665 245
658 664 279
658 706 17
673 674 189
676 696 126
692 732 141
714 734 261
744 778 62
760 765 120
784 796 187
786 823 153
795 840 284
798 800 92
818 853 282
841 886 50
