50
29 57 183
35 66 50
41 50 185
64 83 59
90 115 94
113 140 269
141 144 253
157 183 271
176 184 149
193 243 143
214 215 105
220 269 4
244 275 261
271 310 288
289 330 296
309 311 118
313 331 5
329 353 258
347 387 73
373 374 28
377 380 221
377 413 12
384 387 245
398 420 70
417 432 1
440 477 236
453 478 39
476 519 79
480 483 98
494 518 59
497 532 15
505 527 162
524 562 176
526 552 43
527 562 148
544 564 299
544 588 118
547 552 74
572 600 178
583 627 287
599 636 142
625 665 46
640 681 18
644 661 125
650 662 221
665 703 36
669 689 258
686 707 44
698 704 223
719 732 200
