50
17 20 169
45 86 40
67 114 298
91 114 53
107 143 218
124 154 275
130 155 255
130 148 44
145 152 271
162 203 216
186 194 217
209 226 161
222 249 151
241 255 172
264 307 162
293 309 141
307 327 82
315 353 235
318 351 63
331 374 46
340 360 105
363 375 164
363 388 73
369 398 33
377 382 1
383 427 72
383 415 187
390 429 68
409 443 229
417 452 90
437 486 6
467 517 129
476 496 289
481 506 75
482 518 238
500 538 141
501 547 272
530 564 248
549 565 127
555 564 101
585 634 49
593 640 14
620 668 52
628 673 112
642 669 87
668 695 202
698 744 201
724 737 88
749 772 113
777 820 209
