50
12 54 279
17 29 23
34 62 246
49 98 70
52 74 177
56 83 135
63 85 150
85 127 50
114 140 147
143 155 131
146 153 68
151 194 263
176 198 258
190 226 95
198 221 121
208 250 262
212 243 29
239 280 126
248 255 82
253 284 132
276 277 221
290 315 220
302 313 213
319 351 176
341 367 211
368 371 115
378 425 9
381 429 262
381 422 201
386 393 62
411 461 147
438 450 282
457 460 14
467 492 38
487 504 170
500 529 165
526 543 251
543 588 165
552 572 189
581 623 108
587 598 159
599 627 184
599 621 89
625 638 44
642 680 69
660 696 183
689 699 91
703 724 245
703 732 59
707 746 115
