50
3 52 192
33 68 94
33 47 97
51 57 33
71 112 182
72 96 201
90 105 168
117 124 270
118 129 115
137 142 194
157 194 297
176 221 240
179 182 78
203 223 129
225 240 86
247 287 92
273 296 216
298 325 138
320 359 92
332 366 38
349 362 47
369 414 218
371 394 189
397 406 72
403 448 145
419 439 104
432 470 18
445 448 65
450 496 49
476 512 179
503 546 65
511 558 256
517 532 7
540 543 79
542 583 192
543 563 201
554 592 179
584 620 255
584 610 245
594 619 174
605 615 99
614 648 113
643 685 8
667 715 82
693 739 130
719 766 219
736 770 93
752 798 81
765 786 6
783 807 277
