50
12 23 137
23 68 87
36 84 86
46 79 20
53 71 60
81 100 249
107 130 269
132 158 156
155 158 31
165 175 198
195 232 70
212 235 139
235 252 70
258 281 42
272 308 50
299 324 134
302 339 99
303 336 203
320 353 239
342 359 193
350 363 220
373 400 63
388 403 106
401 438 27
425 438 51
429 478 14
429 456 206
438 444 166
447 459 32
464 510 133
474 516 87
498 506 126
511 537 264
534 569 246
564 603 144
570 596 240
599 605 16
600 612 245
614 628 268
643 675 68
662 686 132
684 712 274
708 727 35
712 755 160
726 761 64
732 747 41
758 764 243
762 802 34
778 806 247
801 844 144
