50
6 22 117
27 51 73
34 71 12
38 81 102
54 92 297
69 72 153
71 91 46
96 106 126
111 154 57
136 167 17
138 156 243
159 200 130
181 187 105
185 228 261
206 242 264
231 265 70
261 268 135
279 286 41
284 304 171
291 327 5
312 331 37
328 349 168
335 350 22
343 372 221
363 398 294
363 383 110
388 435 87
398 434 141
400 422 164
405 440 249
431 464 83
439 480 225
452 453 202
478 523 134
483 488 17
495 522 162
495 516 38
499 522 169
520 540 221
529 555 232
543 575 120
562 569 280
583 601 268
594 614 202
596 604 237
619 649 247
628 661 225
637 671 135
648 656 263
649 682 135
