50
2 26 164
6 39 134
25 39 138
45 83 71
75 79 200
92 122 129
109 134 159
122 153 101
148 187 211
149 177 122
179 181 50
199 248 287
213 221 203
232 279 218
235 274 228
260 296 142
270 272 285
273 309 271
291 340 110
310 350 237
319 348 262
319 326 119
325 336 244
339 369 15
356 377 52
361 376 100
384 388 165
399 417 220
402 411 167
420 463 168
421 432 129
428 452 196
457 498 16
470 509 61
496 534 128
502 545 226
516 547 172
519 541 169
524 569 136
542 559 37
561 592 90
574 616 160
583 619 12
583 626 238
594 605 231
600 612 146
613 616 55
638 688 165
647 697 275
656 675 57
