50
24 47 207
36 56 143
46 71 251
57 107 153
73 75 98
94 101 14
110 125 97
122 139 283
141 184 263
157 168 142
175 209 274
176 216 37
185 201 126
193 237 171
214 221 206
229 262 172
249 278 297
253 263 156
271 312 272
291 323 258
304 332 34
332 372 282
348 384 189
373 383 264
395 401 176
420 458 284
444 447 3
447 450 226
468 498 277
478 488 89
495 505 215
514 521 241
543 562 190
549 568 160
572 596 268
582 585 198
589 619 12
591 596 277
597 627 170
602 617 265
626 639 109
639 643 287
662 664 256
684 719 210
690 734 196
702 731 254
707 710 233
733 739 228
761 803 183
785 823 53
