50
1 47 211
26 66 264
46 50 22
63 93 172
91 136 223
112 113 138
139 185 299
169 210 200
190 201 225
191 233 230
215 220 43
223 261 249
224 243 287
229 243 187
255 273 92
262 282 198
280 319 139
297 312 246
298 325 72
304 317 127
312 334 236
325 359 64
345 359 139
357 378 201
378 383 213
393 407 87
402 426 63
406 423 144
413 448 185
424 467 230
437 466 157
442 476 267
462 482 142
478 479 279
487 507 252
506 556 202
520 554 110
526 576 88
552 562 24
578 597 82
590 624 28
593 608 53
609 641 15
613 624 33
618 635 2
635 637 69
638 646 293
664 676 32
665 708 135
667 707 118
