50
7 28 178
17 20 20
25 46 290
34 40 272
60 85 96
60 103 124
67 68 288
93 121 88
108 145 244
108 126 11
117 162 27
134 172 213
147 176 269
148 150 58
153 195 298
181 202 48
209 256 177
220 221 97
247 257 279
270 315 79
276 319 52
277 307 278
296 320 76
311 328 263
332 370 60
349 354 43
366 382 279
384 422 49
404 454 276
414 432 254
432 475 144
435 482 256
462 478 19
489 516 91
496 536 63
507 512 280
513 545 166
519 542 147
521 534 153
527 533 204
551 579 1
573 580 267
574 582 171
591 631 3
603 622 150
618 661 127
636 677 96
659 674 242
682 722 144
691 723 8
