50
28 77 288
29 35 42
56 96 159
85 134 217
88 127 166
111 148 249
136 182 48
157 186 177
179 225 36
201 218 238
227 255 232
229 279 137
249 278 200
269 282 61
294 307 173
322 351 8
351 378 276
377 427 194
393 416 31
420 463 7
438 451 230
452 485 169
455 500 69
474 519 225
499 514 19
517 528 242
533 540 2
553 589 26
558 587 163
584 594 175
584 605 234
592 638 254
610 635 259
611 652 171
626 673 101
646 688 28
674 694 219
702 746 138
725 766 13
750 800 94
760 802 186
769 774 189
771 814 228
773 780 122
779 782 247
783 803 291
811 844 246
834 841 59
858 906 155
872 877 20
