50
16 30 1
38 46 183
52 58 102
71 106 7
89 124 103
94 107 45
121 142 159
142 164 157
143 191 46
156 198 278
167 213 155
179 212 200
207 237 210
227 232 257
231 267 284
259 294 31
286 317 262
308 315 30
334 369 248
350 356 17
366 384 78
371 376 123
395 397 248
412 453 57
421 438 221
421 464 163
430 455 245
455 468 148
483 499 116
510 518 279
534 570 133
552 588 22
580 602 230
601 644 181
630 657 151
641 644 147
669 705 299
683 715 115
692 723 235
709 735 210
727 745 20
730 763 15
746 769 157
769 785 168
771 783 34
789 814 17
805 806 122
829 834 123
833 851 251
844 890 282
