50
14 43 179
21 40 117
22 49 202
30 38 179
49 55 184
50 68 233
71 88 76
75 109 61
104 136 89
123 173 221
131 174 96
159 209 183
164 166 9
165 190 196
178 217 250
198 220 106
219 262 95
227 252 236
234 240 257
250 289 252
277 313 272
299 332 14
300 343 178
310 341 250
340 365 77
356 370 136
360 384 146
383 406 54
396 422 12
396 402 46
422 444 221
452 458 51
477 500 193
478 479 196
487 521 213
506 529 43
510 535 68
511 554 11
513 514 46
513 560 280
513 558 245
537 549 237
553 596 6
580 600 286
602 606 176
612 636 18
625 668 3
633 650 51
652 702 245
675 724 178
