50
17 31 222
30 62 260
36 43 219
47 74 159
48 57 231
63 97 35
69 72 4
89 138 185
108 123 79
118 145 295
144 155 40
171 216 249
173 188 138
198 214 256
218 254 204
245 292 272
255 289 227
255 275 99
262 269 26
285 305 146
306 314 66
322 348 173
324 355 166
351 378 37
372 376 284
375 392 279
377 384 272
405 421 263
416 418 282
417 450 259
426 437 170
433 475 64
438 444 184
461 465 59
482 519 169
492 525 78
506 539 153
521 550 27
541 583 207
560 570 11
573 590 219
591 598 27
600 646 161
613 654 112
625 660 264
654 683 234
661 708 154
686 723 169
701 748 44
705 725 58
