50
10 48 69
14 55 199
22 70 191
45 68 89
49 92 123
60 102 40
90 96 147
103 141 28
131 132 61
134 145 27
152 190 192
157 200 128
172 177 183
178 196 76
194 236 144
210 213 159
236 245 292
264 273 36
294 300 241
314 345 157
340 374 262
345 374 210
362 370 14
385 410 17
415 450 53
422 460 257
443 449 148
453 458 197
456 501 296
474 477 257
481 517 133
501 502 61
505 548 132
521 549 30
531 573 233
534 565 28
554 564 178
581 615 135
583 611 172
603 620 248
611 660 73
631 643 61
653 666 234
665 682 131
687 703 47
696 738 266
726 744 117
743 760 197
754 789 170
757 760 277
