50
21 38 160
21 66 13
38 80 26
39 70 69
57 85 172
78 109 151
90 93 32
92 107 136
115 164 270
125 139 14
150 192 161
179 183 173
202 203 222
220 251 43
248 260 190
252 255 281
260 266 65
288 330 244
303 311 298
333 349 112
356 366 66
369 374 179
385 418 289
406 450 289
420 458 248
449 485 186
472 516 286
489 509 46
519 537 58
525 559 152
528 547 107
550 589 86
556 593 186
558 574 148
559 606 296
564 567 25
582 597 55
600 618 271
616 622 51
636 643 91
663 687 194
663 692 266
667 671 275
673 688 290
696 733 107
696 701 215
715 731 220
732 746 222
747 761 65
767 781 153
