50
6 53 180
14 61 13
39 75 210
65 74 208
80 123 268
85 118 92
93 112 299
120 154 54
131 157 125
141 190 155
151 166 279
155 190 163
159 167 80
160 174 85
174 215 279
198 225 81
202 244 67
222 270 103
236 242 180
250 285 113
269 271 58
299 325 224
303 312 94
316 318 66
319 360 207
342 362 102
369 399 199
392 404 189
414 417 252
426 434 48
455 464 275
470 518 33
487 522 154
509 517 95
531 580 248
560 562 160
578 597 210
596 599 98
621 658 67
623 656 58
650 691 44
652 684 127
682 706 134
699 725 246
726 767 148
744 751 24
765 778 153
794 840 181
819 838 208
842 844 266
