50
13 61 98
16 24 266
41 45 264
44 63 102
53 68 223
79 111 43
97 145 199
105 108 77
108 158 157
129 160 221
141 158 285
146 157 280
158 163 174
167 186 4
188 204 70
195 198 91
218 263 106
240 279 263
261 266 123
267 305 260
274 305 136
286 314 293
292 327 254
297 306 229
302 304 74
315 351 150
326 362 239
350 368 219
366 405 231
389 439 153
406 434 258
436 460 151
454 497 223
463 501 179
489 495 172
501 504 142
525 558 48
526 552 194
554 566 151
558 563 121
577 613 163
595 604 138
604 645 7
608 639 66
622 661 176
629 674 180
642 692 109
648 664 269
672 681 91
684 709 52
