50
4 8 173
14 39 162
28 51 171
41 90 14
60 91 17
84 95 166
102 103 238
113 145 206
117 161 257
129 164 42
157 199 219
181 224 212
192 225 43
209 248 67
213 262 134
241 244 220
261 274 6
273 302 299
288 298 103
302 339 184
304 311 300
304 307 178
317 342 60
337 384 45
367 389 168
394 406 58
409 422 191
422 467 109
437 454 279
462 503 265
491 494 105
501 538 103
530 573 196
538 557 252
562 595 50
573 623 191
590 597 229
606 651 59
622 664 284
636 676 244
653 656 15
654 666 167
661 709 276
664 673 177
682 710 63
692 694 142
705 740 137
715 716 145
734 782 164
747 773 218
