60
20 44 215
24 54 52
37 47 206
49 67 277
52 102 146
52 86 132
59 75 99
74 110 282
77 104 84
81 87 197
102 131 262
103 121 108
122 123 126
147 172 147
165 203 189
179 186 298
182 196 297
191 207 175
201 210 247
210 233 131
221 239 119
229 270 14
232 277 120
241 268 224
241 272 205
256 296 209
266 273 146
277 310 66
285 292 54
291 319 279
313 319 205
334 356 44
339 366 137
351 375 216
358 364 245
370 420 237
386 391 56
386 422 241
396 423 96
398 415 191
417 435 120
440 475 256
445 452 117
455 484 210
475 495 274
485 495 137
515 543 171
537 563 213
544 584 30
568 585 142
598 622 235
602 651 12
611 628 276
611 647 149
627 677 82
631 638 267
646 673 182
654 678 203
657 670 259
667 680 162
