60
18 34 167
23 64 8
32 70 203
47 70 222
54 81 213
62 105 71
89 128 14
118 119 265
147 148 243
175 197 294
188 190 279
196 244 46
211 226 215
216 239 98
224 265 178
238 249 215
238 272 276
254 302 133
271 299 266
281 298 49
287 296 212
290 306 29
300 306 207
314 330 201
328 348 202
334 368 300
352 368 88
375 379 152
387 397 40
397 405 164
425 464 297
432 438 162
452 467 230
481 524 215
500 507 24
508 546 113
536 572 48
549 589 183
558 579 298
563 565 215
590 633 212
594 596 135
622 662 47
640 690 105
649 691 181
679 716 60
695 729 78
714 750 33
735 783 219
744 788 68
769 785 71
789 799 35
815 828 98
817 843 160
822 850 159
826 849 102
844 847 42
872 880 71
897 927 16
907 921 206
