60
14 46 65
19 68 143
32 43 235
50 100 93
80 124 199
99 130 156
115 134 70
115 157 250
126 133 230
153 162 243
181 188 172
184 202 76
196 205 101
201 223 113
220 247 22
247 284 202
266 288 164
268 285 17
285 287 224
311 342 11
315 353 198
331 348 55
358 367 256
372 409 150
377 411 299
390 422 289
400 436 264
401 435 132
416 465 287
436 472 11
459 477 66
481 524 166
494 527 48
498 539 191
507 520 287
526 569 235
540 554 22
551 567 253
574 594 53
578 627 58
608 631 73
608 620 235
631 656 144
635 642 278
636 675 133
663 699 67
665 686 129
688 730 240
696 735 160
697 732 119
721 737 93
725 737 221
740 767 283
751 767 139
756 764 187
766 779 112
793 803 282
815 819 183
837 843 97
856 864 298
