60
28 71 53
29 73 284
47 88 101
55 73 120
57 71 201
76 111 180
98 106 117
121 125 109
129 131 154
154 188 229
156 193 121
160 199 280
178 192 289
183 191 145
200 219 146
225 246 56
225 238 292
235 249 103
236 277 122
266 297 178
281 328 41
291 316 177
294 327 279
316 354 240
321 359 70
326 327 283
338 365 4
358 390 187
387 414 181
408 446 88
412 432 20
441 470 120
445 460 67
469 477 156
472 479 158
477 512 73
489 515 249
505 508 251
512 514 297
537 547 165
540 567 81
549 558 259
553 592 270
568 586 211
580 601 73
580 597 3
601 615 112
616 624 76
619 654 295
638 664 267
641 653 49
649 686 80
675 724 100
679 689 132
690 699 290
692 702 99
714 750 186
718 739 270
728 751 217
730 756 286
