60
0 15 161
28 60 88
30 73 291
31 61 271
35 51 67
62 101 36
80 121 189
105 143 66
110 119 65
131 142 267
148 152 120
172 174 131
188 227 181
201 247 1
216 258 251
234 275 121
253 264 246
265 279 72
274 275 75
303 350 132
323 353 33
334 358 98
358 359 74
386 432 230
398 439 264
405 444 170
419 441 246
429 435 13
443 463 48
463 472 222
487 529 165
499 542 207
526 561 274
530 533 271
554 594 59
569 614 163
593 615 22
613 645 209
619 660 121
642 658 16
670 685 143
685 708 141
709 749 227
734 762 202
754 788 203
758 766 253
767 804 297
771 817 167
783 798 42
791 793 205
812 820 21
822 866 174
833 876 100
847 866 30
858 885 205
879 925 85
890 931 47
907 952 274
908 950 84
910 942 24
