60
26 44 279
46 86 55
67 89 80
89 131 88
89 106 155
91 112 69
110 145 282
117 131 116
132 180 25
137 174 246
143 159 146
155 172 238
180 230 25
197 225 133
210 259 40
225 231 221
252 301 16
269 298 89
282 287 95
286 311 148
310 351 87
330 345 282
358 381 185
363 392 172
386 418 263
403 434 72
409 443 84
431 454 14
441 490 92
457 476 13
486 516 183
496 522 83
512 548 299
518 524 250
518 540 196
524 531 12
547 570 11
555 596 173
580 630 161
600 646 7
618 655 272
628 666 115
658 684 266
660 708 224
663 666 77
691 723 27
717 762 235
736 782 96
754 798 31
764 769 8
773 817 94
801 807 219
823 837 184
851 855 73
861 889 63
861 899 295
878 883 175
897 931 81
909 938 114
930 976 279
