60
23 57 212
39 47 84
54 93 224
71 84 165
76 105 164
93 131 58
121 124 255
138 174 149
158 189 207
159 198 280
188 200 206
216 223 136
239 258 243
255 296 217
270 282 129
292 314 52
310 351 247
330 361 226
358 378 176
371 384 49
398 441 102
424 471 183
434 450 82
444 459 257
471 486 136
473 512 1
487 522 100
504 544 79
534 553 207
549 565 276
556 559 262
556 577 157
575 608 178
593 641 33
594 640 127
619 641 300
625 663 250
635 650 128
637 683 237
650 692 216
667 691 41
676 716 53
702 717 69
726 757 151
756 767 249
769 785 153
799 846 166
806 820 275
807 815 58
822 827 173
830 844 56
841 882 192
866 894 210
871 900 102
890 910 101
894 927 126
913 951 129
932 961 222
935 953 298
950 958 250
