60
9 17 90
11 39 93
35 83 176
42 51 239
56 85 100
57 99 7
72 108 147
97 124 252
103 106 7
133 143 40
157 182 277
174 212 84
197 218 149
206 224 28
227 268 185
235 270 218
247 269 167
257 273 266
261 286 32
288 324 159
312 327 187
328 362 273
338 357 76
346 388 17
354 399 75
367 408 3
371 416 94
396 400 252
411 443 126
415 435 87
418 443 37
444 445 84
448 492 93
455 485 159
472 501 202
477 480 26
479 518 149
480 487 85
489 519 61
494 520 145
519 569 218
528 551 198
542 575 141
553 586 5
583 600 39
606 641 22
623 643 228
633 642 141
660 708 111
669 700 198
691 697 16
702 707 38
720 725 119
736 765 80
761 789 162
785 830 1
805 844 78
819 848 215
824 840 213
852 858 110
