60
8 35 141
33 73 163
57 91 103
65 103 171
82 122 170
93 102 36
95 136 236
117 156 240
121 157 47
124 143 210
130 168 83
154 178 145
172 221 72
190 233 234
205 248 47
218 256 201
218 254 266
246 295 86
254 298 8
280 327 283
297 305 284
321 371 243
337 346 109
344 387 173
360 365 33
390 419 67
404 410 233
418 423 5
421 423 164
435 471 153
441 443 234
459 462 245
468 497 258
481 484 186
485 523 226
511 529 143
520 534 105
549 576 242
554 560 162
574 590 177
604 640 265
630 648 147
630 662 220
633 637 187
650 691 120
659 707 223
678 687 87
689 696 151
712 740 137
727 776 159
729 752 148
739 762 27
757 791 128
760 774 18
764 813 43
776 793 180
788 821 95
808 857 16
829 855 1
832 835 151
