60
11 37 288
32 44 175
37 75 230
58 102 31
86 100 171
109 126 260
124 149 80
147 194 159
149 175 9
156 180 117
161 163 212
184 225 201
211 215 256
236 237 42
266 285 63
294 310 96
294 332 219
302 303 116
303 343 7
314 320 83
329 368 120
359 396 278
374 419 35
379 399 185
392 408 169
400 430 291
403 444 216
430 438 129
448 460 95
448 453 252
466 471 227
493 541 149
514 518 257
529 530 153
559 608 8
560 585 113
572 605 73
593 617 149
607 638 205
622 652 138
646 658 253
658 676 197
674 720 35
701 709 237
729 777 177
746 794 252
773 813 31
790 820 95
793 808 140
794 808 128
812 855 35
839 857 10
855 887 74
880 889 296
891 925 146
898 945 71
919 965 278
939 977 272
957 971 243
957 997 187
