60
18 57 216
42 58 259
56 67 211
73 97 26
94 110 184
100 134 100
128 154 152
141 180 57
155 171 40
157 185 249
167 208 56
172 211 58
185 234 244
214 259 109
240 265 28
242 272 142
251 265 86
273 290 193
292 338 173
317 346 58
337 367 88
353 394 125
376 385 84
384 425 22
394 431 271
401 436 116
414 448 109
416 432 264
436 485 282
458 484 72
488 532 175
493 510 190
506 536 78
531 567 150
555 594 189
559 591 73
588 624 176
617 629 27
623 634 96
652 701 119
673 723 90
696 709 110
699 743 290
701 733 173
725 727 222
748 760 53
770 811 78
795 811 118
824 838 267
849 857 66
876 886 251
883 889 209
904 935 281
905 915 163
926 928 90
936 970 193
956 988 49
974 999 73
1000 1041 206
1025 1043 249
