60
13 31 118
19 63 241
41 42 286
53 98 53
70 91 216
91 104 156
119 140 145
128 143 266
153 177 30
178 203 57
179 208 174
207 209 9
208 228 260
233 234 80
238 285 199
262 302 260
292 321 199
307 326 85
325 335 144
349 375 18
379 406 149
396 431 56
396 417 48
403 413 270
421 471 122
438 472 87
459 492 1
465 486 58
494 502 122
501 515 265
526 543 91
549 587 76
579 594 4
595 608 47
621 627 280
648 668 166
673 679 296
701 739 179
722 756 196
723 750 51
730 744 265
746 789 148
774 789 282
783 811 243
792 795 17
812 820 100
836 859 262
865 890 83
876 885 95
881 900 281
910 934 232
933 960 37
962 987 100
975 1025 113
977 1011 163
999 1011 278
999 1008 67
1002 1033 295
1021 1053 12
1046 1081 12
