60
13 55 144
19 24 260
48 76 164
72 73 218
88 92 259
111 135 171
140 149 64
157 171 226
172 181 110
195 236 171
202 239 64
205 246 142
212 239 98
225 245 227
242 265 150
258 264 198
288 314 13
300 303 109
306 346 290
329 350 180
355 361 229
361 370 224
378 423 183
378 384 228
391 398 66
406 418 102
431 434 50
435 450 137
449 455 278
478 494 138
492 494 276
499 510 113
520 563 234
549 599 49
558 597 147
574 610 243
602 627 269
611 629 172
623 642 119
630 680 199
648 653 170
671 701 36
684 731 137
688 737 158
695 711 85
716 735 256
732 746 36
734 753 31
764 777 113
790 798 68
816 862 91
824 856 291
850 860 189
879 918 169
898 909 211
907 926 161
915 961 239
932 980 216
935 963 125
957 959 199
