60
0 35 138
19 36 68
23 58 84
24 59 150
54 64 197
56 91 10
66 103 258
82 102 102
86 92 262
102 110 170
124 142 164
131 171 273
145 195 50
157 206 138
158 163 214
175 197 238
201 226 294
205 251 297
225 257 4
245 291 87
261 286 295
263 268 274
278 282 50
304 315 1
317 355 75
327 334 5
328 360 191
352 371 21
365 407 245
374 390 184
393 442 265
406 445 131
411 424 179
433 483 208
448 451 252
448 481 250
455 463 37
481 511 80
492 502 206
495 511 221
508 550 67
534 583 205
542 553 212
552 592 286
572 605 45
590 597 280
615 617 222
624 636 79
640 651 71
652 682 279
662 667 120
675 717 33
705 740 290
729 774 23
749 757 39
755 788 7
776 815 225
802 842 25
832 835 229
847 867 39
