60
27 56 255
57 102 293
69 102 80
92 141 259
112 129 71
116 121 61
136 162 121
143 150 172
167 168 57
182 230 22
210 252 147
238 277 63
247 266 143
264 296 229
283 318 108
311 334 299
317 324 280
321 358 46
330 358 126
340 360 163
367 405 74
370 412 300
392 430 169
396 401 94
421 437 129
447 496 123
450 495 138
450 487 35
455 498 173
474 499 154
501 526 244
514 516 20
528 572 227
549 555 154
572 576 101
596 597 279
614 648 243
628 668 42
641 653 131
643 693 129
653 680 80
679 680 221
701 709 169
701 728 273
718 742 205
748 792 252
771 814 241
781 822 113
787 829 286
802 840 246
816 841 7
830 857 201
844 884 190
860 902 108
879 923 249
889 893 77
910 942 129
928 953 154
950 963 245
974 975 54
