60
28 57 192
31 62 204
43 69 211
72 92 256
72 92 52
88 122 275
95 97 140
112 145 291
125 163 1
142 150 214
142 188 28
156 201 208
160 166 50
168 192 255
172 190 198
183 208 14
194 213 235
203 223 273
220 239 139
241 279 246
248 292 142
272 291 251
285 299 230
302 323 267
312 321 8
341 352 235
348 389 49
373 412 104
396 413 16
419 424 189
425 427 28
451 481 134
479 525 11
479 510 133
487 503 197
497 519 66
520 546 168
520 563 133
536 575 66
561 568 118
589 593 48
598 631 202
618 646 214
624 640 216
634 654 271
638 677 91
665 714 19
692 723 162
692 702 137
697 732 263
700 738 198
708 748 11
730 777 5
742 749 85
756 772 67
763 781 91
765 806 129
786 787 98
807 808 277
823 869 143
