60
30 76 294
55 59 181
63 79 267
85 113 213
97 116 232
109 128 110
111 121 107
141 158 63
165 202 151
167 177 238
184 202 19
191 241 57
202 230 50
210 252 43
230 279 281
232 236 150
260 308 295
279 306 262
281 329 25
309 353 228
326 371 272
336 350 26
357 383 45
365 388 152
365 415 261
388 397 130
417 424 210
422 460 206
445 449 57
451 494 285
461 471 279
475 515 5
489 539 209
509 514 65
514 559 208
535 570 298
562 607 181
585 635 294
587 610 209
607 629 209
614 626 16
640 668 137
649 679 147
675 706 122
694 723 110
694 720 203
703 725 96
728 752 152
753 784 269
765 776 158
785 796 203
792 819 208
819 832 2
820 863 268
831 868 155
836 871 85
863 909 80
877 917 192
877 911 263
878 915 205
