60
5 25 76
30 42 93
47 70 273
76 125 103
76 108 234
103 124 118
116 128 26
135 172 170
164 187 278
189 195 264
214 247 243
214 252 206
216 252 99
223 257 261
231 240 161
241 267 36
256 290 132
266 296 206
292 298 196
299 335 156
302 309 35
328 367 262
336 339 13
354 403 134
368 400 46
380 426 116
405 423 5
424 470 162
448 461 122
477 507 107
487 492 34
508 519 123
519 557 118
532 553 198
545 553 66
568 569 53
574 613 207
595 604 276
612 613 191
615 634 212
631 664 241
633 640 41
645 659 158
654 664 282
663 697 49
663 709 144
665 710 274
690 709 44
696 716 223
708 737 71
714 738 59
735 762 292
753 798 22
782 803 20
808 811 12
830 876 167
859 885 297
885 896 145
909 911 281
933 950 72
