60
26 59 29
26 70 255
28 30 254
32 50 35
40 88 138
47 77 221
54 97 29
81 89 264
105 134 37
112 160 188
135 171 122
146 157 268
146 183 197
156 157 80
176 223 107
203 223 16
213 226 165
217 266 132
231 268 199
250 261 167
261 309 31
274 312 245
293 323 146
320 363 113
333 344 236
342 376 286
349 379 93
365 390 67
374 404 219
381 417 28
398 430 219
422 455 48
429 450 130
456 505 215
471 507 273
478 488 90
479 498 197
496 499 224
507 540 188
522 538 190
525 554 56
529 579 41
552 586 162
560 603 78
589 604 34
608 624 213
609 633 46
612 624 50
612 627 9
626 658 104
652 687 77
671 680 211
681 700 153
692 707 183
711 730 113
726 754 22
736 744 18
763 778 283
773 789 209
790 791 212
