60
4 50 233
18 53 212
44 78 56
58 73 63
81 105 123
92 136 214
95 129 218
121 142 102
140 153 284
140 154 20
162 175 160
170 172 249
179 191 30
202 241 89
228 246 228
258 263 8
272 276 136
280 290 208
284 296 202
297 345 241
313 341 268
321 356 141
346 351 259
358 372 266
379 381 107
383 390 75
404 412 71
421 426 12
444 459 72
456 479 133
474 479 22
478 479 28
479 503 288
506 519 126
515 538 7
539 540 101
566 603 206
578 589 190
587 615 142
605 621 28
622 625 66
643 659 234
670 690 277
680 692 289
695 713 224
709 754 60
720 725 275
745 758 30
755 765 124
785 812 35
813 825 291
835 879 49
851 890 15
881 930 24
888 938 12
898 947 240
915 927 184
919 936 24
940 964 55
959 970 163
