60
27 49 25
44 64 176
57 87 46
66 69 136
73 87 62
73 79 5
78 116 239
97 142 292
114 161 95
135 185 288
139 156 116
144 187 56
157 197 156
165 169 193
183 208 32
207 209 47
214 257 64
215 229 94
219 239 177
219 230 144
229 279 218
249 299 101
259 267 120
281 306 69
302 323 229
325 362 197
343 381 186
371 417 135
389 424 159
406 419 131
435 445 189
447 492 22
476 511 126
485 505 22
515 534 218
530 568 178
552 568 142
555 595 288
566 570 197
582 598 268
610 658 181
630 669 199
632 640 199
654 689 153
661 693 163
685 691 213
694 715 270
718 759 152
722 723 23
736 751 233
737 761 13
748 770 295
765 778 111
785 810 72
792 824 203
803 836 222
817 865 157
841 857 192
870 900 146
897 912 181
