60
22 56 85
49 68 264
75 85 152
100 120 50
108 112 106
125 137 23
127 132 299
142 147 3
163 205 281
180 188 132
202 233 120
220 256 59
238 258 49
261 264 254
290 292 211
312 316 15
317 325 28
320 330 98
343 346 297
365 414 26
371 387 278
391 401 116
395 404 275
405 438 266
418 461 197
433 434 30
448 477 93
467 514 18
486 511 76
512 561 8
542 569 36
556 558 26
583 588 157
606 621 145
609 644 74
623 636 13
650 675 268
668 680 193
677 693 104
696 713 53
699 734 67
703 708 297
715 722 217
725 760 36
728 763 298
755 760 182
775 791 17
801 827 48
819 833 113
826 844 212
849 895 294
858 865 111
858 900 240
870 890 49
895 907 26
925 953 222
944 945 26
962 971 200
988 1021 5
993 1027 36
