60
23 38 282
35 52 275
64 108 207
75 93 58
85 120 69
93 112 4
122 172 296
130 145 209
136 175 276
146 194 132
160 186 85
178 182 90
205 216 115
208 247 295
228 241 252
230 262 63
232 272 101
261 264 278
277 327 286
290 337 294
305 340 4
324 367 72
349 374 47
369 409 279
373 399 37
395 412 130
403 437 156
425 460 62
427 431 84
431 478 186
439 455 54
458 501 242
472 521 113
501 512 78
529 559 199
533 552 151
561 564 260
572 602 20
585 630 196
598 611 122
625 626 39
638 648 97
644 678 167
657 678 280
685 688 97
687 734 9
698 747 58
725 735 224
725 761 70
735 757 135
752 778 189
782 816 158
783 798 56
804 854 4
822 838 74
831 869 41
840 888 170
869 872 34
888 934 52
912 923 21
