60
4 23 163
24 40 113
43 56 197
46 86 232
51 60 58
77 94 155
106 141 187
110 157 265
118 129 231
127 163 234
130 169 70
158 200 119
173 193 258
201 202 246
213 241 37
226 230 86
228 265 2
232 246 273
234 264 196
261 286 200
282 297 34
287 293 245
299 339 283
301 341 272
304 341 8
334 369 14
355 380 291
365 402 231
370 382 216
376 384 217
386 413 191
402 410 255
413 414 279
415 430 285
433 471 272
438 476 4
440 458 104
442 484 226
463 488 112
483 522 150
506 550 121
509 514 108
523 567 19
535 572 174
559 564 206
572 581 226
573 581 176
593 633 286
603 626 229
618 641 59
633 636 114
656 683 166
669 703 33
695 723 205
723 767 25
725 756 79
740 756 3
740 757 189
750 791 223
766 793 14
