60
25 63 10
27 29 252
45 90 236
67 74 164
85 105 250
104 151 165
122 131 186
125 166 32
137 145 109
154 171 15
172 182 291
201 239 4
229 249 154
232 273 174
258 281 86
276 300 26
305 323 147
327 334 259
329 344 34
330 341 185
351 374 74
380 386 156
402 426 70
404 443 277
422 443 252
451 482 131
475 508 142
496 536 119
509 534 77
520 522 47
530 539 263
548 595 8
568 591 276
586 635 190
588 604 20
616 646 139
646 670 255
646 683 143
658 690 33
685 725 242
694 729 194
724 751 239
727 739 84
735 780 119
741 744 233
761 775 22
766 816 8
768 801 184
786 797 189
811 812 267
817 831 121
824 864 212
844 849 40
874 894 278
899 932 89
923 965 230
937 980 298
953 966 241
955 963 224
973 1005 280
