60
16 28 41
43 85 218
50 71 24
51 90 53
57 78 88
79 89 29
96 99 232
102 146 114
115 133 35
145 175 107
159 178 144
170 195 120
193 211 209
210 231 277
235 266 107
245 285 289
256 283 122
282 296 145
296 306 215
312 341 221
340 376 38
349 363 145
354 367 299
383 403 98
410 428 280
429 476 68
454 482 146
469 516 262
472 494 19
494 505 220
507 541 10
509 525 20
536 568 32
550 577 175
577 618 97
590 639 148
601 618 76
625 655 171
654 698 283
681 691 63
682 717 300
707 749 17
709 735 158
738 777 151
739 749 15
760 784 267
790 808 50
797 835 281
806 807 115
831 879 18
855 886 274
877 892 151
900 916 141
913 950 210
942 946 21
959 960 205
969 1013 106
987 991 40
1010 1025 184
1032 1044 7
