60
11 15 33
27 51 142
39 50 69
41 50 269
51 98 132
66 96 154
73 87 200
97 125 114
102 137 65
115 117 28
139 152 80
140 188 163
140 145 177
149 159 149
159 207 259
177 215 51
195 213 45
221 262 81
245 274 51
247 291 206
261 266 71
275 291 140
284 319 277
314 348 87
333 344 13
339 343 33
347 388 293
351 358 75
373 381 6
385 400 58
410 425 260
434 474 253
438 449 132
447 471 289
466 497 60
487 511 110
504 514 213
505 553 206
515 562 10
539 584 25
562 586 211
573 574 72
578 605 274
597 609 194
609 652 166
633 667 187
660 684 205
676 688 161
698 720 117
705 727 8
729 771 123
746 758 262
746 792 190
773 807 103
800 844 184
819 830 221
846 857 111
858 887 252
882 898 84
888 898 2
