60
14 17 7
16 65 79
18 19 174
36 77 51
61 95 210
61 83 237
69 89 56
78 100 275
106 110 266
111 142 130
123 166 148
134 163 107
159 191 175
167 191 150
190 200 119
195 232 72
204 236 230
226 262 244
241 265 166
247 248 193
258 295 62
283 289 246
300 326 207
325 374 159
337 376 58
349 384 216
376 397 30
388 398 120
411 457 135
434 482 158
441 447 277
455 460 253
455 497 93
476 497 5
481 503 230
509 540 90
514 526 259
541 569 238
551 556 101
579 601 129
599 630 222
601 623 59
624 654 58
635 652 89
658 703 206
670 711 14
685 716 40
710 733 166
717 758 18
719 737 88
743 771 26
746 787 192
749 798 166
779 788 68
806 843 181
827 877 1
856 880 282
857 897 116
881 900 251
893 929 285
