60
17 54 73
20 28 6
42 59 239
64 101 134
66 101 266
84 133 273
105 140 148
113 133 104
143 187 221
167 181 27
197 244 41
217 227 157
231 274 251
243 288 42
259 309 263
279 287 126
309 337 100
316 361 36
333 374 239
336 378 186
343 374 36
372 385 96
375 377 189
384 403 107
384 412 178
401 412 186
424 437 175
435 439 273
439 440 77
451 478 162
462 504 27
465 472 15
465 507 108
470 514 29
493 538 76
515 565 24
517 538 148
541 544 220
545 582 220
573 596 17
599 638 281
627 634 1
628 662 217
655 688 245
656 657 232
669 715 172
692 711 102
707 734 129
721 727 66
736 757 52
748 750 293
757 782 238
781 812 195
802 833 279
812 857 217
835 880 173
852 864 10
871 896 168
881 915 211
906 942 31
