60
17 46 230
38 63 100
68 82 50
75 102 63
89 132 291
110 145 45
133 166 231
158 170 92
168 187 195
195 213 169
207 233 111
207 209 241
213 224 24
240 244 70
269 314 252
271 317 168
274 298 231
292 312 121
293 323 115
311 341 56
325 341 287
345 351 44
353 398 252
354 401 271
371 406 102
395 417 277
413 450 228
442 485 276
468 486 291
477 499 110
477 500 211
482 503 198
491 523 95
495 538 84
500 526 111
518 529 72
525 528 1
551 570 207
579 596 34
608 649 71
612 647 222
625 662 273
654 678 5
672 686 36
677 724 179
689 738 90
714 749 28
722 760 218
746 784 238
751 756 136
767 794 186
773 794 290
798 808 67
813 838 176
819 861 59
826 828 42
834 882 100
848 881 124
854 857 188
870 915 232
