60
9 45 140
29 32 117
38 77 243
45 64 259
50 62 131
64 107 188
94 126 117
112 134 131
126 154 41
130 147 74
149 164 167
149 164 78
174 193 199
188 208 182
207 232 227
213 229 253
220 229 75
231 240 274
251 296 212
266 308 298
278 320 132
291 341 47
308 313 23
309 342 188
337 350 280
345 349 260
367 409 233
393 433 69
400 418 180
428 477 155
430 431 236
451 465 124
481 484 3
503 528 235
520 528 156
545 585 272
575 607 206
601 608 29
629 665 138
658 680 221
680 705 57
686 690 107
692 695 110
722 765 175
751 789 230
766 782 77
796 798 212
802 836 38
805 808 25
813 829 44
837 873 15
864 893 23
888 928 271
891 901 130
894 924 152
903 906 237
930 958 39
934 980 294
936 951 121
938 973 191
