60
0 45 259
13 54 206
30 79 95
51 63 183
60 81 226
81 112 130
102 105 33
124 142 148
154 188 96
172 197 95
172 195 290
176 194 270
199 220 202
209 255 233
236 270 32
256 258 240
279 328 292
298 329 144
300 329 153
327 364 213
342 379 89
344 370 69
370 411 83
372 381 33
398 407 298
399 444 67
411 443 179
440 459 68
465 503 97
468 505 249
470 480 26
476 484 230
499 501 118
527 568 191
539 566 181
548 557 129
575 597 162
578 599 103
585 606 142
607 620 172
621 622 89
640 678 166
661 670 148
679 717 275
702 729 24
729 755 203
733 771 117
748 754 23
759 784 207
759 773 103
772 798 199
795 822 80
801 832 65
831 835 72
839 885 251
851 873 184
867 881 175
883 889 260
893 917 169
897 911 58
