60
8 50 104
34 61 197
58 85 55
76 119 279
88 97 208
100 139 265
104 116 33
108 131 289
126 164 102
155 201 124
171 181 221
177 199 178
184 213 176
213 240 17
217 266 7
225 238 264
231 237 255
231 237 40
241 270 214
256 267 273
263 312 68
280 295 131
304 336 116
327 350 281
357 368 225
379 425 143
404 413 24
410 451 207
421 425 241
421 424 107
448 452 89
448 462 36
448 456 147
468 493 282
485 492 255
508 557 208
514 548 238
521 526 234
533 557 300
548 569 173
577 621 110
598 627 91
600 638 288
603 605 164
612 622 186
615 624 156
616 637 235
636 651 118
651 698 138
657 701 58
666 688 172
682 712 239
703 724 157
729 756 294
753 778 140
783 805 269
799 824 288
814 854 63
842 865 80
868 879 162
