60
7 46 133
13 54 15
23 48 200
27 40 58
48 93 83
65 99 223
80 112 111
96 121 244
96 97 202
112 129 101
122 158 187
131 165 158
143 186 169
173 177 194
180 226 176
196 206 63
226 271 20
239 258 108
269 291 79
286 329 147
292 333 182
320 355 222
343 353 233
362 399 132
392 403 109
419 426 80
447 473 7
451 459 85
461 466 219
484 509 183
507 557 249
531 563 58
553 591 227
570 596 10
580 589 53
604 632 168
628 642 251
651 658 240
659 691 293
687 705 93
687 710 162
689 697 24
718 722 2
744 774 92
769 801 280
781 815 286
783 799 139
785 786 200
814 820 123
829 873 226
840 878 47
858 894 13
872 908 31
892 895 150
916 925 244
937 983 88
950 958 22
957 991 21
961 1011 81
976 1019 75
