60
6 55 106
30 71 108
41 85 120
61 67 6
69 76 139
83 98 72
99 135 300
126 168 181
141 146 68
144 176 288
147 182 83
175 177 203
192 195 217
213 223 172
215 238 279
244 285 262
244 293 66
271 292 152
277 291 23
290 295 59
314 324 54
337 366 106
352 390 3
353 369 258
361 391 241
388 411 177
408 443 189
418 435 276
431 468 195
442 468 2
458 470 27
465 495 204
475 499 152
477 502 278
480 501 296
509 549 15
513 562 32
517 532 131
539 551 63
561 571 73
572 611 29
601 611 236
624 633 108
631 635 155
658 689 155
666 677 20
678 689 87
683 724 6
689 711 157
698 717 163
698 700 142
705 723 5
734 774 231
754 776 231
776 816 37
791 822 299
810 837 74
830 856 174
852 885 239
854 893 186
