60
0 1 200
21 34 161
31 81 107
56 103 147
86 134 211
93 129 284
115 124 81
116 129 86
123 169 85
150 167 253
178 215 192
190 205 187
193 216 21
217 255 189
236 263 28
256 300 242
280 322 175
284 313 32
296 324 113
308 352 39
319 321 6
327 367 140
346 370 74
349 360 73
372 378 169
402 451 226
423 462 176
429 430 73
456 474 291
468 518 188
497 514 214
517 556 255
534 569 160
537 573 282
544 568 96
570 609 267
577 604 170
586 625 217
607 630 258
607 641 22
620 667 7
637 676 154
643 661 104
652 702 160
653 688 153
660 709 165
675 698 269
680 700 177
700 728 178
717 747 146
723 759 184
725 760 137
739 754 36
740 787 189
762 796 84
790 791 267
809 847 36
818 831 125
845 859 262
852 868 201
