60
2 18 204
20 22 22
23 27 286
52 70 39
74 124 278
86 122 109
99 120 176
113 132 290
136 163 289
165 191 181
179 208 192
193 243 97
203 247 225
228 262 115
257 297 211
283 305 242
308 311 142
319 363 296
345 353 101
352 359 60
378 401 116
388 412 177
410 442 145
418 440 162
418 466 158
418 461 143
420 426 177
434 465 109
452 499 296
480 525 81
485 532 96
511 557 132
526 531 55
527 549 172
544 576 25
547 549 186
571 618 243
598 634 219
608 622 125
635 676 234
664 713 197
694 716 231
714 726 130
734 772 154
752 791 81
759 808 209
771 804 287
774 811 122
799 831 245
810 824 244
826 843 185
839 888 100
857 892 20
871 877 183
901 947 137
929 977 46
929 934 48
941 970 300
962 975 30
992 1018 286
