60
19 32 181
35 58 299
53 60 59
61 77 74
84 85 39
88 123 276
118 144 210
129 163 203
155 158 176
179 220 280
203 235 55
224 235 160
228 243 199
247 251 161
255 305 35
256 281 10
286 330 247
316 341 259
323 327 43
324 349 93
348 390 21
357 376 135
386 431 103
406 417 184
423 424 28
431 471 22
442 462 151
468 497 61
494 539 296
501 503 91
523 551 93
529 548 216
558 565 30
562 573 184
567 605 30
588 628 227
609 645 141
629 637 46
630 676 144
645 682 243
658 660 90
661 670 114
675 700 177
702 705 125
724 739 283
735 764 180
755 766 52
775 784 213
787 806 7
814 823 3
815 860 184
840 864 113
866 910 198
877 890 140
904 929 127
923 929 278
953 1001 95
966 985 50
994 995 121
1010 1057 180
