60
26 49 79
47 61 104
51 85 92
75 80 150
89 106 159
113 153 10
117 132 215
141 169 119
147 184 135
166 194 17
173 200 57
203 205 116
227 269 25
250 276 200
260 310 124
269 306 153
276 303 33
284 308 111
289 309 115
319 346 13
335 344 27
360 381 35
388 405 33
405 410 53
409 445 3
420 422 104
437 465 122
440 482 201
455 499 236
459 477 166
464 498 96
479 508 10
491 511 56
511 529 105
541 573 261
571 597 79
595 619 87
625 661 266
648 654 35
670 705 298
683 717 46
683 716 73
708 739 288
716 748 122
737 772 291
752 782 173
781 791 78
790 818 132
801 808 219
827 830 273
839 886 176
854 868 5
854 878 83
863 891 237
868 880 237
875 916 92
875 909 132
885 893 178
886 933 109
909 939 164
