60
17 61 218
20 55 95
21 40 226
30 72 135
57 61 288
70 90 169
86 120 231
91 98 92
111 161 156
136 155 63
155 197 147
184 207 95
194 218 288
198 246 257
228 244 265
234 274 249
238 244 125
252 297 33
277 292 132
280 316 245
305 342 260
320 350 210
349 366 179
367 378 15
386 436 68
395 427 268
395 433 251
412 424 291
439 450 259
455 477 229
469 470 47
490 505 299
497 523 207
500 549 297
513 562 80
513 541 177
514 561 164
525 571 186
538 543 73
567 568 245
588 591 200
613 625 210
620 648 47
624 662 32
640 690 51
650 654 139
657 670 75
662 681 115
687 712 13
705 716 252
717 727 257
737 755 210
762 804 135
789 797 26
806 838 248
830 851 38
840 856 123
862 880 67
889 914 108
889 911 237
