60
11 12 2
25 68 111
36 77 56
42 81 259
67 102 208
80 129 99
93 138 16
111 116 298
141 170 281
160 202 199
168 181 283
176 200 100
195 242 268
223 244 229
251 291 79
269 297 262
298 315 256
328 347 184
329 350 100
344 384 258
372 408 221
392 438 130
414 460 20
417 440 88
437 439 192
442 458 254
454 470 45
469 502 10
480 498 253
502 538 192
512 548 128
529 544 231
555 579 147
567 594 87
594 617 205
611 631 170
629 642 173
639 642 172
668 699 54
686 691 214
697 745 238
725 767 210
750 771 195
770 808 259
794 795 7
802 831 81
828 855 170
832 860 161
838 884 162
843 860 147
850 856 180
852 889 123
864 907 170
884 916 169
894 915 249
894 937 53
905 911 39
905 927 56
919 932 272
942 985 73
