60
7 27 215
37 40 143
55 86 264
74 80 183
81 110 48
85 119 133
107 122 133
135 179 152
140 179 265
144 147 49
149 197 266
149 152 235
174 218 206
196 239 154
196 229 148
219 225 184
249 262 242
259 273 3
277 298 245
278 309 270
306 309 133
334 364 79
347 384 108
366 380 12
393 432 123
400 418 293
426 430 104
426 475 12
437 448 159
450 499 14
469 486 170
497 543 29
522 523 136
536 554 35
560 596 64
587 625 74
602 619 139
629 664 10
658 671 88
686 715 125
692 698 157
705 706 95
731 778 141
750 799 206
777 825 5
795 805 157
804 848 72
823 834 22
850 881 33
868 888 30
887 890 137
899 921 298
915 955 216
938 970 256
939 953 92
961 1004 238
976 1018 117
990 1033 163
1012 1054 55
1026 1062 155
