60
13 46 286
37 51 7
56 61 186
77 106 228
98 115 273
114 135 217
127 141 279
137 180 260
147 173 199
152 174 18
169 219 102
194 235 72
202 212 122
228 250 59
235 251 195
249 285 84
252 254 75
279 314 92
296 313 26
297 338 223
309 335 256
329 375 188
339 381 283
354 368 65
354 397 290
358 406 299
383 388 208
401 445 108
426 437 124
437 438 164
437 452 80
439 488 197
450 457 220
452 466 138
472 502 193
483 525 10
512 542 76
519 545 147
542 590 36
563 594 203
571 583 291
574 579 189
575 577 243
579 615 252
586 636 38
601 617 156
622 657 137
645 651 130
662 711 50
662 700 172
690 730 300
704 719 200
708 748 49
723 754 11
734 773 54
752 793 110
758 804 278
768 779 1
778 820 88
784 821 130
