60
7 32 1
33 59 155
45 64 11
71 111 244
71 78 54
86 114 34
93 137 217
104 107 159
104 120 134
106 128 79
108 147 203
111 160 24
140 164 210
155 178 92
155 157 282
167 187 55
191 192 165
200 245 137
219 246 22
221 247 32
222 246 237
230 244 225
257 300 61
275 312 288
276 299 246
299 311 124
299 307 235
320 334 119
346 353 122
346 373 39
373 412 292
401 427 193
403 409 90
417 446 123
431 453 145
441 470 221
453 457 137
460 510 279
489 521 26
515 555 169
540 576 283
546 569 37
552 585 166
575 616 235
584 598 284
606 648 114
621 661 226
621 651 123
622 631 240
635 669 300
650 670 233
659 673 157
677 693 6
677 707 97
679 690 40
701 715 196
731 763 233
732 781 117
746 783 161
756 793 112
