60
15 29 147
19 29 240
47 64 228
77 115 282
82 132 126
98 108 105
102 142 98
104 133 6
117 118 41
136 141 80
160 204 76
181 192 44
190 222 124
200 225 95
200 248 255
223 233 283
224 225 186
245 280 262
253 293 132
277 322 57
292 317 114
318 366 60
319 357 273
329 351 276
335 357 248
343 363 139
346 358 289
350 389 149
355 405 116
374 396 40
387 398 161
401 436 123
418 432 279
440 487 43
463 468 163
466 473 295
484 528 117
499 513 62
508 547 109
509 541 81
517 523 123
537 552 14
564 575 249
585 591 190
600 615 31
611 618 299
613 653 183
635 672 219
635 646 168
657 707 144
658 689 59
672 682 242
679 714 81
694 703 35
698 738 271
705 714 239
719 753 59
745 791 181
773 819 167
784 822 196
