60
17 24 121
40 57 147
43 52 282
55 92 266
82 125 10
82 120 136
97 116 152
118 129 15
133 145 203
145 148 68
153 186 8
161 168 120
190 224 93
193 229 35
223 253 281
238 258 131
268 280 165
268 313 285
278 298 258
294 314 166
324 366 58
354 366 13
367 378 134
372 418 207
391 403 147
393 425 34
422 465 123
450 460 197
465 474 146
474 477 80
496 512 182
507 556 138
524 571 176
525 560 248
529 530 273
554 557 275
562 573 284
586 616 80
602 640 297
602 651 105
630 649 39
645 646 295
660 693 261
673 706 222
686 718 247
702 718 194
705 746 73
727 757 198
728 734 182
731 772 296
746 788 93
751 769 73
762 766 15
786 828 39
813 836 172
840 881 26
850 900 45
875 882 47
880 899 109
902 931 238
