60
22 40 242
32 76 152
32 67 96
60 105 52
82 124 141
100 107 283
129 179 295
130 173 233
141 165 78
164 179 55
173 189 110
188 208 6
213 233 274
242 280 202
249 273 197
264 281 62
287 288 209
298 302 259
311 359 236
322 372 189
346 393 53
358 380 288
360 367 82
360 405 123
362 369 155
390 430 71
418 434 161
438 452 27
453 459 88
475 507 8
483 504 273
502 548 122
522 552 50
548 563 298
568 596 242
576 598 101
601 605 11
622 647 198
631 672 141
638 667 23
642 691 146
650 669 15
670 676 59
693 738 55
712 724 235
721 742 92
721 733 198
730 769 252
758 762 231
772 794 291
791 825 281
800 837 239
800 825 201
815 825 115
823 828 66
847 869 177
869 876 67
885 889 249
907 908 192
926 936 220
