60
3 50 158
19 42 190
45 59 256
68 94 1
85 98 41
109 115 280
109 147 108
139 178 157
148 190 195
161 188 38
176 218 296
186 194 202
213 252 268
225 227 274
231 260 33
233 243 235
259 297 163
270 293 158
278 288 63
281 289 173
282 306 217
294 320 136
301 319 126
315 352 249
345 380 211
373 415 153
396 410 63
422 466 189
446 474 23
468 484 99
481 483 289
498 530 159
502 515 46
511 559 43
516 534 263
540 574 187
550 552 187
567 611 204
584 587 96
590 609 254
615 641 221
623 645 139
639 673 24
653 664 200
655 670 128
684 721 84
690 696 31
700 750 188
713 731 73
719 730 59
722 760 15
733 755 61
750 773 121
752 777 226
771 788 226
781 812 300
799 821 283
812 825 64
830 870 244
830 870 26
