60
4 7 95
13 38 62
13 23 286
21 70 266
45 81 229
67 95 125
76 114 16
84 119 28
85 128 19
87 95 122
93 121 39
103 141 8
104 118 40
120 162 141
121 125 68
129 169 97
155 177 19
170 190 182
170 216 248
184 220 249
201 228 274
231 249 80
254 271 204
270 320 253
282 296 166
305 313 97
315 330 181
328 353 132
352 382 55
370 393 18
393 395 114
399 417 149
413 462 180
442 478 73
442 450 119
461 489 156
465 472 103
477 487 274
482 522 161
512 532 107
520 553 16
529 542 118
534 565 100
546 557 80
554 602 197
580 614 6
581 618 109
589 633 195
610 623 28
617 630 142
639 677 164
656 664 287
674 713 86
698 714 228
705 747 122
709 751 37
725 750 218
745 768 120
758 791 234
765 777 101
