60
21 62 161
38 72 173
39 56 95
46 65 14
49 68 100
58 59 177
82 101 77
87 102 66
87 113 198
108 113 277
130 174 88
150 169 224
179 222 74
193 206 275
210 238 106
210 215 149
218 258 4
242 267 54
271 300 272
300 331 131
307 345 70
321 343 239
341 351 205
360 405 112
374 393 98
403 421 54
407 442 2
408 415 147
425 429 18
455 486 91
460 477 188
489 530 243
516 545 31
540 542 86
559 590 200
586 594 261
613 615 231
624 666 104
647 673 68
651 685 249
679 681 38
683 715 19
711 737 140
726 758 67
728 731 134
745 795 53
747 790 193
767 798 31
785 796 241
791 835 195
817 842 297
834 883 48
853 861 130
880 919 270
909 920 116
924 957 164
946 973 173
965 1006 181
981 992 117
992 1040 181
