60
21 55 123
29 44 88
57 59 230
67 73 186
96 134 7
125 144 259
131 148 76
143 182 222
157 159 232
171 189 260
199 247 98
203 223 160
212 246 66
241 264 96
245 249 102
261 308 211
264 286 125
276 281 276
282 286 177
290 319 199
292 305 299
297 318 203
300 314 122
321 326 258
348 378 28
378 397 62
395 435 192
422 440 71
428 465 157
449 494 95
479 483 192
489 522 93
502 541 103
521 531 269
537 571 146
562 563 233
592 635 153
598 620 72
604 642 152
617 627 6
621 662 19
634 643 182
654 666 267
659 677 8
660 662 150
671 696 254
676 683 241
680 723 15
688 691 16
691 734 76
714 748 16
720 752 34
722 725 201
731 772 133
755 767 33
782 787 55
791 816 94
791 797 98
802 849 171
817 860 251
