60
12 16 174
37 42 123
42 89 264
66 90 110
70 74 47
81 109 73
100 126 13
112 114 49
126 135 25
144 162 86
164 192 59
189 234 137
199 210 53
206 241 76
215 226 234
222 256 39
243 268 236
264 307 264
267 317 146
285 297 119
309 314 96
319 362 282
339 361 129
345 372 165
371 376 203
392 412 31
399 404 143
412 437 139
422 430 8
431 479 237
439 445 99
469 476 197
493 528 40
518 541 121
521 567 92
523 567 33
540 558 207
558 574 63
563 609 265
589 612 90
603 650 2
629 673 56
641 643 153
668 682 1
688 709 55
711 725 62
723 770 242
733 759 227
759 797 51
767 817 225
786 798 161
816 837 59
836 839 251
857 882 206
881 900 297
888 926 160
893 904 154
895 925 261
917 949 239
941 948 229
