60
3 32 197
22 39 40
47 60 246
52 73 162
81 103 86
96 124 214
104 126 134
129 172 282
158 187 98
178 198 20
186 205 176
215 249 222
224 226 185
253 283 253
258 283 59
258 271 263
276 318 279
295 325 186
324 363 204
336 356 260
363 411 59
384 403 75
410 429 256
433 458 108
438 474 133
443 446 244
469 472 167
482 513 2
511 518 273
519 536 102
533 578 164
534 535 115
547 558 272
549 598 86
565 609 89
572 593 129
591 631 237
593 623 93
615 648 46
626 634 183
628 663 108
635 659 45
658 659 139
675 704 98
705 738 269
720 766 201
722 728 70
730 760 291
760 782 141
777 785 297
783 815 114
797 808 43
826 866 149
840 865 168
843 863 48
868 888 208
892 925 111
910 924 114
932 945 136
962 1007 70
