60
17 55 129
39 85 13
47 79 189
50 92 86
70 115 93
88 95 225
118 138 230
120 121 71
120 162 247
134 164 23
163 210 258
176 198 149
204 225 166
231 281 170
260 268 88
262 303 295
282 324 61
300 336 91
316 332 236
335 366 102
357 400 115
379 380 289
383 388 264
411 442 178
438 478 201
455 473 140
475 487 260
488 495 133
489 525 249
502 532 43
509 534 218
531 532 218
550 592 298
570 574 79
600 647 70
616 634 95
632 634 109
650 663 254
654 698 271
679 726 146
704 714 149
728 774 52
729 758 194
736 780 116
752 790 236
778 800 170
779 787 118
785 831 228
799 847 121
811 827 241
825 844 251
841 884 188
865 870 273
877 881 134
906 930 192
917 941 19
947 994 143
966 972 286
979 983 70
979 1008 75
