60
24 48 174
37 44 246
58 95 268
61 65 167
62 95 280
64 87 159
79 81 253
103 125 203
132 162 168
157 177 89
164 174 264
184 198 281
203 249 219
208 243 68
225 232 28
229 239 229
232 277 116
233 261 279
248 291 250
267 288 101
271 297 145
288 335 116
298 328 228
327 333 283
351 357 255
363 402 224
385 414 22
399 446 16
414 420 45
430 440 135
455 490 160
475 494 245
484 528 176
501 518 120
517 520 49
546 560 53
569 587 169
575 604 194
603 616 267
622 664 122
640 687 269
652 691 206
673 713 236
695 729 64
706 717 17
709 736 196
731 756 299
734 781 115
749 795 34
765 811 266
789 798 86
818 832 224
840 889 198
856 874 70
880 926 111
884 909 59
896 941 279
914 942 199
944 991 32
963 997 78
