60
12 54 108
13 55 127
33 43 106
55 77 104
84 110 180
112 131 102
131 139 235
153 171 171
173 211 63
191 193 252
204 241 222
208 227 216
209 246 129
221 240 202
244 271 171
248 255 101
266 283 117
296 314 14
316 363 31
317 365 166
325 336 54
334 349 99
336 353 34
363 398 203
377 389 93
390 400 269
404 452 150
432 447 230
444 462 168
471 509 112
493 519 136
506 544 51
513 515 299
536 564 49
557 572 152
570 608 181
575 577 108
576 606 262
597 642 13
616 664 280
620 625 279
625 653 50
655 661 99
676 693 247
696 719 100
712 730 136
739 788 86
765 814 31
790 826 287
800 810 12
817 837 102
821 850 55
844 856 153
854 875 76
870 872 55
871 920 180
877 883 22
879 927 36
887 898 71
900 950 151
