60
11 30 227
20 42 183
45 67 249
45 76 259
74 105 24
99 143 54
110 133 16
133 164 119
138 140 201
148 182 38
148 173 143
176 202 192
184 191 122
214 252 80
231 234 121
249 267 25
260 269 66
286 324 238
291 320 89
308 352 100
314 342 281
342 368 60
367 401 79
397 398 122
411 461 158
431 435 18
447 486 178
467 512 11
472 477 107
488 502 187
492 522 92
506 516 246
520 547 291
544 574 69
567 605 76
586 602 81
597 605 95
603 609 294
630 667 213
648 656 266
667 707 176
692 706 33
700 716 144
723 757 207
753 768 271
756 757 273
784 822 171
808 839 186
820 843 222
837 852 271
861 911 261
877 904 122
905 917 74
913 959 172
927 964 182
933 965 4
959 965 157
960 992 8
988 1006 213
1016 1033 256
