60
8 9 280
10 58 299
33 80 118
41 75 113
59 68 262
76 94 243
90 138 128
108 156 83
131 174 4
158 168 153
159 168 123
159 191 50
186 188 216
203 220 219
224 253 180
224 243 280
239 256 164
262 269 245
277 286 44
277 317 195
288 308 23
291 315 241
311 352 24
335 374 47
361 383 267
389 393 115
397 401 146
399 444 72
427 459 92
441 483 62
466 475 275
468 516 64
487 533 16
509 528 133
527 543 53
557 601 11
576 618 283
584 613 119
589 609 174
593 605 131
593 620 64
595 603 271
607 613 288
624 644 220
638 681 261
661 702 232
661 663 261
689 709 122
708 743 121
721 758 165
734 774 168
764 806 45
780 788 122
792 812 276
807 844 244
837 841 67
845 871 15
859 900 35
860 888 260
872 891 85
