60
15 35 13
33 72 42
34 36 184
41 60 125
67 106 78
94 132 295
116 127 183
139 174 257
166 208 287
191 225 127
197 237 246
220 230 38
224 231 143
248 274 18
278 312 193
293 307 89
300 326 253
327 343 197
356 374 251
380 404 117
396 423 53
410 455 58
421 456 143
432 460 242
439 445 99
452 498 294
456 469 219
466 513 252
476 494 77
490 532 108
495 542 284
519 567 163
527 547 104
533 536 225
544 592 72
574 580 145
580 624 121
589 591 173
601 604 215
629 650 44
652 674 239
677 717 219
682 717 211
692 708 137
695 741 224
722 766 139
751 791 261
769 791 289
795 798 28
821 847 13
826 835 17
851 868 226
873 879 155
877 906 226
888 900 76
900 919 116
918 924 80
926 941 260
953 988 168
973 981 112
