60
13 24 173
25 70 196
36 42 3
63 88 139
91 103 22
105 106 242
106 116 172
125 153 19
139 174 297
139 187 65
164 194 277
191 211 14
206 224 20
223 273 55
245 249 252
257 293 78
285 287 215
314 359 223
314 346 70
337 367 180
357 391 146
369 381 111
392 401 105
421 461 160
443 465 146
456 506 212
464 485 42
468 497 183
490 513 254
510 536 282
532 564 73
562 575 166
567 569 245
567 602 254
583 629 235
607 653 166
622 654 79
637 676 185
667 678 184
686 692 4
695 717 184
699 720 255
699 714 278
720 733 18
745 783 69
754 784 73
769 776 116
773 821 21
786 792 176
788 790 254
800 822 142
823 848 182
826 837 245
854 892 227
880 889 203
906 911 160
911 953 175
915 929 257
936 972 131
937 953 172
