60
29 54 257
56 87 113
74 111 35
81 88 27
109 129 217
110 140 260
133 177 75
154 185 106
167 209 171
190 191 131
198 221 75
220 234 104
236 269 125
246 275 288
250 277 89
279 281 159
309 349 203
339 370 153
364 386 152
374 396 267
404 435 280
406 423 242
425 471 240
425 460 176
452 474 269
457 499 285
482 502 170
508 554 2
523 528 291
553 566 201
575 620 132
604 653 228
615 638 72
630 641 250
634 671 190
634 678 41
651 656 82
666 687 249
673 708 290
686 696 277
692 693 158
696 705 164
696 720 34
726 729 108
742 788 29
757 762 215
771 778 49
777 826 10
795 799 278
818 864 92
841 888 77
868 903 134
878 912 12
881 894 134
884 924 284
904 951 172
923 924 60
949 986 161
951 954 41
955 965 112
