60
6 49 179
24 56 97
52 66 116
68 70 60
70 117 185
73 104 241
95 112 6
104 126 95
105 128 54
114 150 193
124 170 247
136 173 99
150 191 49
179 198 263
201 225 238
202 240 294
229 247 135
258 298 170
278 311 70
308 314 93
328 376 32
342 364 119
347 351 266
368 395 199
374 419 183
390 400 189
414 439 110
437 444 13
453 475 108
458 478 91
475 519 228
479 519 166
480 500 170
506 526 128
520 566 40
550 595 199
554 566 151
561 590 108
591 601 219
610 652 11
624 644 118
643 672 218
669 675 254
669 710 39
670 681 292
694 710 292
707 744 66
719 743 183
727 765 87
742 771 15
758 800 160
768 810 265
779 823 293
786 820 243
794 798 80
803 836 295
810 844 85
834 846 296
856 895 267
861 906 140
