60
17 36 88
24 54 74
52 61 172
71 88 179
87 91 166
105 126 97
127 139 204
143 145 126
144 154 229
156 166 59
180 183 13
201 206 153
231 252 261
235 242 186
250 297 2
255 266 43
267 275 129
288 297 140
288 298 247
289 333 105
316 342 5
317 354 88
332 354 215
347 349 149
350 351 139
362 363 245
386 390 189
393 436 158
404 411 7
406 424 16
435 483 177
450 483 280
465 499 262
493 505 249
505 540 193
530 537 258
550 597 174
551 560 177
573 603 214
573 598 248
584 599 151
613 651 205
622 626 228
637 657 272
650 673 119
661 693 183
675 695 49
683 708 149
692 700 237
696 702 46
696 718 240
705 741 69
734 738 106
739 751 265
765 767 239
776 810 101
781 789 105
791 816 134
797 823 97
822 828 167
