60
20 52 48
31 68 58
48 81 221
59 104 208
84 132 149
108 128 70
137 138 201
150 160 111
159 201 36
162 203 3
172 216 265
202 217 289
231 245 89
247 288 76
275 306 229
283 314 233
285 307 8
303 310 82
328 365 163
340 390 184
347 377 16
376 417 228
395 413 15
411 412 103
416 465 133
437 480 206
454 489 224
474 508 241
474 502 117
483 496 199
483 525 166
504 517 23
504 522 221
518 545 223
542 552 77
570 578 21
578 620 238
588 633 274
591 599 22
596 640 183
601 607 195
623 657 129
644 671 152
658 684 19
664 694 26
665 692 258
687 716 112
688 734 260
718 756 79
730 755 191
748 768 235
756 789 237
756 781 55
782 797 157
802 822 262
802 817 158
820 863 30
832 846 33
862 870 49
865 895 265
