60
12 62 239
24 70 130
47 74 172
64 70 289
77 104 211
77 107 122
85 118 247
85 127 194
97 120 147
126 127 148
154 167 34
178 204 140
199 212 290
218 227 170
243 256 188
268 306 2
273 293 202
278 283 129
293 340 51
317 334 147
328 346 262
357 375 187
377 389 140
393 398 5
412 433 101
417 422 293
429 464 82
442 452 20
447 461 263
463 510 35
467 502 72
485 503 121
512 525 18
525 540 292
547 551 163
553 588 109
566 605 165
590 620 187
596 614 158
606 653 109
618 639 187
638 666 204
661 675 99
667 669 34
697 712 77
710 725 180
734 738 283
737 776 151
761 789 75
782 826 234
796 839 181
817 849 213
832 872 168
837 852 156
843 854 151
847 883 270
855 870 125
876 920 17
903 906 237
909 932 280
