60
17 40 149
30 35 96
55 90 145
60 69 148
64 74 138
66 115 47
73 108 193
83 100 73
99 146 15
116 166 72
139 167 62
140 181 230
148 195 81
166 208 101
176 191 97
187 203 232
210 236 52
214 219 172
230 235 286
237 282 18
237 238 132
264 268 297
277 314 143
306 336 281
316 332 200
339 340 53
339 346 108
354 377 24
380 408 218
396 417 70
426 449 236
450 467 199
450 452 182
454 484 105
480 482 216
494 495 10
499 523 134
503 515 234
508 524 32
511 512 87
514 535 31
535 548 243
537 543 75
565 572 215
592 630 130
598 644 130
611 626 212
630 678 10
653 697 60
661 697 85
673 722 111
679 701 155
696 746 76
699 743 119
718 763 242
739 774 136
752 768 300
780 781 2
788 804 14
807 857 129
