60
1 40 101
23 70 236
34 47 42
49 74 239
60 65 37
84 105 279
100 124 183
129 132 195
158 171 111
164 188 48
191 241 119
208 240 291
229 256 8
247 282 47
269 279 102
273 304 146
274 309 137
280 310 205
298 325 8
323 346 241
351 367 4
374 393 160
395 434 41
423 426 294
444 484 113
453 472 167
454 459 273
460 502 201
473 493 150
497 519 273
512 561 69
534 564 25
546 571 103
563 606 24
593 594 288
596 646 193
618 620 33
646 690 69
657 693 52
674 695 70
697 725 289
698 719 66
715 722 50
716 721 89
745 777 206
758 768 45
771 798 104
784 813 120
794 802 106
800 847 235
816 828 198
831 874 154
861 879 126
870 895 31
876 910 60
905 937 163
914 937 146
931 959 45
961 998 91
988 1016 94
