60
5 36 243
13 24 30
32 76 60
49 70 197
75 116 31
102 134 284
128 168 182
151 174 257
165 186 131
175 205 259
195 217 236
215 227 157
215 227 195
236 258 60
256 259 10
281 285 275
283 311 217
286 299 263
307 326 275
328 359 152
330 337 70
340 364 109
362 412 132
370 373 253
385 393 248
399 413 230
409 443 133
411 418 281
435 462 56
461 483 155
487 537 225
506 553 83
509 534 226
511 561 95
529 541 61
555 582 92
582 584 40
600 612 255
614 625 130
632 650 85
660 710 217
680 687 146
689 729 155
713 716 269
723 770 259
731 750 295
741 749 210
758 789 209
788 823 253
809 818 156
838 886 116
844 857 193
860 883 62
881 891 86
907 944 133
926 936 172
955 976 282
980 1009 123
983 993 288
1012 1045 299
