60
3 19 271
12 53 109
12 53 130
14 30 10
30 31 37
60 109 288
90 123 252
110 146 145
110 113 41
114 133 268
123 153 283
126 157 40
147 184 277
162 209 24
178 188 94
202 209 126
209 252 219
226 276 267
236 269 48
236 256 39
265 266 65
295 334 31
310 313 243
318 330 154
323 341 226
336 371 225
337 380 126
357 369 181
363 379 182
379 389 194
396 398 27
421 468 12
435 478 116
442 486 246
452 463 149
455 490 190
455 502 87
481 522 115
511 520 94
522 546 126
548 576 66
553 559 130
558 578 213
560 586 130
569 580 135
570 620 65
583 600 206
605 624 27
622 643 129
643 666 219
670 676 252
694 735 255
714 734 196
744 785 252
751 782 276
777 801 274
800 815 192
827 860 85
841 872 243
854 896 294
