60
14 59 257
26 40 34
54 59 189
72 87 93
102 120 220
125 132 37
141 154 222
147 181 79
168 193 291
195 200 166
216 247 83
246 296 75
262 307 213
265 280 23
295 322 164
309 315 174
322 351 94
352 358 197
364 394 92
385 390 227
409 444 285
427 472 242
436 480 112
439 440 184
442 485 276
442 486 159
454 463 41
459 489 227
477 484 185
480 507 283
499 516 124
522 562 205
531 576 114
559 578 38
560 595 155
574 575 24
594 595 207
612 659 237
614 620 282
644 674 295
673 707 107
675 676 219
694 730 143
694 708 219
715 758 291
723 769 256
725 765 272
741 758 81
760 785 179
785 787 200
807 819 48
832 882 30
843 883 184
851 883 257
858 899 115
862 892 49
879 917 284
880 885 129
881 913 202
882 906 240
