60
2 5 87
3 32 34
33 67 21
34 80 180
50 84 218
51 64 161
56 63 258
77 82 100
85 114 162
104 151 171
134 137 152
154 201 63
154 173 164
182 218 20
195 212 158
201 213 184
208 231 35
232 246 185
238 278 22
253 259 7
272 299 150
293 319 142
310 333 42
337 375 7
345 391 277
347 361 72
363 409 61
377 405 121
380 415 68
401 411 13
426 452 136
438 455 127
444 466 4
455 494 173
460 478 51
490 499 79
518 528 276
532 548 13
538 570 246
544 579 123
572 579 146
583 626 275
596 610 93
625 644 127
644 678 21
667 670 241
687 715 206
713 738 295
722 753 273
743 746 148
746 782 245
767 775 78
769 801 175
769 787 268
794 807 170
821 858 6
850 875 244
861 862 118
882 907 271
894 900 10
