60
23 35 31
41 66 39
41 52 243
50 54 92
50 76 199
67 94 165
90 97 136
110 118 250
120 144 110
137 155 101
145 175 133
169 198 229
176 178 114
196 227 273
222 270 111
247 252 52
255 276 269
263 313 156
282 320 223
284 316 99
285 295 52
303 322 5
312 314 42
330 377 273
342 370 156
360 395 232
390 399 266
418 425 113
425 431 126
452 465 72
476 478 162
482 518 21
485 527 112
488 538 31
499 523 41
523 553 78
552 578 275
577 612 121
601 623 224
623 671 181
645 693 146
659 662 15
673 703 177
679 703 49
702 744 50
732 765 186
744 769 29
761 785 132
764 805 200
780 807 281
794 838 251
814 817 188
840 882 277
855 885 249
868 883 178
884 929 258
908 929 115
915 932 181
920 947 201
950 958 227
