60
13 26 248
16 44 184
19 31 220
30 48 33
40 84 153
65 84 197
84 111 176
85 106 185
93 143 156
122 139 233
149 198 261
167 195 168
176 193 267
201 239 190
219 235 262
225 257 188
241 256 11
251 274 97
257 282 236
267 307 61
268 280 218
297 335 4
302 316 2
308 311 2
320 325 48
328 350 41
329 353 26
333 375 215
354 396 35
376 420 288
378 417 127
389 436 281
400 415 121
422 470 189
427 447 139
437 447 22
467 486 199
491 515 135
513 535 196
533 550 204
536 581 186
566 594 211
588 617 21
600 609 264
613 655 51
637 653 39
646 652 66
663 702 108
687 699 234
717 718 282
745 755 243
760 794 53
760 807 293
789 814 19
808 856 139
834 862 66
836 864 226
857 872 130
877 910 295
877 926 212
