60
4 10 267
18 58 252
22 47 129
37 57 284
57 92 54
75 79 109
100 129 32
122 129 187
131 162 191
133 148 76
154 186 49
156 166 265
158 195 225
168 174 82
173 176 168
183 189 204
209 250 180
234 281 29
263 303 59
266 279 50
292 332 93
296 299 33
311 333 294
315 328 79
322 335 201
351 376 27
361 405 169
367 370 64
370 418 94
395 443 181
411 458 10
418 459 197
418 460 114
432 474 1
459 504 167
476 477 250
502 526 217
530 579 284
543 545 148
561 575 33
562 569 133
571 620 23
597 625 299
612 630 104
630 637 118
644 651 80
644 675 274
671 715 82
687 733 244
713 759 146
726 732 154
750 760 137
765 781 18
766 811 164
792 801 248
807 809 291
811 846 73
814 844 250
825 859 242
825 855 43
