60
16 23 128
45 78 273
66 110 148
82 105 67
104 123 18
118 164 260
122 161 25
132 176 162
137 151 216
137 155 218
149 190 27
152 165 97
180 227 250
180 185 144
199 233 69
220 225 9
239 271 126
244 250 250
256 272 249
284 297 141
307 318 238
311 353 126
313 333 219
328 354 42
344 360 8
370 389 177
379 419 80
387 420 228
400 409 45
421 430 273
431 444 31
457 487 158
487 520 237
493 532 276
522 571 200
532 535 293
548 594 109
577 624 98
579 608 297
600 625 199
624 640 183
640 658 149
651 695 150
653 697 280
656 658 273
676 697 293
695 712 50
703 746 174
718 767 93
748 764 293
778 810 163
780 821 243
790 836 137
801 815 242
819 841 160
836 882 198
856 875 175
869 883 21
869 913 249
881 921 153
