60
10 11 118
40 45 47
45 87 47
65 89 25
65 73 255
74 119 199
82 96 140
97 103 213
102 115 39
121 128 170
151 159 212
152 172 133
166 171 16
196 224 176
205 237 233
233 263 56
243 278 224
246 272 32
257 270 275
280 307 72
281 290 134
309 327 11
311 336 235
339 375 142
368 370 245
382 404 160
411 455 90
416 454 188
434 439 129
435 464 291
456 493 1
481 483 44
504 526 205
523 536 38
536 574 9
558 565 242
573 588 22
597 599 89
614 630 184
621 664 240
634 678 238
664 698 201
692 707 273
700 747 136
718 749 146
747 787 197
777 792 106
805 847 134
827 850 76
827 876 202
854 900 181
859 904 158
866 892 17
895 939 191
916 963 122
919 945 142
929 974 177
939 958 169
960 982 272
979 1003 1
