60
21 61 135
43 93 181
51 101 180
68 100 97
74 109 81
90 125 198
115 125 291
129 137 155
156 197 78
176 219 146
183 229 115
189 212 300
203 250 121
230 264 71
245 277 249
272 273 263
281 289 100
286 314 157
287 327 104
306 348 271
325 372 72
339 364 112
357 405 38
369 419 148
369 399 199
384 410 231
403 445 107
403 421 10
426 427 249
449 475 232
459 463 171
482 495 101
490 521 142
513 515 218
530 548 256
531 572 15
531 556 215
535 537 123
552 585 112
564 602 233
588 598 39
608 658 278
630 633 98
653 702 234
683 722 20
711 760 14
716 740 280
742 770 30
766 788 93
779 808 147
788 802 2
809 825 7
824 837 125
836 853 125
849 891 220
853 899 35
883 904 291
883 907 289
911 961 103
918 963 187
