60
19 43 73
21 70 260
43 85 128
52 85 19
72 92 9
86 95 96
94 122 2
94 96 96
99 124 271
128 172 174
143 190 80
169 215 156
195 232 207
208 242 270
214 229 254
226 254 232
253 288 35
255 298 41
262 271 183
277 289 58
297 344 91
310 340 21
340 390 288
351 390 47
377 395 131
404 424 224
425 440 150
441 464 231
444 471 86
455 458 62
475 478 181
502 510 216
508 558 17
525 539 202
533 564 9
554 597 154
576 578 221
601 624 43
607 611 174
614 622 38
634 673 116
650 691 180
674 678 138
701 745 67
713 740 154
722 761 129
728 753 294
729 746 172
751 786 72
764 813 290
773 792 14
800 817 66
818 840 168
843 845 282
866 897 132
893 898 127
906 910 273
927 963 126
934 940 225
958 961 251
