60
3 43 208
11 48 2
31 49 50
61 79 251
83 88 243
109 120 84
129 165 6
141 180 105
159 173 26
166 178 224
171 180 239
196 230 134
204 219 146
211 247 22
236 237 234
261 274 48
274 284 153
302 324 178
328 368 27
357 399 30
364 388 99
375 406 118
384 422 209
399 412 73
418 460 225
432 481 134
436 475 292
464 501 114
474 490 186
499 532 126
506 539 206
509 525 100
537 587 262
537 573 85
559 603 172
574 610 269
584 614 268
590 637 192
616 638 235
639 653 56
660 668 267
663 687 104
677 688 299
689 698 128
694 734 194
699 745 273
707 725 261
718 756 108
739 768 44
760 800 153
776 806 193
779 792 79
786 788 59
810 851 232
817 836 106
836 843 276
837 877 291
867 890 126
897 934 244
908 936 286
