60
29 73 285
42 54 132
66 76 32
75 117 119
82 102 277
96 139 89
101 117 138
116 165 299
137 162 206
159 180 69
167 175 162
189 195 111
200 206 25
204 247 282
210 231 145
211 219 48
226 228 93
247 264 73
265 269 171
285 330 231
289 328 30
294 342 172
323 346 279
342 375 176
348 360 97
356 399 244
364 373 30
388 434 21
400 447 223
428 429 219
435 448 279
443 471 6
446 448 157
458 486 46
474 503 207
479 487 148
481 485 194
484 501 148
514 538 267
542 578 61
553 577 124
575 607 56
582 620 157
588 629 295
598 628 284
610 620 220
618 659 172
645 659 25
647 662 99
655 697 140
684 694 205
693 721 210
720 759 273
745 755 166
775 817 53
792 817 222
802 814 6
807 838 187
814 832 67
819 854 18
