60
5 32 179
7 57 98
9 26 156
18 33 46
28 76 25
30 50 113
59 80 95
63 98 270
93 141 208
96 134 110
114 154 234
115 129 144
122 134 157
129 176 139
145 155 209
173 217 187
187 194 180
212 238 218
238 271 39
263 265 131
286 309 143
288 307 256
316 347 245
326 335 258
330 361 52
359 367 216
378 421 95
389 405 227
395 404 81
411 428 169
429 476 73
438 467 97
467 471 34
475 478 201
498 524 121
521 526 27
548 556 105
550 582 243
555 566 81
577 627 163
604 634 261
609 651 171
611 639 68
619 639 253
641 653 172
666 689 242
690 693 196
692 726 1
712 743 240
733 735 151
758 806 58
765 778 115
771 810 197
796 803 294
813 822 140
832 853 123
839 848 136
859 862 51
877 898 235
889 915 98
