60
15 45 161
19 60 58
42 59 123
67 74 57
76 108 150
85 89 225
114 141 86
144 180 51
166 206 44
184 207 71
205 237 9
222 228 263
230 233 94
251 259 295
264 294 266
278 324 285
283 307 51
298 317 15
312 320 130
335 340 114
359 383 151
375 385 102
386 387 77
399 441 202
418 420 143
439 466 203
452 465 203
477 490 100
485 489 255
492 497 82
518 525 80
540 545 166
548 553 104
558 566 246
585 634 220
588 597 116
593 643 128
615 651 62
619 637 174
641 691 166
663 668 140
681 729 16
681 703 298
686 708 38
700 735 251
717 761 116
742 747 135
748 791 219
776 778 128
801 838 149
829 845 2
829 876 152
840 889 195
860 888 115
865 909 172
876 896 77
904 919 45
910 922 96
929 967 178
933 942 261
