60
14 25 283
36 55 209
38 87 273
48 71 177
72 98 157
93 133 215
119 126 212
131 169 245
132 173 71
160 176 176
187 192 237
191 229 268
202 218 280
232 244 183
234 282 146
247 257 87
272 285 228
279 315 87
297 304 197
327 335 57
352 368 201
358 389 200
379 416 66
403 420 248
405 444 168
425 457 141
442 480 71
454 489 240
466 492 194
470 517 114
477 500 167
506 543 290
531 547 80
545 546 184
548 576 137
556 558 261
565 570 133
593 596 11
598 629 41
621 624 190
637 678 223
658 660 159
680 717 237
681 704 276
693 719 226
711 741 264
731 780 144
761 811 29
763 764 56
778 810 114
785 810 9
793 800 185
816 828 70
829 862 191
836 868 293
850 877 4
859 871 58
882 915 294
898 921 292
914 934 45
