60
15 19 77
40 82 294
57 63 8
58 70 149
61 89 258
74 108 236
103 140 122
106 154 222
122 132 263
148 194 258
175 213 168
175 215 232
177 187 243
200 233 48
217 235 147
235 281 89
257 270 103
263 277 34
269 308 44
281 292 150
297 330 276
327 373 161
339 368 2
355 389 287
384 397 182
410 438 161
421 426 58
439 474 157
465 470 68
480 486 247
487 524 270
487 522 9
487 520 20
487 494 249
488 531 72
501 511 149
509 516 185
528 564 234
542 586 202
571 610 79
572 609 96
602 641 50
631 670 127
637 647 256
647 658 209
669 680 174
698 725 130
726 735 290
754 769 180
774 793 24
790 820 237
795 797 84
805 832 22
819 848 268
820 851 241
832 847 51
832 838 6
857 870 3
869 901 79
898 948 106
