60
10 46 119
10 13 273
11 27 89
26 32 80
36 85 80
48 66 115
78 92 238
96 111 192
122 172 23
125 126 278
141 176 291
171 185 38
172 196 225
182 206 161
192 214 115
211 255 239
240 275 122
260 270 193
267 291 97
287 315 35
316 359 89
332 381 59
352 370 125
375 425 148
379 389 196
387 436 187
398 402 174
406 447 68
431 480 65
448 460 208
477 501 79
488 525 246
501 521 34
511 526 276
513 542 275
539 573 78
545 550 239
555 594 197
580 593 33
593 597 180
612 618 170
630 665 46
632 649 288
657 663 262
684 701 28
693 698 201
716 718 57
726 730 209
732 746 265
740 786 67
769 789 85
777 812 91
791 816 238
814 847 59
841 891 213
859 901 144
867 904 283
867 872 224
883 906 289
887 904 187
