60
18 39 100
18 23 62
21 67 145
50 53 172
54 60 231
69 75 158
81 86 86
93 118 130
123 136 219
140 181 51
149 155 84
174 212 147
191 207 32
196 217 236
209 211 69
237 251 210
251 270 188
258 295 185
263 280 24
280 316 7
285 315 62
311 330 142
334 344 275
334 361 127
347 375 233
354 359 249
365 393 200
365 381 192
390 417 95
409 425 225
425 456 232
454 481 12
480 489 106
484 506 134
512 515 234
522 548 253
534 569 152
547 594 193
555 564 64
573 611 118
579 621 183
594 605 76
595 627 25
596 633 73
600 638 247
603 642 147
627 647 5
653 696 49
673 690 121
694 733 244
705 712 131
716 727 277
722 752 137
739 748 299
739 744 51
765 801 223
794 814 205
810 817 29
811 849 254
839 866 132
