60
10 55 258
19 49 125
42 52 163
72 98 99
94 129 285
103 130 106
125 155 81
147 190 232
171 198 158
195 203 112
225 273 146
230 252 136
247 296 89
262 300 106
276 291 224
292 297 181
315 333 180
322 333 41
333 337 196
340 374 137
359 365 120
369 415 61
378 392 241
379 427 267
381 410 214
410 443 90
425 429 46
439 471 80
463 508 252
490 499 73
509 547 165
539 566 101
552 566 205
582 588 278
600 647 109
626 672 261
643 664 277
661 702 55
691 703 279
692 700 166
703 708 248
713 728 139
719 760 244
725 733 223
746 787 280
760 762 243
767 811 240
785 806 116
793 839 140
823 826 279
831 876 49
834 855 2
848 876 115
878 904 166
885 935 21
904 931 231
911 950 67
914 936 3
929 938 167
952 954 203
