60
4 18 218
33 60 90
63 101 279
65 104 213
66 82 66
87 101 235
104 113 242
108 135 92
117 128 15
122 142 56
150 197 55
175 185 2
187 235 168
199 235 65
225 269 148
243 258 157
261 263 156
275 281 176
294 295 6
319 324 11
335 372 106
361 380 114
373 391 182
389 410 18
418 444 126
446 470 165
457 507 34
472 495 218
485 524 35
487 523 213
499 529 264
506 518 292
536 578 114
539 543 98
543 555 63
556 566 178
559 570 186
569 615 5
583 598 48
609 657 290
609 615 216
616 631 285
642 656 259
653 677 95
662 685 86
669 697 204
685 731 247
691 692 262
721 755 28
746 761 16
756 757 87
776 809 88
799 847 278
826 857 135
849 864 296
851 869 270
871 902 30
883 885 29
885 932 54
885 914 283
