60
27 77 127
50 80 270
74 101 281
95 96 174
114 133 122
128 165 142
130 159 194
130 141 158
142 174 170
165 170 64
166 167 44
175 223 109
196 239 192
208 222 220
212 233 250
223 232 219
237 277 184
247 250 217
250 261 227
274 316 291
290 294 191
295 315 56
304 327 157
313 361 194
341 390 55
371 420 299
400 410 239
430 463 2
439 487 25
448 477 99
459 495 191
472 506 161
495 530 159
523 528 255
541 562 21
563 571 222
579 622 133
592 594 172
611 651 136
630 645 168
642 646 58
664 672 254
664 685 73
669 719 205
692 694 113
692 693 196
712 762 87
716 722 210
716 751 64
717 752 70
722 772 24
726 744 38
731 735 223
749 753 291
778 788 217
788 797 296
809 839 178
812 854 11
839 850 233
867 905 183
