60
14 47 78
39 45 200
45 53 121
45 86 270
69 103 180
85 92 243
100 108 146
103 115 82
108 111 286
125 147 11
134 161 252
134 163 239
144 160 46
171 206 7
185 216 160
192 198 205
217 257 192
236 280 186
236 257 201
247 261 150
274 321 131
304 341 145
324 359 279
345 353 57
350 356 66
378 427 140
398 419 130
421 468 12
448 494 269
471 515 196
481 482 185
482 527 74
489 495 275
506 528 224
520 566 196
538 582 197
556 603 137
570 586 157
581 593 227
589 636 74
610 611 17
626 670 283
645 661 233
645 655 101
675 706 150
693 738 245
713 760 164
727 746 277
753 787 172
769 805 108
789 804 160
802 814 185
822 823 52
835 853 219
845 854 96
874 905 28
882 915 70
903 924 70
904 954 80
910 921 215
