60
23 24 120
37 47 295
50 71 54
52 59 230
55 89 160
63 66 195
87 124 124
114 161 129
119 154 106
120 152 183
148 173 119
155 182 6
185 229 264
202 239 275
206 218 72
217 257 12
242 270 59
271 289 26
282 293 295
293 314 244
315 363 4
322 324 183
352 356 1
363 400 2
393 396 1
407 447 88
427 430 128
431 434 296
449 468 178
467 517 146
491 511 117
498 504 75
511 548 163
520 569 91
527 528 81
550 598 262
566 569 165
591 605 92
610 619 36
625 658 158
645 690 14
665 677 247
684 732 105
695 701 292
709 734 234
714 723 234
744 758 242
762 810 163
777 791 290
792 832 228
806 833 190
830 837 33
831 876 192
861 886 69
887 895 26
896 914 69
926 951 49
932 980 184
955 956 257
959 966 93
