60
22 45 246
39 67 104
58 71 238
70 78 44
73 123 145
79 124 107
98 144 225
107 154 267
130 132 30
141 166 166
169 186 28
180 199 215
209 218 77
210 224 60
228 250 101
258 271 45
259 296 136
272 315 155
290 324 113
307 335 52
314 319 125
325 352 15
336 339 203
348 390 185
362 380 135
391 410 182
409 447 5
437 480 245
449 492 107
459 509 222
486 508 7
487 515 51
498 537 155
511 525 54
537 556 10
566 605 198
595 596 284
604 631 160
633 657 43
642 671 236
642 676 161
658 661 3
672 717 177
688 698 14
700 727 141
705 734 5
709 714 157
728 770 173
733 753 297
760 785 254
778 810 52
805 833 162
829 849 262
856 904 196
869 907 174
873 874 236
880 904 36
888 929 141
898 909 105
918 933 113
