60
13 32 20
16 20 104
33 37 288
55 83 115
57 97 180
80 105 223
91 103 38
112 116 171
128 177 104
156 201 120
157 205 284
159 189 224
175 182 297
187 197 212
209 242 283
228 234 26
233 281 203
241 261 299
270 314 19
289 292 127
304 319 185
312 325 293
322 335 175
324 337 104
327 337 40
331 367 135
361 410 113
364 391 280
390 393 170
390 422 94
410 438 286
418 432 211
433 439 234
436 479 38
438 483 192
455 471 73
457 466 10
464 481 170
470 503 82
484 515 141
503 540 282
518 523 151
519 545 112
546 592 217
573 615 157
574 599 8
592 633 138
622 668 205
646 661 236
664 675 230
679 695 148
697 741 26
700 722 139
702 731 84
732 769 108
756 767 120
774 808 13
787 791 44
794 818 254
815 836 115
