60
13 21 295
17 42 91
32 50 216
50 60 34
60 99 226
70 114 267
86 123 114
104 130 236
127 166 138
145 149 76
151 174 251
171 199 263
201 231 128
225 246 55
244 281 120
246 273 72
267 304 207
297 314 273
313 332 211
333 350 69
342 376 285
362 395 184
384 424 198
410 444 83
411 424 257
426 471 11
453 499 139
461 483 262
478 488 38
484 501 5
506 527 135
530 556 33
553 558 138
579 584 86
604 644 69
624 631 253
637 654 164
644 672 24
673 683 222
677 712 254
692 729 217
715 746 127
743 793 152
766 778 124
789 835 294
805 836 207
829 877 138
846 881 71
849 865 268
859 884 58
872 888 272
901 920 176
920 948 44
927 939 214
936 962 95
960 985 41
960 971 158
968 1015 182
980 1025 282
993 1004 139
