60
13 21 66
18 46 239
48 66 208
55 86 272
78 98 299
93 121 192
109 113 113
114 142 45
131 165 110
157 172 225
176 206 165
177 213 298
193 207 275
193 225 25
213 238 254
217 226 32
227 235 174
235 269 232
249 269 211
272 314 140
276 290 160
279 323 204
296 328 92
296 301 26
314 315 246
320 338 297
346 362 8
355 373 256
379 399 145
401 403 122
402 423 232
430 475 203
459 486 129
468 488 268
473 515 113
501 513 261
505 547 199
522 570 136
551 579 18
553 555 291
576 622 239
580 616 267
582 607 17
587 627 162
596 600 162
614 630 64
635 677 207
646 665 157
647 696 146
663 667 186
678 710 41
678 696 34
690 740 300
692 719 71
720 744 146
744 752 10
763 774 233
772 785 113
787 831 33
806 842 201
