60
27 47 212
55 68 249
77 92 284
105 140 51
109 126 278
133 154 200
156 200 82
186 191 284
190 237 35
202 245 166
212 223 138
241 244 125
244 251 289
247 274 121
253 269 190
256 287 151
273 321 189
298 307 82
315 325 149
331 370 106
345 374 234
357 358 127
380 403 220
389 428 84
415 447 48
418 441 68
434 446 180
455 468 156
471 502 182
500 516 215
508 523 283
518 528 84
548 597 230
573 606 72
593 641 160
607 620 181
631 632 275
642 667 164
646 684 298
658 696 241
680 710 274
703 741 162
717 723 148
723 770 62
753 797 209
764 793 152
793 799 289
799 831 244
828 863 95
832 870 145
845 865 159
871 907 129
879 895 224
901 928 2
927 968 129
935 968 164
964 984 41
990 995 141
1013 1043 38
1013 1024 231
