60
7 20 67
10 45 199
12 19 69
41 79 235
54 68 43
82 127 227
100 133 158
106 113 265
115 158 204
140 171 76
149 186 117
168 201 218
185 232 22
213 214 34
218 221 23
228 231 8
258 262 124
286 303 161
300 343 111
323 345 43
346 366 214
351 352 14
377 393 23
389 438 181
399 412 65
400 420 239
402 431 203
427 466 280
451 498 15
464 503 235
465 487 296
477 522 244
504 512 3
520 542 288
536 555 102
549 585 8
571 590 172
586 596 260
598 639 92
614 646 237
642 651 18
648 683 96
675 701 100
702 721 193
722 753 186
739 781 215
756 788 185
760 763 45
765 791 17
789 804 150
809 851 154
811 830 257
827 844 201
849 888 294
877 878 46
880 929 106
908 931 40
929 954 233
954 973 38
962 986 210
