60
8 32 197
36 46 258
61 73 262
62 79 81
64 91 222
68 111 152
98 133 137
99 111 266
107 131 108
111 113 99
135 178 129
162 191 237
168 205 175
169 176 148
179 200 253
199 231 183
225 255 113
246 266 84
272 273 279
285 333 4
297 311 74
307 317 132
312 339 4
314 317 213
335 369 179
342 378 8
345 375 251
373 387 179
384 399 93
389 413 79
390 435 279
398 446 172
424 447 238
426 459 19
426 460 159
448 449 26
466 502 119
494 522 183
504 537 133
516 547 37
539 587 267
567 578 115
581 598 213
589 625 152
601 623 41
618 636 48
628 644 2
654 694 218
670 687 64
695 701 4
713 758 190
714 731 39
724 771 114
735 747 48
765 810 137
782 789 155
789 802 99
808 851 236
819 824 31
826 827 207
