60
21 28 106
39 76 292
44 84 165
64 85 272
94 144 185
121 158 225
146 159 253
171 210 113
200 203 218
210 258 67
228 230 44
240 272 183
248 298 34
252 301 219
282 331 124
288 300 131
293 298 20
302 338 205
327 356 240
337 383 64
338 359 80
366 403 234
385 406 123
401 436 174
418 464 169
444 463 11
468 476 173
477 482 253
493 528 75
503 535 297
527 548 9
557 578 4
567 591 229
574 617 114
597 625 127
605 655 299
607 623 289
633 660 200
639 668 148
662 705 49
680 696 134
683 708 94
697 716 153
714 763 139
733 736 78
763 773 295
786 798 171
799 806 155
821 847 166
823 870 114
841 889 212
846 882 19
871 877 278
872 880 21
888 898 60
888 935 184
900 926 4
906 924 30
934 957 82
943 974 193
