70
5 55 293
10 24 43
29 31 272
49 54 201
63 92 218
70 93 121
97 129 171
113 124 182
129 158 56
145 170 272
159 167 60
160 205 201
171 197 190
181 203 230
198 233 298
211 245 64
227 246 26
242 278 93
258 303 12
288 326 288
305 325 67
307 324 81
312 337 288
338 383 280
351 361 161
360 397 248
372 389 55
392 399 292
395 420 46
415 458 67
416 436 80
426 435 110
439 487 181
455 460 237
480 486 170
481 511 145
490 495 300
494 516 50
495 537 43
497 518 12
504 541 197
532 552 108
562 575 182
577 588 47
589 619 166
592 636 51
619 638 182
621 654 35
632 647 130
648 687 238
677 698 174
695 738 248
714 757 159
735 752 21
759 785 190
786 824 243
813 855 36
839 844 286
853 889 278
864 885 38
893 904 293
894 921 238
900 926 277
904 921 266
911 915 76
912 942 164
923 966 213
951 983 70
971 1021 181
972 1011 184
