70
7 18 114
23 36 142
36 82 96
61 86 172
69 107 32
76 88 14
93 95 123
115 134 192
127 162 198
150 187 176
160 162 45
166 169 222
179 225 259
183 188 26
183 211 276
185 205 202
209 234 206
218 260 244
235 270 183
249 297 61
272 306 213
296 346 294
325 329 148
333 346 122
354 371 230
366 387 9
384 393 11
411 447 130
416 440 103
418 433 241
420 428 82
437 441 184
456 492 122
464 472 205
464 469 59
478 505 191
480 491 172
496 544 92
519 534 133
532 571 38
541 578 140
558 574 88
566 586 223
567 599 75
585 626 44
595 636 135
615 652 254
620 624 284
637 646 162
637 682 37
653 678 46
678 685 47
704 730 79
707 709 181
728 774 111
733 774 279
758 791 249
777 817 276
779 799 190
789 798 281
803 811 155
821 830 64
846 859 94
865 870 33
876 889 45
890 896 231
894 939 249
919 941 77
933 982 252
958 960 162
