70
3 31 20
10 15 34
40 76 118
44 87 115
48 91 205
58 75 89
79 127 188
103 104 79
105 137 11
106 137 16
136 143 153
148 159 105
163 179 89
167 214 172
173 215 195
174 204 207
201 224 100
218 234 74
232 255 105
239 277 17
252 300 300
255 289 69
271 297 33
296 306 210
325 334 157
343 366 194
352 386 140
378 387 244
400 406 56
405 455 80
428 458 249
440 472 240
448 483 53
449 455 95
459 483 255
471 508 65
487 535 240
501 510 104
516 549 233
542 582 197
568 608 28
579 586 213
587 631 242
608 641 198
611 646 78
626 637 228
640 653 178
641 660 217
661 705 68
669 678 62
688 709 58
701 715 53
714 762 14
735 771 135
752 782 285
754 789 93
758 804 33
761 805 242
761 762 67
770 783 162
792 800 180
804 853 51
828 829 106
846 873 246
851 860 160
855 856 118
861 910 278
862 894 210
890 916 62
898 913 16
