70
21 62 288
31 74 67
54 59 19
82 108 244
88 96 76
109 129 102
109 146 145
120 170 88
135 177 233
152 185 251
152 167 1
162 196 113
186 227 107
192 193 134
198 208 148
225 236 229
236 281 42
236 279 181
248 258 136
256 274 106
261 298 87
284 293 227
310 320 252
338 365 31
359 397 246
380 419 192
403 432 56
412 451 105
427 453 262
448 479 143
452 485 37
476 481 223
499 511 298
512 562 22
520 557 22
545 592 106
548 564 202
575 606 101
583 599 98
611 657 116
639 682 132
662 702 300
687 693 175
696 700 291
714 734 99
734 779 8
745 754 241
745 776 10
769 813 26
792 840 227
794 812 62
806 832 69
820 856 104
835 836 141
856 888 38
857 858 187
864 874 46
880 899 162
891 933 270
898 905 156
920 951 201
943 961 64
970 977 149
978 992 41
991 1030 290
1018 1068 126
1024 1063 288
1047 1089 6
1065 1107 271
1083 1106 197
