70
30 76 204
58 74 188
85 111 230
88 129 238
115 118 83
122 153 199
150 171 265
151 184 212
173 198 291
174 204 93
202 245 118
225 261 26
253 285 24
271 292 43
280 322 171
306 329 251
335 365 51
341 357 253
352 373 45
371 402 261
379 387 152
388 415 183
409 427 175
425 437 88
429 460 255
456 483 13
456 506 139
458 493 180
484 525 163
491 504 134
514 558 288
528 567 223
534 569 109
560 591 241
571 600 12
577 587 255
585 605 32
600 609 66
612 630 56
629 631 83
654 702 202
666 669 140
666 695 70
687 690 32
703 724 166
726 741 33
739 756 300
753 801 43
779 783 161
794 807 231
822 862 109
834 863 182
854 879 240
881 927 225
881 901 67
882 910 39
886 926 90
912 954 225
939 969 234
949 996 155
973 999 278
993 1017 274
1017 1046 198
1027 1055 51
1044 1065 2
1059 1062 247
1072 1090 291
1084 1086 94
1104 1146 122
1133 1139 267
