70
0 30 287
24 43 258
48 98 125
54 83 62
84 128 53
88 116 140
116 125 119
137 182 16
161 168 136
181 191 198
204 254 196
209 237 9
235 258 115
242 274 84
251 257 123
259 276 219
265 292 194
265 284 288
287 302 191
290 293 89
293 333 24
307 308 37
328 357 57
348 364 297
351 397 189
356 389 195
369 401 212
379 380 56
404 449 190
432 475 120
433 441 123
453 457 147
467 496 249
478 512 49
503 518 271
518 558 217
533 571 281
549 553 99
557 574 22
569 603 34
569 588 126
570 612 252
576 580 50
586 601 22
602 622 239
606 652 126
609 633 33
616 646 19
627 639 278
627 643 141
648 660 39
656 680 262
685 702 141
708 719 274
709 724 117
729 750 295
735 779 172
747 773 210
760 795 52
770 790 21
780 818 222
792 831 127
799 810 171
801 808 121
801 848 137
829 877 286
859 866 275
873 913 269
885 896 45
889 924 25
