70
23 37 191
30 77 145
54 93 185
59 90 161
64 89 114
87 135 199
99 109 108
128 160 211
128 171 227
131 152 65
139 181 86
144 178 238
171 175 136
186 222 148
205 240 7
209 258 239
234 255 247
234 278 28
239 275 217
266 274 282
286 314 127
286 309 157
290 297 251
310 324 33
310 322 96
323 362 218
333 349 291
353 360 245
376 415 98
377 405 72
381 422 300
410 438 292
417 465 273
443 448 189
472 507 297
495 544 1
523 548 222
525 574 174
532 541 206
534 573 141
541 590 255
561 575 123
591 625 257
616 666 133
621 650 150
629 659 251
631 664 97
654 672 196
674 691 171
700 745 114
718 751 294
736 764 26
746 765 134
772 789 287
792 822 52
819 824 87
819 853 97
831 849 100
843 851 232
870 895 83
900 910 230
904 949 174
916 924 106
929 948 291
951 976 258
958 995 62
980 989 206
997 1032 59
1025 1031 242
1034 1036 94
