70
21 33 120
30 33 144
45 89 46
60 66 257
63 112 48
85 108 61
100 126 171
115 119 49
129 179 252
141 159 126
152 177 4
168 199 79
188 193 149
215 260 197
231 280 97
237 244 67
263 296 167
292 329 26
294 319 253
312 315 37
316 323 76
341 368 187
348 359 207
360 393 275
389 437 222
389 410 59
408 437 60
431 474 234
441 475 250
441 460 284
463 474 111
478 526 176
482 490 139
494 536 263
508 556 33
513 551 103
524 533 272
549 561 257
579 613 19
592 597 19
620 645 288
620 624 235
620 656 262
631 667 80
657 683 265
674 721 54
691 736 176
694 710 262
722 726 45
744 784 134
753 765 72
770 792 141
793 829 199
801 834 296
810 818 271
836 872 137
861 862 290
884 932 173
912 943 203
932 946 106
936 965 272
946 955 15
975 1023 95
1003 1030 292
1011 1052 262
1021 1035 84
1039 1061 47
1061 1083 112
1070 1100 175
1081 1125 167
