70
0 33 128
4 8 184
15 26 204
17 36 161
42 49 36
60 66 251
90 130 261
105 154 4
116 142 149
129 162 87
149 150 49
168 192 209
183 196 248
191 193 170
212 248 258
213 250 128
215 217 215
240 287 224
259 281 13
284 304 50
284 291 65
298 305 62
318 323 199
344 357 226
361 379 48
368 405 15
370 401 71
382 431 181
393 405 2
406 409 190
407 413 140
436 463 213
459 505 76
483 511 199
497 544 101
504 543 171
517 547 197
542 548 299
554 589 145
558 603 4
577 614 191
582 622 79
599 645 4
601 602 217
628 674 44
654 702 191
662 677 90
671 711 113
693 721 251
697 714 70
719 747 119
726 733 162
729 761 210
732 779 157
752 773 207
759 788 61
782 815 42
804 845 23
820 844 96
829 847 271
833 872 113
853 870 9
856 874 121
874 883 63
890 900 58
912 927 152
920 958 121
943 974 250
970 994 84
970 982 219
