70
2 21 296
24 26 230
44 55 217
52 84 210
79 106 26
82 105 204
106 127 32
119 155 81
119 167 270
136 175 181
142 143 97
159 203 78
173 186 152
173 192 1
181 203 133
196 206 38
205 206 224
209 228 62
238 242 246
255 290 2
262 309 185
290 316 35
294 304 169
316 319 34
329 376 68
339 364 152
355 364 175
369 416 137
379 405 187
395 426 28
417 442 44
446 455 38
446 467 275
474 489 170
501 551 287
520 536 166
548 582 235
556 585 94
582 592 211
589 635 135
589 602 198
606 635 215
607 645 42
612 629 67
639 658 291
663 690 9
685 733 138
697 732 177
707 727 122
708 738 22
713 763 40
732 740 17
753 782 174
779 791 167
792 835 7
796 825 273
811 812 65
818 850 61
845 871 115
868 905 285
894 930 212
917 942 29
926 945 169
935 950 181
943 955 86
947 954 105
970 979 121
990 1034 243
998 1013 41
1018 1061 294
