70
17 34 180
32 80 225
42 44 276
60 92 217
76 116 126
81 105 41
96 123 261
112 162 288
122 154 49
133 143 3
143 183 273
164 168 178
187 229 106
190 209 107
214 249 201
242 256 59
252 260 47
280 292 135
292 301 51
319 347 166
334 361 89
357 381 279
368 379 42
397 400 75
398 436 220
404 413 88
415 451 79
416 438 72
417 443 175
428 473 37
455 479 67
484 523 177
491 515 241
513 560 8
542 577 26
563 573 128
590 611 289
606 612 159
616 642 236
616 659 233
637 651 50
646 651 274
654 673 277
677 696 186
690 721 104
692 727 37
713 731 1
743 762 113
746 787 68
766 816 290
784 790 103
789 825 167
794 819 15
807 850 102
817 819 43
823 824 183
826 844 12
845 892 109
854 864 266
871 890 13
873 915 2
895 935 127
899 922 74
904 907 290
915 949 192
921 962 221
921 958 27
921 970 273
938 944 250
949 974 290
