70
8 28 181
19 38 21
49 94 179
57 85 84
77 103 118
92 117 158
100 109 105
128 169 2
144 168 24
171 210 292
184 214 187
208 210 162
211 259 201
230 279 80
230 254 240
254 273 168
280 293 14
292 319 197
306 330 288
319 346 223
338 361 90
339 346 234
339 362 219
363 376 239
363 387 181
367 407 56
387 428 135
411 436 94
414 415 226
438 475 235
447 483 182
464 504 268
485 507 186
503 511 233
523 529 3
526 536 8
555 597 242
576 615 90
582 621 221
587 635 189
588 593 87
591 620 89
602 612 55
622 653 72
633 683 221
644 652 35
667 683 91
681 684 158
681 713 170
681 691 210
708 732 207
720 763 7
742 744 248
763 772 80
771 810 12
789 792 16
789 831 272
811 849 278
825 872 275
826 863 136
845 892 64
864 911 288
889 906 84
913 932 281
914 930 207
941 967 44
967 1017 7
973 1002 228
989 1012 190
1019 1020 138
