70
2 34 112
13 38 232
18 26 296
36 75 269
57 67 174
66 112 219
92 125 118
119 149 281
137 165 268
146 186 159
152 167 148
180 189 61
195 224 213
225 235 14
232 258 244
258 304 170
286 298 275
291 336 283
294 337 20
321 352 165
325 326 132
338 368 173
347 395 59
373 398 92
383 393 129
405 425 31
425 452 264
448 465 215
470 480 71
497 498 71
514 517 52
537 561 274
543 590 209
545 585 227
559 578 37
582 606 116
606 643 265
630 644 69
656 702 228
662 699 181
692 710 151
707 753 283
709 746 111
711 759 23
739 772 258
755 757 141
783 786 13
787 832 223
804 805 82
804 811 272
812 818 158
834 846 196
837 885 183
867 899 227
897 935 200
926 937 135
933 959 297
943 968 125
964 973 95
964 981 223
979 1023 166
992 1013 190
992 1005 82
1017 1062 89
1039 1057 205
1060 1095 190
1090 1116 207
1114 1141 200
1126 1164 164
1134 1180 102
