70
0 13 272
17 43 267
35 69 187
43 87 68
67 82 108
76 116 197
83 87 181
97 115 201
127 146 208
128 129 202
155 160 284
155 197 65
165 212 146
175 225 287
182 211 78
206 249 127
234 244 54
261 311 299
269 309 172
274 302 221
301 351 67
310 351 235
339 362 91
351 384 51
372 394 250
388 392 190
413 463 181
418 457 123
423 430 123
433 477 128
437 484 233
463 492 272
478 504 73
505 520 155
520 551 20
526 551 26
529 530 22
548 566 13
576 584 73
596 617 260
603 636 262
624 628 280
641 679 257
653 659 43
671 711 145
693 698 166
703 723 110
729 778 107
758 783 180
766 794 79
795 812 298
801 815 171
801 806 195
802 808 292
831 847 24
850 884 161
868 914 113
897 910 159
915 948 216
945 984 169
949 982 277
973 1011 139
992 1024 217
992 1008 243
1010 1056 78
1018 1046 71
1033 1067 75
1049 1075 107
1069 1105 213
1069 1110 122
