70
8 38 67
10 33 268
39 46 77
43 66 72
55 82 80
83 105 195
105 148 288
134 167 73
144 168 221
155 196 287
157 163 17
163 182 257
179 226 28
207 215 276
229 241 184
231 259 41
237 265 257
258 293 241
279 301 130
306 308 18
324 339 61
335 337 196
357 375 240
382 387 230
404 424 37
405 448 242
410 451 125
434 448 148
459 508 22
465 512 136
467 492 191
472 480 270
480 490 210
488 536 178
492 539 248
497 512 113
498 507 236
515 536 50
519 531 245
532 533 205
548 577 202
570 575 82
583 600 66
595 636 201
603 627 205
617 658 138
617 635 56
622 636 53
637 668 135
637 666 240
640 682 28
658 669 123
685 735 179
706 715 64
723 744 227
723 771 197
741 753 8
753 776 277
782 826 15
785 825 206
813 830 80
836 874 165
845 872 31
847 874 192
857 869 290
885 926 279
888 916 67
917 939 1
947 958 5
961 979 232
