70
12 53 215
30 51 220
34 48 249
40 83 109
56 68 145
77 87 226
106 138 300
115 159 203
134 171 151
145 192 213
146 158 75
175 218 265
201 212 289
223 271 72
248 295 161
248 266 22
253 281 144
278 288 85
305 348 212
332 371 219
355 385 154
376 410 262
390 437 21
401 446 276
417 461 190
431 459 242
457 476 266
486 489 223
493 530 195
504 542 188
528 576 281
548 574 68
568 572 54
585 613 2
589 622 89
610 637 206
624 632 96
650 676 215
666 690 296
695 737 48
705 712 23
716 726 132
716 760 157
729 768 53
742 773 115
742 767 235
762 793 237
784 834 170
800 822 53
829 854 251
840 869 66
848 851 241
863 883 142
891 926 183
901 933 134
906 915 222
936 973 92
947 981 61
975 1018 81
993 1011 154
1014 1060 272
1015 1025 299
1032 1075 36
1032 1078 230
1054 1058 204
1072 1077 31
1088 1124 266
1101 1110 237
1110 1152 92
1125 1156 100
