70
13 21 108
39 85 111
39 43 235
66 82 204
95 138 240
117 126 19
135 139 64
150 199 232
176 212 291
186 212 132
210 230 1
240 248 68
248 291 39
268 278 24
280 302 218
307 343 102
332 334 82
341 349 108
365 413 4
389 438 178
414 420 7
441 452 63
449 473 15
479 516 253
499 501 274
523 549 59
524 539 100
524 527 191
552 602 57
558 567 227
582 606 142
600 614 87
620 622 98
646 651 186
657 676 121
677 683 89
702 705 123
711 744 261
718 729 262
736 740 119
761 775 94
787 830 6
791 797 225
821 858 238
838 845 180
867 882 245
870 888 173
895 930 74
897 934 75
921 966 214
926 936 94
943 991 45
972 986 118
982 1006 142
994 1015 148
1000 1014 236
1005 1008 296
1023 1036 48
1043 1066 100
1052 1087 13
1079 1083 251
1085 1091 90
1100 1114 223
1130 1161 164
1140 1165 105
1169 1193 262
1169 1193 128
1195 1212 62
1217 1224 64
1231 1267 185
