70
0 9 70
16 45 272
41 58 160
43 51 5
64 66 162
89 99 205
92 123 246
112 155 12
123 134 215
124 154 231
147 149 249
176 216 187
205 226 121
217 218 199
240 269 137
244 248 256
246 282 218
250 267 162
261 276 272
268 270 4
287 298 32
291 332 169
311 345 237
330 377 135
349 396 294
377 419 218
392 434 248
421 469 281
425 448 160
439 483 210
463 509 278
481 495 165
494 504 101
519 520 120
539 548 47
542 580 114
563 587 273
591 594 20
609 637 116
633 656 261
648 651 92
672 703 134
676 701 243
685 735 216
685 709 28
707 727 13
724 726 35
725 748 116
736 768 222
745 774 152
766 803 85
792 802 261
796 808 122
806 831 139
812 840 295
828 850 197
848 884 239
868 877 18
873 891 240
899 933 20
921 956 280
948 987 186
978 992 211
990 1014 208
991 1012 20
1019 1066 67
1034 1079 267
1052 1078 255
1078 1106 265
1088 1123 148
