70
16 17 146
21 53 239
22 65 140
28 64 50
36 79 195
60 81 131
89 100 24
104 133 206
127 175 223
148 179 44
151 163 44
162 198 66
172 183 7
184 187 8
189 211 33
215 255 125
243 288 27
243 279 5
266 280 48
293 334 286
298 332 28
300 311 111
305 307 120
306 319 104
307 350 160
326 357 290
354 385 254
380 389 115
406 444 272
410 424 53
412 460 217
419 438 81
424 458 202
442 463 287
459 486 103
471 521 205
500 526 15
524 547 56
550 555 275
573 615 39
591 601 31
611 653 290
616 619 1
642 668 254
652 677 104
679 690 216
681 712 108
682 692 211
702 742 210
726 772 182
736 755 104
742 776 129
751 793 79
769 788 127
785 786 122
806 852 219
824 842 32
838 864 268
850 897 256
873 887 138
890 909 218
914 939 198
920 921 124
943 952 287
957 972 54
961 966 229
961 1000 116
966 988 225
987 1025 220
1007 1031 103
