70
5 28 105
20 55 93
50 85 248
65 83 291
67 84 259
71 75 32
93 119 59
117 127 30
132 174 245
155 186 105
176 198 196
178 194 9
197 240 114
215 256 282
224 235 68
247 272 14
266 268 115
291 302 112
298 336 222
317 351 240
329 344 98
329 338 209
338 377 241
344 393 81
349 399 26
364 371 246
385 434 100
396 439 62
407 455 189
407 416 206
429 451 152
432 437 75
459 504 97
481 527 176
499 522 235
521 532 153
535 568 300
550 580 148
569 599 159
584 616 248
607 628 83
629 669 50
657 662 280
682 707 110
702 703 113
710 748 47
728 745 146
752 801 94
763 773 197
791 825 12
796 834 237
813 835 184
819 851 76
845 846 44
851 898 250
852 890 266
878 911 169
882 904 90
906 954 71
923 925 162
953 978 22
964 997 126
967 989 145
995 1009 111
1000 1018 49
1018 1048 58
1024 1042 293
1041 1057 101
1063 1100 247
1083 1130 226
