70
15 29 116
20 43 181
41 87 287
47 48 129
65 96 287
89 130 156
89 135 17
108 146 63
130 135 116
140 186 272
148 149 153
156 188 12
184 212 298
206 228 256
220 253 92
245 253 170
251 290 131
256 282 210
259 301 135
261 282 201
285 318 222
309 358 285
310 346 106
321 346 131
321 332 244
329 363 111
334 359 23
356 402 117
359 374 47
370 386 286
372 418 26
399 407 93
407 432 60
423 433 3
426 476 108
435 462 163
463 493 295
463 501 219
463 489 224
488 501 113
493 537 165
513 515 104
515 540 60
527 572 298
532 544 272
553 594 220
580 620 127
581 604 71
588 598 124
593 594 90
622 628 137
643 685 289
645 664 106
668 702 284
683 700 115
707 722 110
736 756 189
766 807 19
769 789 152
793 801 183
821 847 100
837 867 104
861 862 249
867 880 182
870 888 248
878 908 10
889 923 287
889 904 282
901 930 159
926 967 8
