70
19 58 85
40 82 86
54 60 244
72 79 221
82 90 189
89 90 147
106 128 160
107 136 22
128 149 277
128 140 192
155 169 20
167 210 112
182 197 115
196 218 98
211 231 277
212 213 217
214 233 178
240 263 7
245 282 121
247 262 31
263 274 109
283 311 165
284 289 136
293 294 240
315 348 221
319 357 161
337 377 28
367 383 55
373 421 274
375 410 48
398 412 116
402 420 217
422 442 119
447 479 110
475 510 69
501 539 208
521 571 172
540 542 196
566 590 49
572 617 114
574 620 138
584 628 13
588 615 2
610 659 86
613 644 24
623 661 259
632 641 20
651 652 251
660 710 227
663 684 141
680 691 163
710 732 218
739 748 142
748 794 151
759 784 93
784 794 276
785 826 265
807 830 60
828 871 34
833 847 15
843 875 57
865 880 129
872 918 139
902 928 27
912 943 144
939 973 79
966 996 119
984 990 262
998 1010 233
1018 1042 126
