70
16 23 79
27 29 23
46 84 182
73 121 151
97 110 104
111 118 62
130 169 58
144 172 239
145 147 178
153 176 37
165 171 171
178 225 112
194 208 264
194 214 190
207 227 161
222 235 57
245 262 255
258 299 141
260 302 2
278 315 1
280 317 5
294 343 49
310 360 231
312 314 116
318 321 243
342 383 102
372 419 231
402 447 229
420 452 165
430 444 131
458 489 110
473 511 67
500 547 104
511 541 251
534 535 238
540 546 181
550 600 70
576 619 41
591 623 64
603 618 161
620 625 119
630 645 8
653 674 230
668 710 96
668 702 284
669 678 110
696 740 202
705 754 166
717 758 48
737 760 23
746 774 64
757 763 188
769 784 148
788 827 118
804 837 28
834 855 179
864 867 212
876 915 287
890 916 188
901 950 180
920 937 255
936 942 272
939 960 175
956 994 242
968 990 75
973 984 184
978 996 85
1004 1035 62
1008 1054 176
1014 1020 211
