70
16 64 213
22 54 191
48 80 246
49 53 269
58 94 158
88 90 86
108 158 105
124 141 53
131 149 113
149 185 181
153 185 46
156 204 9
170 220 61
185 190 237
187 202 32
196 199 130
206 213 161
212 236 117
217 235 79
227 260 121
232 279 274
232 268 226
255 305 271
265 295 234
268 318 248
279 305 73
289 316 61
311 328 26
335 355 55
338 348 259
352 379 223
354 402 23
369 383 43
383 402 291
401 407 290
405 408 262
429 468 71
437 446 181
450 455 62
461 507 92
489 520 84
505 531 290
509 539 100
520 535 47
528 553 213
549 578 283
550 565 188
559 589 265
572 599 39
580 594 86
601 645 287
623 665 238
651 688 258
667 697 43
683 718 73
704 721 196
723 754 165
744 751 300
754 784 7
778 818 244
797 844 289
801 847 280
828 868 148
850 880 57
855 900 147
870 890 194
881 927 73
894 922 250
903 947 51
910 915 102
