70
5 46 158
24 71 122
47 52 255
62 72 45
83 121 3
112 124 56
131 135 59
154 200 24
161 185 159
169 211 191
169 192 268
194 242 297
196 219 263
206 235 287
223 268 227
246 260 54
264 282 105
281 303 103
290 325 60
306 350 106
318 327 82
332 335 235
345 375 29
372 375 221
382 427 284
400 401 51
428 432 42
446 489 48
475 509 99
481 525 108
499 541 36
523 542 56
531 561 281
558 583 246
577 614 205
601 644 262
602 640 142
618 654 61
626 642 169
630 653 299
657 691 269
675 702 137
679 701 212
679 687 245
692 727 256
714 724 243
723 752 191
728 751 8
755 802 134
784 799 26
813 863 125
816 858 192
843 871 229
849 891 38
854 900 243
882 908 129
887 891 193
905 919 242
916 949 113
934 940 136
961 996 20
962 994 293
983 1027 97
1003 1009 233
1013 1038 90
1034 1076 79
1054 1087 1
1077 1100 257
1099 1111 207
1129 1144 195
