70
9 47 26
32 72 162
49 78 283
60 87 276
83 116 90
106 132 200
118 146 146
136 137 252
166 208 21
183 200 218
196 238 14
204 248 38
223 240 170
251 295 93
272 279 270
287 290 113
301 318 271
308 317 291
325 346 13
355 357 294
360 377 80
366 406 72
375 412 219
397 420 45
426 471 26
447 483 36
474 500 62
502 510 160
531 555 30
536 543 82
554 558 282
572 579 121
582 601 62
595 623 73
618 630 288
631 666 254
641 642 68
650 686 162
672 679 64
691 692 113
708 735 156
731 779 212
738 764 286
767 786 47
788 833 75
789 803 286
816 856 64
827 846 190
843 889 139
854 872 266
873 900 169
897 908 141
901 919 196
928 944 27
939 965 25
948 977 160
977 981 17
993 1026 26
998 1016 59
1019 1060 182
1031 1058 234
1055 1057 8
1077 1127 263
1106 1117 228
1132 1160 123
1155 1179 118
1184 1216 59
1213 1214 1
1218 1268 170
1226 1258 85
