70
20 50 243
20 37 39
30 45 112
55 86 223
83 108 234
104 148 23
130 163 253
131 164 75
146 159 137
157 159 3
163 200 255
167 172 39
167 176 87
187 229 35
199 225 224
207 254 275
225 263 300
252 275 222
275 279 91
304 354 185
304 315 41
307 320 253
329 361 217
358 366 256
368 409 165
372 390 196
377 387 185
393 434 25
402 422 148
420 450 145
425 439 113
444 483 214
464 494 88
488 516 46
518 554 288
540 574 28
554 601 29
584 622 241
587 614 111
601 630 185
607 656 12
615 624 248
629 639 129
649 666 286
671 680 17
699 735 127
728 770 282
731 750 239
736 749 160
739 756 39
752 753 174
752 784 172
765 790 193
782 792 268
799 838 162
820 861 246
839 865 217
848 885 187
851 865 100
870 904 249
892 896 207
920 962 261
941 944 164
965 976 178
988 1001 15
999 1001 175
1016 1027 73
1019 1038 16
1043 1065 169
1045 1054 157
