70
11 13 15
11 53 300
37 72 40
52 62 215
53 55 148
56 57 265
58 67 247
75 121 136
81 91 28
108 142 215
131 158 140
159 178 53
172 191 237
194 239 51
211 244 158
229 253 12
234 278 140
241 248 135
248 259 272
267 294 179
278 304 237
281 304 93
296 320 111
321 348 110
327 371 63
339 370 240
365 385 92
371 373 172
400 406 157
416 435 176
442 454 131
468 487 210
484 494 221
501 526 104
513 535 64
526 566 246
543 558 288
563 596 150
591 596 204
597 599 131
608 645 250
624 650 160
641 643 277
651 691 95
666 700 95
683 726 81
689 727 19
701 729 249
722 747 183
738 775 188
753 773 75
780 800 39
784 807 11
789 802 92
795 820 100
824 872 204
833 875 184
848 876 247
852 891 212
855 888 225
872 876 183
885 908 247
888 932 232
913 947 249
941 989 44
941 982 238
971 1021 184
978 1028 178
1000 1031 164
1022 1050 29
