70
21 55 165
42 55 51
59 75 296
70 115 122
84 120 42
99 108 67
123 148 117
145 151 296
147 185 167
167 193 121
197 210 281
210 228 265
238 266 200
243 287 106
271 276 182
296 333 105
309 320 109
335 366 218
337 365 166
344 364 55
354 394 294
381 382 253
391 410 147
408 441 69
429 437 139
434 462 118
441 482 83
471 484 174
501 531 93
529 557 279
550 569 227
571 581 248
594 637 22
623 663 10
631 658 25
634 673 194
659 675 288
659 699 276
671 677 84
681 714 275
688 733 274
717 742 189
728 743 95
748 774 12
772 819 174
772 811 268
799 808 273
811 837 184
818 868 85
833 861 36
863 868 146
885 922 68
889 930 78
918 952 184
933 937 99
948 996 238
969 1015 250
996 1041 236
1023 1055 83
1042 1047 120
1051 1083 71
1069 1089 294
1092 1100 190
1093 1102 125
1093 1129 23
1108 1151 125
1135 1151 78
1149 1189 206
1170 1201 224
1180 1226 130
