70
9 12 186
39 58 43
60 87 218
62 106 221
91 114 168
108 124 115
138 173 135
161 185 219
175 187 182
182 187 83
202 251 148
203 227 115
204 235 107
228 229 118
245 284 16
269 297 147
284 294 120
291 333 6
317 331 79
342 344 51
355 365 145
377 410 288
395 414 40
420 451 23
448 454 286
453 492 197
459 467 156
459 501 46
459 506 252
480 520 101
483 508 87
496 538 207
518 541 122
544 550 164
548 572 83
577 602 240
578 619 84
583 614 65
591 602 170
599 637 153
608 619 63
615 616 49
638 672 97
652 673 268
655 696 34
676 705 25
698 709 274
703 734 31
733 734 148
760 762 127
784 785 148
814 863 250
830 854 90
849 866 72
872 892 173
876 904 119
887 909 131
887 917 110
890 903 82
899 948 280
923 962 124
947 995 229
951 954 260
962 987 270
973 1010 259
985 1005 267
993 997 29
1007 1045 260
1015 1048 32
1025 1073 86
