70
1 2 182
11 40 91
24 36 157
47 52 192
76 100 166
88 130 230
92 123 167
106 131 264
117 125 34
121 149 35
135 155 255
158 161 22
161 188 174
181 222 17
197 200 127
213 243 86
222 233 152
223 266 4
239 248 129
258 262 149
267 297 42
280 309 63
304 347 107
315 332 228
316 348 18
343 351 84
366 404 170
382 424 101
384 415 159
387 432 43
409 430 15
436 476 269
466 489 173
494 530 164
509 515 18
532 552 168
551 578 157
572 573 133
583 613 161
587 589 155
608 642 148
631 666 217
634 677 295
660 698 94
683 733 211
683 725 152
697 716 204
722 765 199
725 760 92
741 753 175
770 773 204
770 806 32
799 810 172
801 832 114
825 845 97
839 878 242
839 863 256
839 875 65
840 881 15
853 854 289
876 884 297
884 914 8
893 933 165
907 935 17
931 950 37
942 975 33
955 1003 234
958 961 267
969 1016 225
977 1016 184
