70
7 18 92
11 48 120
34 41 149
34 50 74
35 45 15
48 55 213
65 112 231
71 100 58
98 132 251
127 173 104
137 149 179
151 168 292
173 213 213
196 223 276
203 235 195
232 258 6
256 295 291
261 272 295
286 295 208
301 341 61
312 353 251
341 372 252
342 349 240
347 376 250
371 375 105
398 437 165
427 471 157
433 477 208
448 473 288
465 502 260
475 518 156
501 531 38
509 533 7
538 540 215
540 577 25
553 592 15
570 594 169
579 605 81
581 604 208
589 601 102
591 619 113
603 617 295
603 637 178
608 645 166
608 609 263
617 656 49
645 673 59
652 671 150
663 680 131
689 714 3
715 748 164
740 781 286
744 787 62
750 796 114
768 785 41
771 795 210
792 822 169
810 860 81
830 874 5
857 890 129
871 904 184
878 916 100
886 935 101
886 910 224
908 938 152
928 968 50
955 975 54
958 991 197
968 976 130
970 1008 168
