70
1 20 61
25 68 202
43 85 232
52 71 103
62 106 189
65 91 241
91 113 83
115 143 212
145 193 54
162 187 37
183 186 18
198 238 252
219 265 90
219 266 101
230 278 244
246 271 92
276 282 244
304 334 47
315 361 198
337 383 223
358 407 210
376 391 14
402 443 17
412 431 95
417 430 71
418 421 50
442 481 135
464 489 39
475 515 223
499 506 117
500 532 210
519 539 67
538 588 270
558 565 51
573 582 153
598 632 82
607 642 177
629 666 189
632 668 127
636 665 8
639 680 148
653 694 48
667 710 158
693 722 300
707 712 40
734 768 205
753 770 280
754 787 278
757 775 277
786 815 170
794 814 202
824 855 79
848 884 36
873 887 46
892 904 197
895 926 155
906 929 26
932 937 169
932 949 246
956 991 26
975 986 197
997 1044 50
1014 1019 287
1033 1052 27
1050 1051 88
1067 1093 263
1091 1098 257
1120 1158 129
1125 1144 123
1153 1179 260
