70
0 12 133
5 32 150
33 73 255
46 77 226
69 99 212
86 108 275
93 95 286
98 106 226
104 149 132
123 141 61
129 175 46
158 167 26
164 202 126
192 225 66
204 237 138
220 259 291
233 265 158
247 251 246
271 273 57
277 317 280
296 346 138
326 370 102
352 401 46
358 382 220
375 423 63
392 432 240
395 421 53
422 432 230
443 489 53
451 464 140
456 505 198
482 483 244
504 515 212
513 516 270
535 565 194
546 571 165
551 554 144
561 603 24
581 591 154
606 634 164
618 659 91
623 673 86
623 638 54
634 667 186
649 674 78
659 686 188
671 698 127
677 727 144
704 705 71
717 742 279
735 767 125
756 796 206
757 793 292
767 808 271
773 785 101
773 819 73
782 818 15
798 848 162
823 828 75
830 869 28
832 878 72
846 862 288
873 887 166
881 893 31
898 938 290
920 937 21
949 988 52
949 963 224
974 1022 289
998 1026 247
