70
18 60 70
47 81 41
72 110 25
96 145 34
97 144 50
122 164 192
133 143 264
159 187 268
160 197 15
161 165 277
181 189 161
207 219 228
229 256 246
245 249 248
273 297 162
295 337 251
300 310 299
322 362 166
336 374 60
366 388 171
376 413 79
400 425 208
410 430 269
426 441 73
446 487 131
453 454 235
468 475 93
475 506 179
484 493 11
490 494 298
513 531 114
517 543 182
533 572 81
561 590 41
562 572 152
590 620 44
612 659 75
614 622 178
628 665 82
656 703 8
673 718 202
693 699 257
723 773 50
745 784 120
764 792 206
787 817 115
806 810 168
809 843 239
809 815 24
812 859 160
829 856 18
859 876 123
885 919 48
895 929 89
922 931 117
927 951 103
938 955 88
942 976 223
960 986 158
966 973 196
983 1017 221
1000 1029 271
1026 1035 135
1051 1098 83
1065 1072 218
1090 1121 138
1106 1148 259
1114 1127 18
1125 1158 159
1137 1183 298
