70
27 54 13
31 53 2
37 41 299
63 100 41
88 115 168
118 149 228
142 188 37
165 214 17
195 199 216
201 223 199
223 236 291
232 260 245
254 261 168
281 321 189
303 345 44
326 344 62
327 331 86
342 384 254
372 386 58
399 439 230
410 452 192
434 480 278
457 485 245
473 485 158
491 520 23
507 510 238
532 544 198
533 542 42
544 593 270
544 592 75
559 595 172
563 576 161
588 628 213
590 607 78
617 628 264
632 641 276
658 664 231
667 706 77
668 677 107
692 728 57
706 735 104
713 763 1
733 741 49
763 782 92
781 824 74
794 805 166
796 809 25
821 827 169
832 855 104
843 883 147
857 877 90
867 900 237
887 932 77
898 904 95
924 967 118
947 955 245
970 993 113
993 1026 131
999 1046 173
1003 1052 156
1027 1066 277
1039 1067 176
1068 1118 47
1083 1096 189
1108 1151 95
1127 1150 261
1148 1178 203
1174 1223 278
1174 1205 221
1188 1234 203
