70
12 32 14
42 43 138
49 64 12
73 84 194
90 136 143
96 135 173
125 165 90
129 131 157
152 197 142
155 198 246
181 192 131
184 209 168
214 233 67
231 247 107
256 274 288
279 312 183
290 308 78
294 329 170
318 330 118
348 393 10
353 378 183
367 410 117
378 426 74
401 425 112
405 448 11
414 435 247
417 429 194
443 474 165
459 506 204
476 521 22
494 531 104
497 543 197
512 556 28
525 573 148
547 583 84
547 561 95
551 561 278
578 604 202
578 596 170
597 602 180
622 655 149
622 655 61
624 666 222
630 631 138
636 670 119
643 674 209
656 675 37
662 689 180
676 705 91
688 734 246
695 711 253
718 755 27
746 755 275
761 767 286
783 828 288
790 826 43
794 800 55
796 815 186
807 812 274
819 828 71
834 843 60
862 903 95
875 882 24
894 942 163
898 901 23
920 931 37
940 941 233
958 967 192
974 1002 169
979 1023 230
