70
12 16 217
27 70 238
55 92 97
77 127 228
101 116 194
106 150 199
130 172 223
130 156 108
144 167 147
159 174 265
169 205 148
194 195 204
200 228 130
225 242 219
228 246 65
256 262 186
264 280 289
293 305 184
297 304 68
319 352 245
331 359 179
336 379 131
338 366 218
344 385 64
354 403 186
381 394 104
386 424 237
391 428 187
400 412 55
430 456 256
444 479 22
471 480 161
495 503 236
511 557 186
538 576 292
565 572 150
590 606 131
613 617 79
639 643 139
665 673 137
666 714 242
678 728 207
701 725 278
702 749 235
705 743 188
720 741 225
728 755 167
744 772 79
767 770 129
767 813 17
787 797 127
814 853 66
840 846 214
850 892 204
875 920 17
893 930 191
902 940 173
919 945 64
921 934 272
937 976 195
963 968 107
968 1016 2
975 989 49
987 1019 223
1009 1038 252
1015 1036 135
1041 1076 77
1068 1083 112
1089 1134 100
1105 1116 67
