70
19 46 8
47 60 181
60 77 118
88 122 251
93 142 121
103 150 57
124 145 237
140 168 66
160 207 187
184 232 248
200 204 259
217 237 14
225 268 279
234 260 295
259 278 255
288 313 286
289 319 71
310 311 147
327 350 255
330 362 220
340 380 108
347 386 98
353 359 119
363 377 96
386 406 37
392 439 277
412 423 284
419 446 253
439 440 79
463 474 138
471 505 259
490 534 297
499 540 148
520 544 276
536 546 72
551 560 130
554 560 122
569 594 187
577 585 152
579 628 291
607 638 90
625 629 36
647 653 135
647 657 266
655 670 59
659 700 91
668 712 20
695 737 297
725 756 243
740 746 187
747 776 197
759 795 201
777 813 23
788 836 165
816 844 265
840 881 163
843 844 225
845 893 96
875 902 278
884 918 78
910 924 211
939 962 145
951 983 119
961 983 161
971 1005 180
983 1019 245
1002 1048 173
1002 1008 230
1006 1038 112
1006 1034 181
