70
10 42 56
27 68 134
38 71 12
42 86 59
66 79 102
87 106 40
115 122 242
129 147 44
147 195 103
149 150 18
162 164 178
166 169 53
178 217 43
196 225 128
215 221 64
224 265 96
235 263 47
258 275 47
270 302 173
297 322 193
303 336 124
329 330 5
359 364 108
368 391 97
383 395 287
384 425 35
403 419 286
410 427 258
428 472 296
454 466 95
457 470 11
471 515 56
480 485 277
486 491 286
486 500 181
506 516 157
525 554 174
552 581 65
555 575 54
556 605 279
571 580 242
583 593 63
596 621 290
603 636 106
625 644 181
632 678 247
642 666 31
651 698 176
660 698 133
671 676 141
685 691 297
700 718 150
729 740 285
749 772 194
753 794 25
766 798 296
775 777 174
804 811 12
822 834 107
826 860 58
826 857 83
840 847 188
854 870 88
871 904 178
895 910 244
913 931 188
941 970 61
970 1012 250
976 994 210
982 1018 215
