70
6 30 78
28 55 244
47 89 75
77 92 111
78 110 291
79 86 98
84 128 128
105 135 35
125 137 197
134 151 285
163 185 90
163 165 146
170 217 102
200 243 261
206 249 78
209 213 148
209 229 23
231 257 223
231 280 25
261 292 89
276 321 8
297 312 292
299 304 292
315 348 196
319 328 104
340 346 135
341 370 133
341 349 289
354 360 26
355 368 53
358 365 176
362 390 81
371 385 20
389 424 191
391 414 256
407 409 67
434 448 175
461 476 114
470 474 84
475 489 108
493 508 203
506 543 281
534 577 45
535 578 136
545 578 70
555 564 24
563 591 112
576 618 235
587 589 291
609 656 52
634 652 75
638 684 160
657 675 46
666 672 285
677 705 182
685 687 87
691 719 261
718 723 76
729 759 285
737 770 54
754 800 203
767 809 94
782 801 60
792 820 51
804 828 176
817 852 67
843 882 192
846 895 136
864 882 65
894 924 87
