70
4 6 250
17 52 265
27 71 125
32 44 26
37 57 104
44 67 241
68 81 50
85 97 241
114 125 213
117 145 165
119 145 34
123 150 138
125 146 106
153 171 258
155 163 298
163 177 139
181 225 283
194 219 178
206 225 274
221 237 278
246 270 66
271 293 230
283 314 176
308 346 164
321 371 152
343 352 223
350 387 220
360 398 24
372 378 41
376 390 111
389 422 37
403 410 153
419 438 208
421 423 69
446 468 182
456 492 43
483 509 249
508 529 171
510 545 87
534 571 229
545 546 280
568 600 101
587 616 193
610 631 245
633 669 23
659 688 213
687 725 213
696 697 78
715 757 7
739 773 246
767 769 56
797 820 46
798 832 235
810 853 35
810 843 69
816 859 241
830 831 289
851 892 40
866 886 246
878 901 206
900 936 241
917 950 37
944 987 226
973 1008 95
995 1015 157
1020 1030 154
1024 1030 223
1054 1066 100
1063 1067 106
1064 1107 153
