70
30 65 203
38 76 107
38 77 270
38 59 84
57 70 249
83 113 296
108 141 118
121 151 187
144 156 86
174 189 210
192 208 290
221 241 84
228 256 76
236 279 10
261 279 268
272 277 180
292 307 74
297 313 187
303 346 212
325 359 251
340 377 56
366 397 290
391 420 178
419 437 6
449 485 13
461 474 118
479 510 55
487 491 211
512 525 239
538 558 37
550 574 132
574 591 139
577 594 22
585 595 164
606 626 224
610 658 149
617 666 94
641 670 243
655 675 240
680 718 253
681 723 98
684 730 10
687 700 287
688 722 41
708 727 210
729 747 290
757 796 96
761 781 253
764 776 5
770 802 132
782 829 176
787 827 199
793 800 116
804 848 247
808 833 176
808 813 13
822 837 46
841 881 265
871 901 269
879 891 289
884 898 191
884 900 277
908 911 224
916 945 225
919 957 101
933 944 194
943 949 52
973 977 148
984 992 245
1013 1015 96
