70
23 40 164
45 49 141
54 77 153
81 97 54
99 138 139
110 134 300
129 138 120
146 190 252
162 208 146
175 223 17
192 229 41
202 215 9
220 264 167
250 298 296
269 310 108
273 316 281
292 306 188
320 350 250
328 361 111
334 341 101
355 357 178
366 387 252
380 384 264
381 400 296
408 444 86
414 448 239
443 463 204
462 486 213
467 489 202
495 543 198
516 523 178
546 579 177
548 554 202
561 598 212
590 639 289
618 662 241
626 668 287
628 672 1
644 683 96
672 676 287
681 730 46
709 719 44
713 752 261
717 746 143
730 739 126
737 748 105
764 790 164
765 807 212
782 803 87
795 843 207
823 850 207
830 857 296
856 873 225
864 873 85
874 877 258
898 926 85
922 933 177
926 962 128
947 960 24
948 975 282
977 1011 284
1004 1017 276
1012 1029 202
1042 1048 214
1051 1099 174
1068 1078 39
1071 1072 274
1089 1121 100
1098 1147 111
1123 1126 31
