70
8 14 273
12 52 216
27 39 83
48 67 208
76 80 40
87 100 206
89 132 42
112 159 180
133 152 89
157 168 115
162 170 265
185 223 146
192 201 209
220 264 281
222 224 148
249 287 114
249 292 96
257 286 141
286 298 140
295 331 169
323 355 292
331 347 124
352 363 220
363 375 281
377 378 111
396 426 67
417 463 141
441 447 219
446 496 79
450 488 148
467 471 120
496 541 140
504 508 58
524 550 239
532 577 297
544 553 205
572 578 239
592 600 132
615 665 228
620 622 75
638 678 103
638 653 278
666 702 262
675 700 218
697 737 292
721 726 77
738 783 128
749 782 211
754 791 88
768 804 295
789 807 267
811 844 67
832 842 116
842 850 274
866 893 151
879 885 292
879 880 106
885 901 185
885 896 67
912 924 99
923 926 267
926 967 45
934 937 202
951 1000 63
965 978 165
969 989 173
971 1001 285
977 1013 174
979 1025 281
985 1005 115
