70
26 72 38
28 42 188
31 33 50
37 43 26
58 71 13
59 68 111
71 96 285
89 107 84
116 135 96
141 161 283
146 153 146
155 167 223
170 184 50
171 204 157
173 217 193
193 229 163
207 257 192
212 224 286
239 281 191
244 276 278
258 300 25
266 267 111
266 268 113
294 335 170
300 306 299
308 355 125
326 352 233
352 375 72
361 399 118
369 385 279
380 419 21
408 415 288
435 452 94
445 483 258
474 480 2
493 516 207
517 522 120
539 540 43
565 592 98
572 610 179
587 589 126
605 638 267
609 627 80
624 651 23
652 690 75
678 707 131
692 742 220
703 716 70
707 754 277
735 779 34
755 757 58
759 761 231
766 774 45
773 796 240
799 828 82
829 865 56
839 855 225
848 856 101
862 895 121
870 902 280
888 920 64
903 909 265
925 933 23
945 955 101
972 995 17
972 982 16
990 1025 25
1003 1039 84
1009 1043 57
1022 1053 145
