70
30 64 202
37 39 94
55 72 183
74 123 227
101 144 2
120 153 189
143 170 240
172 208 79
177 207 116
187 219 215
215 225 251
238 262 98
265 303 40
283 288 40
313 330 163
313 348 248
331 378 182
347 386 156
354 396 127
376 409 140
384 402 237
404 421 138
420 447 241
441 456 243
456 472 125
474 488 267
495 514 116
520 529 247
522 544 9
540 571 225
550 554 13
576 601 137
597 637 21
611 623 277
615 622 252
638 688 200
644 663 153
652 666 21
677 723 67
699 746 300
718 723 288
747 772 29
757 773 281
783 815 39
785 786 232
790 821 294
792 798 149
812 835 190
813 820 186
814 818 164
836 840 19
856 894 125
856 895 108
864 899 214
876 917 252
884 891 65
891 897 254
915 927 77
939 970 222
959 961 181
968 970 78
989 1001 257
1000 1018 96
1029 1078 82
1040 1087 56
1054 1062 89
1065 1084 211
1089 1120 295
1095 1138 8
1105 1127 210
