70
23 41 287
43 87 282
54 92 168
63 70 6
92 121 283
95 142 242
117 126 225
145 186 212
152 201 156
173 217 21
174 201 218
185 193 90
215 265 285
239 280 262
254 288 273
254 292 290
284 300 251
285 323 131
286 335 77
308 343 273
329 341 118
343 388 1
359 369 240
389 420 298
409 427 80
431 478 94
454 481 270
466 486 198
488 517 216
494 509 222
523 545 170
528 558 23
545 583 118
546 556 271
555 593 102
574 611 32
592 630 53
595 616 95
618 660 238
634 649 235
662 674 125
676 707 13
676 688 146
695 708 142
696 701 226
701 739 182
723 729 122
738 751 66
759 771 130
786 827 236
814 817 278
816 844 248
823 836 290
832 870 120
832 867 265
857 878 178
860 906 64
864 865 58
889 904 203
907 955 186
908 949 178
913 928 7
939 984 154
967 990 60
979 1011 60
983 1013 124
1000 1040 225
1009 1011 2
1033 1069 260
1036 1076 85
