70
27 43 186
42 52 31
51 70 26
54 104 145
58 67 124
75 80 22
77 86 18
96 127 174
101 130 80
131 180 93
131 134 261
135 147 180
150 192 97
177 190 187
185 186 39
204 241 221
204 206 6
219 260 65
225 240 56
242 286 58
269 319 88
287 320 79
301 326 79
322 336 125
325 370 262
349 352 120
367 412 68
376 388 5
378 403 205
399 438 279
410 430 36
414 460 187
419 440 267
449 499 209
452 479 70
457 474 172
461 488 25
478 501 238
508 540 69
530 567 273
546 557 242
556 570 171
578 593 217
600 603 165
609 610 76
616 666 237
644 645 39
673 676 80
675 711 122
698 702 37
708 740 60
721 732 41
749 756 283
749 793 25
761 794 6
777 810 279
786 833 203
810 823 256
834 862 170
862 898 282
884 927 138
890 902 104
891 931 179
901 913 34
912 944 63
938 977 26
947 961 76
959 1003 238
964 1003 9
973 991 146
