70
26 66 59
56 69 241
62 93 111
90 106 68
96 106 94
104 135 161
134 145 267
154 198 98
175 204 130
190 235 9
202 223 290
204 224 290
207 254 31
220 230 247
236 263 109
258 261 147
279 308 274
288 315 252
288 299 114
303 308 193
320 345 183
335 377 224
349 381 77
370 383 103
399 424 267
416 443 11
429 472 151
440 454 19
468 474 127
473 478 254
497 511 40
520 548 21
550 572 241
558 603 145
563 566 133
566 600 176
571 591 118
584 588 47
610 631 82
623 625 225
642 672 144
650 675 241
658 680 61
670 705 224
675 686 231
676 711 221
700 715 215
703 729 270
724 772 46
727 763 3
734 776 208
754 804 275
777 812 176
799 836 147
801 849 260
806 810 266
809 833 64
818 850 132
823 840 18
833 843 175
844 863 194
868 871 261
894 903 295
896 909 69
916 922 87
920 952 191
949 975 21
975 992 100
997 1038 216
1021 1025 148
