70
6 44 173
10 50 72
15 33 101
34 44 10
35 44 126
41 68 155
59 65 82
63 80 156
77 115 55
92 136 230
111 143 72
113 117 267
118 150 83
140 189 277
167 217 58
178 207 235
208 245 222
234 272 50
258 268 87
280 312 290
282 294 3
285 310 77
313 338 23
320 327 198
336 359 6
365 398 211
386 389 20
389 407 52
392 423 186
398 436 118
406 420 60
425 475 134
440 461 108
440 483 115
443 473 7
453 472 104
477 507 156
482 522 236
502 505 208
505 513 98
505 555 58
524 569 125
533 545 259
548 575 292
563 603 191
564 604 114
576 611 280
584 617 110
587 616 23
613 632 242
616 635 108
643 661 85
654 679 234
674 712 59
681 690 142
691 728 173
698 734 243
699 704 263
721 740 220
733 750 7
742 779 255
747 786 30
765 775 283
777 794 72
792 824 114
796 826 53
809 811 254
824 844 285
829 845 104
832 836 254
