70
18 23 232
26 60 244
52 89 44
70 117 95
93 101 155
104 138 207
108 116 197
121 145 189
147 183 211
163 202 277
189 195 21
198 218 83
207 246 192
212 235 293
234 264 119
258 286 106
287 318 232
317 347 130
323 329 65
328 349 268
351 358 37
354 402 85
354 401 280
377 418 111
382 426 252
388 414 260
394 441 220
403 448 246
413 426 102
430 448 97
449 477 88
470 514 125
484 516 46
499 524 260
513 514 108
513 546 85
520 562 234
542 546 196
567 570 229
582 630 57
608 612 287
620 632 91
641 685 147
655 663 122
656 691 272
665 685 6
687 707 151
711 749 207
728 765 137
749 785 252
776 821 217
790 794 136
815 847 102
825 863 146
844 884 7
861 882 13
889 923 138
900 941 236
908 950 156
916 917 213
917 920 23
922 957 73
932 956 163
950 985 144
953 955 224
957 995 189
963 974 118
963 972 234
970 973 108
993 1001 268
