70
3 51 296
21 62 131
26 37 251
32 48 289
62 80 14
65 70 21
73 82 272
88 117 63
110 133 134
121 146 114
139 142 243
167 207 199
194 197 291
221 252 27
247 272 290
271 272 155
291 306 20
308 354 125
318 323 42
335 344 113
343 369 155
347 382 205
347 394 105
376 411 258
380 418 190
386 396 282
409 434 222
421 448 146
447 495 194
460 492 227
481 485 8
509 539 115
522 549 47
532 544 246
539 545 70
539 584 119
557 577 222
575 591 106
587 595 204
617 619 116
638 660 79
649 696 152
674 719 253
674 686 195
704 738 138
708 755 7
725 735 87
751 771 66
761 810 43
789 808 269
803 808 223
803 834 9
810 856 218
818 844 72
847 848 255
867 885 153
896 908 274
897 920 195
922 972 288
951 973 149
980 1016 32
984 992 202
1008 1053 286
1026 1037 113
1033 1061 293
1038 1067 206
1064 1081 204
1090 1124 21
1106 1142 140
1134 1155 132
