70
13 49 182
30 34 206
48 72 126
63 86 264
81 127 3
102 143 279
122 145 214
133 182 79
156 185 62
160 180 126
181 198 10
182 189 36
206 225 57
227 261 140
252 264 237
265 315 102
272 298 111
287 326 284
313 356 21
321 355 90
335 356 227
349 373 15
363 389 65
389 432 55
412 459 68
434 478 215
459 489 32
468 516 58
490 514 74
494 516 197
504 529 245
533 556 164
536 572 128
556 567 176
565 607 91
593 641 90
622 628 222
646 694 151
657 697 100
672 699 169
673 688 297
673 706 122
676 682 57
706 740 183
729 755 3
756 801 184
781 802 92
782 802 197
796 802 256
810 832 161
840 857 211
860 863 11
879 922 274
893 943 59
921 952 248
949 992 289
964 999 206
967 995 46
979 1025 165
984 992 215
999 1028 17
1021 1045 219
1044 1057 104
1063 1065 249
1081 1113 289
1092 1122 169
1118 1157 232
1142 1155 3
1150 1188 9
1177 1184 181
