70
2 40 276
27 42 210
39 55 227
54 94 159
56 91 82
59 90 75
84 115 180
84 92 151
97 122 224
114 134 164
139 165 191
166 188 177
181 207 201
185 200 222
190 227 44
195 208 246
217 224 58
236 286 7
243 288 54
257 281 16
267 295 31
274 298 80
295 307 59
312 340 238
337 349 115
345 354 3
359 403 200
366 408 163
366 402 122
378 406 164
397 426 151
405 407 10
420 441 9
448 455 45
467 487 119
485 510 231
494 504 59
520 533 291
535 557 256
536 558 232
536 580 63
536 583 4
540 548 100
569 613 142
576 619 277
583 600 214
596 640 196
600 627 203
607 628 200
611 624 116
614 616 192
620 663 8
620 642 167
622 654 195
625 643 113
653 691 278
656 680 22
674 721 123
692 698 30
721 723 178
727 729 259
740 762 69
748 762 177
753 784 245
762 794 176
771 784 229
771 814 14
794 816 289
800 847 90
825 862 189
