70
4 13 255
4 35 148
34 35 234
48 83 221
51 74 261
72 91 80
84 99 199
106 137 182
134 144 138
134 154 200
142 156 230
166 185 186
172 206 130
187 205 223
188 219 283
195 197 12
207 236 189
211 235 275
222 265 124
224 249 266
251 295 300
267 292 266
284 334 216
300 329 215
301 327 21
322 333 234
326 361 293
356 389 34
359 371 81
378 423 4
383 387 290
405 447 226
432 452 119
460 461 296
488 489 221
506 517 116
528 539 24
540 587 236
568 580 149
593 619 157
621 670 32
638 682 101
639 684 292
658 701 66
658 704 193
687 706 300
716 761 113
718 750 88
744 782 298
760 773 135
788 831 169
790 816 54
812 831 72
837 841 272
839 860 98
850 900 131
877 904 291
881 909 291
896 914 139
908 958 189
920 970 69
943 974 261
956 994 218
976 1006 52
996 1015 2
1024 1041 267
1037 1080 202
1039 1050 79
1065 1076 256
1076 1103 209
