70
15 54 98
26 55 11
34 59 282
49 56 246
73 93 4
96 123 125
125 168 171
150 182 184
157 183 127
157 160 107
181 183 285
185 215 266
195 214 157
197 237 213
219 238 77
234 242 8
237 262 121
240 244 53
268 280 137
286 288 8
307 309 295
320 328 63
346 364 184
368 412 247
394 432 178
424 448 276
449 480 250
476 492 52
483 522 177
493 522 246
506 518 260
518 522 59
529 534 48
556 580 56
570 588 127
593 605 109
607 642 194
625 675 28
646 649 40
669 695 270
698 730 277
711 721 250
729 749 217
750 761 41
760 793 29
761 787 142
777 812 152
782 793 242
803 825 188
805 835 117
833 881 228
845 889 300
853 886 134
880 910 195
887 905 213
903 929 102
903 928 206
920 929 179
928 978 108
942 974 174
963 971 181
977 1008 68
991 1010 216
1011 1048 31
1015 1040 36
1031 1078 295
1034 1070 139
1050 1095 229
1067 1102 51
1091 1099 232
