70
0 19 298
17 21 294
33 40 176
63 92 14
85 114 298
89 116 75
100 144 96
112 127 114
135 158 4
153 190 174
178 192 148
193 219 93
194 195 282
218 228 177
226 229 130
246 275 123
268 288 255
293 333 13
309 358 20
336 369 134
344 390 129
350 356 30
378 408 113
378 399 225
407 424 298
416 451 173
437 457 107
442 454 9
456 490 280
470 518 166
484 493 211
503 547 261
519 531 84
537 542 144
541 561 83
549 572 295
552 599 279
573 594 262
578 597 199
597 609 220
609 636 273
621 662 199
632 660 78
647 675 282
647 694 40
669 692 80
699 740 92
717 721 105
724 726 63
747 754 147
751 763 74
765 781 60
770 808 75
783 803 116
785 825 21
790 818 31
790 821 177
793 818 67
804 853 120
815 864 107
824 832 297
826 842 101
850 880 229
850 854 94
857 895 96
864 885 171
890 911 215
907 924 173
929 940 97
953 995 130
