70
5 32 264
17 23 296
26 42 101
26 54 30
34 35 205
51 57 247
80 122 44
88 131 83
104 152 300
109 141 160
119 154 1
149 162 84
164 203 29
193 206 206
195 196 196
211 258 38
231 246 114
240 274 185
261 273 61
275 314 147
293 330 144
303 321 23
331 371 115
348 369 212
352 382 287
381 408 10
395 434 297
423 449 8
442 490 252
447 454 63
468 495 140
470 480 70
496 500 11
504 539 234
516 553 53
528 542 283
547 568 229
557 589 294
578 617 17
591 611 183
603 621 2
620 643 196
650 697 140
678 681 196
692 703 132
703 729 43
724 744 292
745 757 181
752 790 223
768 787 25
797 808 16
815 828 268
821 860 29
838 881 167
840 842 215
856 877 45
881 909 138
895 897 206
919 922 234
949 970 97
955 973 83
962 1006 268
985 1003 121
1008 1055 250
1027 1068 214
1038 1044 224
1046 1059 201
1050 1071 16
1072 1113 257
1078 1115 74
