70
26 48 15
45 78 28
68 94 87
88 106 288
93 111 94
107 128 139
134 175 291
160 190 15
181 208 31
209 227 282
214 235 118
221 248 142
245 274 143
267 303 277
291 318 180
298 337 263
304 346 166
314 324 243
315 330 95
333 346 169
339 381 4
341 373 271
359 386 111
384 395 122
391 441 15
412 424 133
430 436 136
458 476 290
486 524 31
510 540 68
527 547 280
537 538 260
555 590 114
583 597 222
611 614 148
614 664 12
641 687 239
659 670 132
677 699 25
678 708 251
708 739 237
726 744 110
736 750 280
753 759 58
775 789 93
800 811 138
810 848 264
839 881 247
865 898 119
892 930 151
917 919 124
941 978 189
948 966 45
958 981 59
959 973 254
963 985 17
991 1028 194
1004 1038 221
1006 1018 93
1028 1051 178
1034 1060 48
1046 1077 140
1058 1062 87
1063 1075 160
1083 1119 229
1106 1116 30
1107 1127 158
1131 1172 273
1144 1166 108
1145 1146 109
