70
24 39 23
52 59 147
58 65 185
83 113 164
90 108 248
107 125 31
132 145 103
152 197 292
170 190 249
180 205 27
202 239 12
217 227 118
238 257 13
253 300 178
273 302 263
277 292 25
306 344 299
320 362 300
334 340 202
360 384 95
373 396 62
375 418 134
394 404 152
415 463 129
440 457 126
447 449 182
473 520 73
493 505 155
496 514 20
513 542 114
514 537 68
533 576 225
534 553 233
555 567 217
581 602 26
603 630 210
628 634 98
638 678 96
655 692 226
677 727 267
680 703 195
699 742 119
703 732 195
707 733 108
729 739 268
743 752 70
754 761 36
777 803 222
807 845 211
823 846 5
826 864 208
853 898 182
856 874 251
877 914 113
902 944 8
911 921 221
937 973 173
960 968 44
990 1017 214
992 1011 133
1005 1030 125
1007 1039 80
1017 1056 24
1017 1044 29
1028 1070 291
1042 1079 39
1059 1103 264
1084 1100 64
1102 1122 72
1115 1124 114
