70
26 53 132
36 44 291
55 89 123
83 101 237
110 113 122
135 156 145
137 161 59
167 184 89
182 208 142
197 245 139
213 237 258
236 271 295
245 249 172
255 277 152
272 281 205
297 308 93
315 339 203
318 355 249
324 344 29
345 378 263
362 402 201
377 408 92
397 413 154
397 447 11
398 414 262
411 442 16
436 453 128
449 483 82
478 507 205
490 509 8
513 546 210
522 559 152
525 541 37
546 551 252
547 569 156
559 602 158
584 602 150
592 632 187
614 640 264
619 653 84
630 651 184
655 675 66
684 706 274
693 700 77
722 759 176
743 750 141
746 761 227
761 782 161
764 799 73
788 825 143
804 832 12
828 853 39
845 849 218
861 877 255
886 918 27
915 916 108
920 923 137
922 962 112
950 952 263
958 1005 217
980 1003 173
981 1003 28
981 1029 224
991 1028 219
1020 1063 133
1025 1033 25
1033 1052 204
1036 1085 107
1042 1084 146
1048 1089 49
