70
9 29 192
17 36 63
34 42 118
34 77 227
61 100 26
64 83 62
79 85 149
108 126 153
119 163 188
147 156 132
158 197 259
173 210 200
179 202 41
209 235 244
223 271 29
236 282 27
236 262 254
257 306 68
283 319 89
289 319 24
302 334 6
308 335 57
311 353 133
335 378 237
360 405 270
367 378 264
390 397 52
416 417 105
419 468 6
419 443 193
421 453 4
421 470 205
436 482 218
439 452 153
444 484 242
462 479 200
483 532 160
510 548 111
529 539 110
542 544 277
557 581 132
569 602 272
592 593 122
612 638 216
617 626 213
642 692 78
663 665 261
672 682 75
677 682 26
703 746 99
733 781 173
737 786 195
750 793 235
765 786 142
785 811 221
807 853 266
813 839 112
826 839 245
830 842 183
832 843 212
837 844 208
859 897 8
869 910 117
898 917 249
910 941 66
927 959 102
943 990 125
958 972 81
982 988 284
1012 1030 25
