70
13 59 127
19 61 80
45 80 130
71 91 165
74 79 105
81 97 30
105 150 2
113 162 189
141 168 58
171 178 224
186 203 188
203 218 205
212 233 108
234 269 222
262 309 215
284 294 117
312 350 237
312 330 192
312 321 48
340 383 89
368 407 67
370 389 59
378 427 292
402 438 281
427 467 139
432 463 265
436 443 185
452 501 51
453 467 246
460 476 61
487 509 130
514 555 220
530 554 188
535 585 202
553 562 299
574 609 232
593 634 128
595 611 244
621 653 72
646 692 102
648 666 201
677 706 163
686 689 101
704 731 271
728 759 38
747 750 191
749 795 162
752 791 245
771 801 223
784 807 129
791 819 244
820 843 161
833 852 172
841 851 106
852 872 9
860 862 155
872 889 168
877 926 24
883 911 282
911 960 171
929 931 117
936 967 162
944 954 251
957 963 18
987 1037 276
1014 1056 220
1041 1071 75
1068 1117 4
1083 1098 300
1087 1114 9
