70
16 20 202
38 41 115
40 46 202
46 57 60
54 69 248
54 72 187
65 73 113
71 109 287
92 100 299
103 144 213
127 143 186
153 180 111
173 185 289
173 206 87
195 226 258
214 250 62
236 280 223
248 284 223
252 256 253
255 291 132
275 310 251
276 294 65
283 289 144
292 333 172
313 352 115
319 322 12
331 358 241
347 396 117
352 357 43
360 361 279
385 394 83
396 399 126
412 424 200
431 465 114
441 471 50
462 478 57
464 511 50
467 488 25
478 492 208
479 501 174
504 546 191
509 528 19
535 549 242
542 544 238
557 603 62
562 610 293
590 636 221
590 613 38
617 659 187
629 659 220
654 698 178
668 681 119
681 686 115
710 744 179
723 740 293
751 783 44
776 802 5
791 838 51
805 806 171
832 876 148
862 878 20
872 881 148
897 936 122
919 961 119
937 972 57
941 944 22
950 960 184
972 994 229
997 1038 233
998 1013 117
