70
18 31 52
28 42 155
45 60 126
48 78 231
60 78 233
76 125 246
77 124 102
107 136 192
107 111 259
129 143 106
153 187 46
155 183 76
171 189 65
189 229 63
210 237 100
234 264 34
238 271 289
266 308 248
283 310 23
300 316 259
312 325 82
323 359 23
348 381 169
352 369 165
377 381 35
380 419 46
400 445 177
401 439 274
411 415 289
426 444 54
426 464 3
433 483 210
446 477 237
468 518 146
484 490 233
491 499 105
503 504 147
510 541 142
523 558 190
533 541 23
539 557 175
556 561 276
566 592 67
593 598 210
605 625 180
611 647 44
623 643 76
635 675 168
646 649 290
666 706 87
688 700 53
702 752 1
703 728 147
706 728 79
709 712 73
721 745 293
730 736 257
739 784 78
767 784 27
790 803 17
813 859 229
830 854 286
855 882 50
880 903 147
895 900 97
924 933 266
953 977 250
973 976 50
993 1043 163
1006 1044 283
