70
12 34 94
30 56 11
51 55 158
61 71 230
91 108 130
120 152 184
129 139 288
136 184 105
159 189 9
175 224 273
182 212 158
201 211 126
230 272 9
240 285 241
257 282 121
266 315 47
276 277 293
295 331 3
302 352 105
306 336 193
317 363 233
332 371 8
338 359 160
367 393 33
369 395 200
377 403 291
391 424 113
414 443 267
429 457 32
453 483 100
462 481 245
476 502 43
502 537 197
518 530 49
547 585 156
577 593 55
580 595 135
580 609 223
592 615 230
612 616 292
635 657 35
646 685 214
661 662 43
685 727 99
695 733 109
703 739 24
715 716 216
729 769 58
752 778 7
765 807 151
770 775 16
772 792 262
788 808 97
809 856 238
827 870 299
832 879 259
842 878 72
863 902 251
881 908 178
889 918 280
913 930 284
941 971 41
956 982 21
960 1009 97
985 1035 27
1006 1009 19
1008 1040 251
1023 1068 13
1037 1045 146
1043 1064 167
