70
18 53 179
30 62 296
58 81 174
69 84 262
92 99 38
99 118 48
117 154 3
117 140 298
121 156 35
148 167 116
173 198 274
187 230 246
214 216 262
230 261 185
257 259 123
270 307 266
280 283 40
290 303 58
298 303 130
328 377 294
331 367 166
348 377 144
351 361 215
375 381 283
397 424 264
419 438 286
442 482 79
459 481 29
486 507 244
513 555 122
539 583 295
559 561 173
567 580 160
567 597 76
595 597 300
607 623 9
634 637 131
660 710 145
674 691 164
688 724 218
707 715 258
732 763 299
750 793 214
776 807 167
782 801 292
811 827 144
825 857 102
840 887 102
865 896 158
871 918 195
887 904 227
890 923 291
892 919 223
908 946 159
930 971 58
939 964 266
961 972 235
985 1035 27
998 1030 25
1000 1034 270
1027 1077 233
1046 1066 46
1073 1084 290
1073 1119 168
1073 1093 180
1089 1138 146
1106 1151 156
1135 1154 226
1138 1178 298
1156 1204 166
