70
19 23 233
31 59 234
59 92 36
61 103 293
64 79 115
79 86 144
90 134 25
118 142 30
130 132 48
150 152 113
159 193 124
186 225 59
189 239 202
219 252 229
243 269 85
270 278 246
284 323 244
313 340 167
331 332 95
343 371 89
367 392 274
376 415 40
395 430 265
409 440 26
419 420 210
428 466 183
432 439 62
454 459 223
466 486 252
493 516 213
500 525 228
508 551 60
512 553 36
536 550 192
538 552 54
548 582 22
569 594 138
588 596 2
617 634 164
626 671 262
647 697 53
663 703 292
669 712 274
692 724 52
715 745 221
719 752 245
731 773 269
732 766 292
750 763 47
762 807 138
776 780 263
779 812 195
795 803 275
817 839 14
824 852 107
840 880 66
861 885 108
869 873 85
875 900 203
889 891 6
893 909 181
905 932 8
925 941 27
948 993 233
957 977 38
959 989 84
976 1025 79
1006 1020 64
1031 1065 74
1039 1061 70
