70
6 37 139
28 31 145
34 42 44
54 90 226
61 74 280
88 93 213
99 137 258
109 112 52
120 163 284
145 168 222
175 217 3
198 214 286
214 238 210
234 268 293
236 264 163
241 283 36
262 304 223
283 291 232
307 330 113
307 309 69
308 315 152
336 378 83
345 355 241
352 385 92
380 411 9
387 418 47
402 433 59
414 459 48
437 470 141
437 483 198
465 513 73
472 515 22
479 516 89
487 523 260
510 532 255
512 556 160
517 534 237
517 538 185
522 542 273
548 595 12
550 586 234
571 583 44
587 615 297
615 632 10
637 654 199
663 705 103
668 711 185
691 701 121
719 753 3
744 761 229
759 786 249
768 806 53
797 834 185
797 823 166
809 814 237
836 855 270
845 874 225
855 893 167
878 881 167
908 958 38
932 968 36
940 974 82
940 978 49
959 991 102
969 1012 25
983 1006 29
985 992 1
1002 1012 190
1013 1063 202
1037 1058 176
