70
8 10 41
23 51 2
45 84 270
56 105 26
77 85 225
98 141 269
106 116 222
106 118 183
129 175 280
140 181 102
143 158 208
151 193 190
175 190 58
196 232 13
222 231 297
246 283 151
254 289 145
272 283 52
289 298 152
311 339 114
314 364 184
339 350 217
348 387 206
362 365 127
369 385 37
381 406 279
397 424 144
400 430 26
405 411 18
420 449 247
432 480 238
462 502 191
462 466 78
491 538 276
500 508 98
518 521 289
524 537 281
529 555 21
549 573 59
565 595 170
574 619 1
576 599 56
588 599 13
613 630 85
620 636 235
648 685 120
668 669 18
696 744 162
719 720 296
748 756 35
755 792 286
766 807 76
766 805 263
773 810 164
798 833 274
799 838 192
804 835 90
811 824 186
832 833 226
861 873 56
871 897 210
874 921 157
902 917 125
902 911 66
921 948 207
927 970 52
929 949 258
930 966 278
956 981 119
980 994 69
