70
5 53 244
18 34 164
47 55 6
50 57 55
70 71 192
70 110 57
96 122 174
117 133 246
124 125 122
151 188 195
170 212 68
189 219 147
201 203 176
222 253 159
246 285 165
247 253 40
274 298 156
286 288 263
304 322 150
325 365 89
333 366 84
362 379 284
387 411 272
395 414 104
403 408 190
415 441 147
435 471 120
443 453 76
459 507 83
486 512 251
492 499 227
520 532 58
521 556 287
551 558 134
554 597 52
577 618 263
577 601 222
589 591 290
606 642 56
609 611 8
632 671 182
646 688 94
672 713 58
672 681 94
676 707 116
685 720 231
713 747 244
722 764 212
743 776 207
745 782 57
757 785 23
758 802 122
766 794 54
780 789 97
781 824 232
802 851 3
810 858 155
836 872 1
837 849 219
853 865 165
856 884 112
866 902 124
873 897 219
899 910 150
917 930 190
921 935 232
932 949 2
960 967 282
974 1023 228
994 1001 236
