70
0 31 170
20 24 88
29 73 150
47 66 198
49 57 62
72 90 213
77 96 252
107 135 259
120 145 31
128 129 36
139 154 42
156 203 1
158 185 99
170 182 180
176 225 141
191 200 161
204 233 225
224 235 271
224 248 95
251 269 23
256 261 2
257 298 295
267 276 106
286 301 281
291 326 188
302 341 214
302 317 54
308 338 111
320 349 18
340 355 112
359 371 282
386 399 286
395 397 114
398 423 297
427 466 231
435 475 213
457 489 265
487 531 47
490 491 79
495 513 23
499 514 71
503 520 218
524 574 73
527 541 174
550 587 100
574 618 291
598 606 297
603 626 168
631 638 220
661 695 212
671 708 113
700 713 121
726 772 188
748 765 130
763 800 175
791 796 145
819 845 22
838 855 259
854 855 61
856 894 294
879 897 86
896 897 158
904 934 77
922 931 160
931 978 183
947 949 202
971 975 178
1001 1014 217
1011 1033 91
1035 1072 207
