70
9 34 132
14 28 21
16 59 60
39 61 32
62 67 59
74 101 276
94 142 219
100 101 210
120 169 281
132 161 241
133 168 248
156 175 5
180 208 199
194 206 149
212 217 22
224 234 120
245 259 35
251 279 244
255 294 27
280 307 83
308 350 136
328 333 286
356 406 208
365 381 38
395 414 253
396 437 182
400 425 1
429 453 123
449 464 52
463 502 276
485 496 274
497 527 214
508 515 45
519 569 115
539 570 128
545 595 66
558 582 217
586 629 131
613 640 148
622 638 133
624 631 288
636 682 169
650 652 270
650 692 294
676 707 228
706 747 61
724 770 223
727 761 103
731 733 209
758 765 267
770 798 186
773 804 240
774 776 185
776 785 208
793 830 24
794 806 110
809 819 15
833 882 209
863 894 268
876 896 45
899 911 135
919 946 134
920 924 74
935 963 193
954 967 219
966 974 42
980 996 97
1002 1052 36
1018 1030 295
1041 1055 215
