70
9 15 8
13 21 182
39 58 137
54 63 116
59 68 80
86 118 276
89 116 155
118 138 186
120 155 91
139 186 207
157 182 27
178 188 132
200 204 300
227 236 111
236 281 132
264 306 35
284 329 295
292 333 239
310 355 254
320 359 147
343 390 192
355 381 15
358 396 22
383 431 66
412 416 55
432 456 297
440 450 33
440 471 190
442 455 159
462 473 17
482 510 275
510 527 62
537 579 62
564 597 197
584 606 293
601 626 171
605 617 105
613 614 271
639 676 155
658 683 73
688 698 164
702 718 135
708 754 21
726 759 209
728 767 75
742 789 80
771 818 177
800 822 174
814 856 36
841 887 56
845 882 167
873 890 253
897 900 262
901 913 208
914 963 81
941 981 186
950 960 110
960 972 189
988 1010 106
1010 1021 181
1036 1055 143
1063 1094 206
1065 1086 237
1081 1099 245
1088 1115 241
1108 1124 197
1113 1156 91
1133 1183 110
1141 1168 125
1163 1185 187
