70
5 54 71
26 74 289
34 61 35
47 71 67
59 108 247
71 90 274
93 95 81
110 150 11
131 144 160
146 182 295
168 179 194
179 211 188
186 212 44
209 256 228
214 255 199
218 240 3
234 241 140
260 306 221
285 310 139
290 312 131
290 331 9
314 317 166
332 371 192
350 379 162
367 377 133
380 407 190
402 443 139
410 440 212
418 458 117
426 440 1
442 477 188
460 462 120
477 483 227
489 512 65
503 538 261
505 554 167
524 563 112
543 554 235
569 581 24
596 599 277
610 621 174
624 669 163
634 666 21
657 690 252
678 716 279
687 713 60
712 753 88
736 737 274
752 767 71
781 819 181
808 834 136
831 851 287
841 874 40
855 869 60
866 899 66
887 929 36
890 937 209
911 956 184
933 934 257
963 991 72
988 1016 79
1004 1015 125
1019 1029 141
1040 1042 152
1066 1071 120
1083 1094 157
1106 1149 263
1125 1134 199
1139 1143 166
1146 1166 280
