70
24 33 233
38 46 78
63 85 163
89 135 148
95 133 21
122 165 13
129 132 121
153 164 104
165 183 259
167 178 229
176 223 104
192 205 282
193 207 54
206 253 221
212 241 100
214 228 235
228 265 35
258 276 213
279 312 166
296 326 147
312 359 226
328 360 200
336 377 133
341 361 292
345 354 144
346 387 8
362 393 4
367 381 288
379 399 238
382 405 167
395 397 210
421 462 272
424 457 236
430 453 120
458 498 176
462 510 204
474 501 53
481 518 223
491 534 39
508 511 215
530 547 250
554 590 19
572 590 18
589 613 49
594 599 152
602 629 54
617 620 272
641 675 162
650 666 112
667 673 224
687 727 275
701 724 123
730 766 25
741 781 231
763 813 133
782 832 245
788 828 218
788 830 233
805 834 65
822 844 298
852 889 128
861 862 25
886 893 300
907 945 186
915 918 14
933 939 46
942 956 59
943 993 72
949 985 224
971 1015 138
