70
4 25 136
14 39 215
26 67 134
39 44 207
54 90 258
81 98 88
95 140 115
105 132 196
115 160 273
145 192 156
146 154 80
158 179 1
179 201 150
184 212 183
190 228 39
211 223 168
229 247 186
256 259 80
273 280 131
294 333 252
295 339 146
303 337 166
328 371 70
328 378 71
330 354 53
356 363 21
380 414 293
381 422 1
403 415 70
422 428 106
445 459 81
465 491 268
479 510 232
508 509 244
529 551 171
557 590 191
578 583 54
592 620 137
592 608 235
617 622 294
641 676 25
662 707 273
683 687 122
700 719 62
704 722 254
723 744 141
739 789 268
769 782 6
785 789 213
786 823 291
797 808 55
815 823 89
836 861 61
838 875 103
841 888 232
855 861 281
869 887 222
895 935 265
896 929 159
919 929 187
927 954 5
946 955 69
950 988 66
958 1008 102
974 1012 103
995 1008 266
1000 1019 219
1004 1051 56
1006 1026 86
1007 1020 257
