70
16 45 160
43 89 132
47 62 144
66 72 211
82 89 253
84 133 130
105 129 152
108 115 93
116 133 278
135 153 17
164 190 162
167 211 160
175 220 222
185 226 69
198 232 159
210 238 202
213 229 141
236 261 180
249 289 182
267 297 271
285 331 142
293 330 53
297 309 168
322 366 191
343 371 180
368 404 66
375 381 25
394 424 254
410 449 108
412 460 178
423 451 11
443 457 238
472 486 97
483 503 25
506 529 89
514 527 98
522 542 166
523 548 93
533 535 205
563 581 33
591 610 190
592 597 26
601 646 175
604 631 47
625 675 137
653 659 172
661 701 189
690 704 264
713 723 92
739 749 175
759 774 268
775 792 42
791 810 235
794 812 270
808 829 128
814 858 108
836 886 207
863 870 15
884 906 192
892 923 90
919 928 159
932 971 33
954 959 151
960 966 215
984 1005 100
985 1011 63
990 992 160
1016 1060 137
1025 1033 126
1032 1065 268
