70
14 58 73
38 64 171
64 107 125
76 93 231
97 108 44
125 149 82
154 200 97
164 170 32
193 202 112
223 228 93
226 249 232
252 296 230
264 271 154
267 293 234
268 307 21
276 293 141
285 297 224
297 299 256
307 308 55
323 368 241
345 346 159
356 385 98
367 389 283
377 411 22
402 443 9
411 445 131
413 448 299
425 444 217
440 468 273
440 445 46
461 494 286
487 499 298
491 494 107
495 530 107
499 534 283
526 531 8
531 548 282
561 580 16
588 631 191
595 632 22
615 664 101
639 684 206
668 704 209
696 719 143
703 739 163
720 746 217
732 757 94
740 750 2
742 788 81
751 767 104
759 782 76
779 821 146
797 811 161
827 846 175
838 868 223
861 898 59
868 888 101
886 892 96
890 922 66
914 952 237
933 957 271
937 944 184
939 960 262
939 958 26
946 991 84
964 973 77
993 1006 205
1017 1058 160
1040 1079 78
1066 1068 46
