70
27 48 104
46 73 288
57 106 237
85 119 32
93 125 88
111 154 200
134 183 24
163 206 257
170 193 206
180 189 277
192 226 281
213 236 82
222 223 74
244 293 102
274 309 145
300 343 295
308 353 92
333 344 278
348 362 233
358 375 190
370 408 171
383 389 175
395 442 296
416 423 12
419 437 63
447 467 129
455 489 3
471 500 116
490 502 128
510 554 67
524 540 50
549 551 130
563 576 222
573 609 65
590 597 127
614 654 300
614 658 246
642 660 9
664 672 297
679 718 183
688 703 49
712 744 246
715 724 250
729 770 254
752 790 243
775 823 270
796 818 143
824 870 34
843 880 2
868 870 190
875 923 197
887 908 239
904 937 204
932 945 19
954 977 152
959 985 102
984 995 28
985 1005 213
985 1024 85
993 1022 102
1019 1052 12
1043 1089 203
1053 1093 5
1054 1095 60
1060 1104 144
1068 1102 65
1082 1121 245
1082 1122 156
1089 1109 211
1103 1132 157
