70
5 19 58
31 60 271
40 47 51
45 61 282
62 86 52
71 112 287
83 109 184
105 123 243
135 184 164
136 160 49
158 205 77
180 184 96
185 215 202
194 215 211
216 243 238
224 241 270
241 278 34
246 293 68
268 272 131
272 293 30
272 277 65
281 312 86
297 321 121
303 348 235
315 346 210
329 332 25
346 396 89
360 397 295
365 407 191
370 419 289
395 440 253
423 458 171
439 466 245
441 457 73
446 482 34
461 467 284
476 490 101
480 492 165
493 514 68
496 533 77
497 542 64
514 530 147
536 571 15
553 580 143
570 615 244
574 612 33
595 614 27
610 629 118
629 669 196
637 646 57
651 679 283
675 725 50
679 716 71
679 713 142
690 702 132
718 751 187
745 794 163
766 773 4
780 799 113
798 802 116
825 853 59
845 893 101
868 892 73
891 932 10
892 926 134
901 932 184
919 954 6
946 972 169
964 997 171
975 1012 188
