70
23 56 177
52 62 119
52 94 266
80 102 23
86 128 241
105 150 192
132 141 102
138 167 177
141 146 75
156 205 162
165 169 17
175 187 40
189 200 286
192 236 248
193 235 258
198 202 12
198 204 197
205 214 151
222 234 270
250 293 95
257 281 82
277 312 298
296 310 40
298 310 124
318 339 97
345 392 276
364 374 289
364 367 252
370 386 217
374 389 64
384 411 122
401 408 36
424 437 52
439 444 31
462 505 217
483 532 52
501 518 111
515 563 175
533 561 128
553 563 215
567 608 107
584 633 160
605 629 198
632 642 141
659 677 227
685 726 22
712 717 125
727 775 38
750 780 271
754 756 38
766 776 257
774 804 235
800 840 265
822 829 194
825 872 262
828 866 6
833 842 76
847 896 283
862 884 187
887 902 235
915 947 210
943 963 285
967 1010 61
986 996 142
1009 1055 194
1020 1037 205
1028 1060 214
1053 1065 172
1057 1065 34
1075 1077 268
