70
3 13 288
3 20 174
11 46 93
30 43 212
49 69 285
77 100 164
93 126 20
116 127 51
131 156 182
154 198 19
163 205 114
193 214 60
221 266 115
249 297 104
271 287 158
296 335 54
306 318 50
334 335 97
338 377 50
358 365 272
362 367 85
380 430 10
404 408 58
419 436 272
449 463 169
460 470 4
470 498 201
490 525 300
513 530 46
527 531 10
528 547 1
529 552 114
544 575 287
554 604 291
582 612 114
591 604 81
619 644 103
639 674 222
667 716 195
669 693 237
699 731 183
727 746 294
752 797 265
762 791 69
785 824 164
801 819 59
806 853 179
833 836 111
842 843 173
867 879 55
881 893 204
902 935 19
916 946 7
945 966 107
975 988 9
1000 1028 202
1014 1027 187
1035 1036 70
1054 1079 150
1078 1098 218
1095 1116 199
1120 1147 45
1146 1186 107
1149 1180 25
1174 1220 218
1193 1208 237
1201 1228 89
1216 1260 206
1232 1242 161
1255 1305 72
