70
6 7 145
9 32 160
20 70 294
27 50 247
30 75 198
38 85 141
38 82 239
48 61 145
67 106 227
83 91 42
111 150 47
123 170 223
126 161 142
133 138 96
160 195 245
173 187 25
203 209 109
226 250 220
243 285 203
266 289 78
291 304 227
293 298 230
302 308 87
328 368 68
344 362 216
357 375 81
369 379 254
374 388 207
391 439 278
412 457 277
435 481 114
436 469 89
462 482 231
476 492 300
506 513 254
531 565 98
538 587 197
561 576 53
572 584 115
588 626 104
611 657 200
631 650 231
639 643 188
656 691 188
679 724 20
705 729 212
712 719 300
725 751 149
752 763 93
770 784 62
800 819 133
811 816 142
826 833 268
848 858 163
874 879 231
902 952 65
915 952 229
932 956 58
940 953 27
949 993 14
976 1011 94
990 1031 25
1014 1015 288
1031 1048 87
1045 1054 196
1049 1075 247
1072 1083 87
1081 1109 52
1098 1111 297
1106 1131 239
