70
22 34 30
39 79 34
39 41 288
50 82 249
73 78 201
92 142 246
113 130 180
121 164 205
127 131 143
137 154 289
158 179 89
182 210 207
190 239 270
219 228 80
236 274 288
240 245 48
251 264 112
257 293 296
263 306 66
269 307 147
289 331 19
297 306 47
320 326 219
328 376 277
353 395 183
369 408 34
387 423 183
412 444 204
439 452 83
448 477 31
451 479 68
463 500 110
474 510 214
487 523 253
489 493 123
516 537 133
516 552 190
526 529 277
542 560 180
570 571 129
600 642 16
617 655 95
621 627 29
625 645 291
655 673 4
676 712 75
678 713 292
681 731 20
707 731 56
717 761 285
740 756 257
745 773 186
759 768 290
763 792 37
764 786 61
788 794 213
798 822 188
812 830 256
828 872 23
846 848 70
866 873 279
880 899 69
902 938 259
927 960 282
950 1000 224
974 1002 299
985 1001 278
997 1035 199
1004 1028 93
1007 1053 27
