70
29 77 234
41 44 121
63 99 26
83 108 293
112 138 218
133 165 290
159 195 159
160 167 201
190 220 131
192 203 139
217 226 174
225 259 186
226 233 203
247 278 109
256 284 124
258 261 32
286 325 52
292 309 270
308 338 233
313 325 51
320 369 215
323 350 122
332 336 266
332 351 35
348 377 19
362 402 101
368 403 233
392 418 21
418 452 269
444 449 76
446 488 165
476 487 8
502 539 294
504 523 216
529 564 129
545 571 216
549 587 157
554 581 12
560 610 154
569 596 53
573 600 260
582 595 158
588 617 7
593 623 172
603 625 4
607 640 260
636 670 159
644 645 77
660 661 101
673 719 67
701 709 114
731 745 113
749 754 187
750 755 38
772 777 189
775 783 7
787 831 8
803 813 265
810 845 144
820 861 187
837 866 192
853 884 150
879 908 200
904 944 29
913 921 185
917 926 173
942 978 245
966 984 125
966 1001 16
995 1030 245
