70
13 34 176
37 58 149
41 67 43
44 47 265
47 71 38
74 96 155
91 123 224
114 128 187
139 174 10
149 178 209
167 176 105
192 237 186
197 237 271
208 211 205
224 246 167
232 262 57
255 265 222
271 311 155
288 334 80
315 353 79
331 371 224
356 394 289
377 411 167
396 406 193
421 467 19
448 480 194
454 490 66
454 487 95
460 468 133
461 486 92
480 493 65
510 555 102
516 540 275
542 567 249
544 559 90
562 606 90
586 595 51
614 629 252
636 646 218
664 669 17
664 703 157
664 709 69
686 697 101
694 732 93
717 764 185
739 743 221
741 763 288
754 760 286
764 772 39
774 798 231
790 823 50
818 837 289
843 864 49
866 894 252
872 919 105
873 885 130
896 937 69
919 944 102
946 948 205
962 971 249
987 1020 237
1011 1015 214
1021 1055 163
1026 1061 176
1038 1059 205
1052 1081 292
1070 1084 159
1082 1092 165
1089 1132 103
1093 1116 174
