70
9 52 215
34 51 238
54 78 129
58 108 254
63 85 131
85 98 289
94 107 263
122 130 224
134 166 163
154 159 91
156 181 234
171 209 172
195 230 217
217 238 208
219 252 122
226 236 286
232 236 218
245 255 66
263 269 114
267 289 170
291 328 113
295 341 285
320 336 13
327 349 299
348 378 52
351 393 123
359 403 193
366 399 184
376 391 227
382 400 289
383 387 94
399 408 1
406 424 237
422 456 295
423 425 143
448 465 228
449 461 248
466 508 249
473 511 256
503 527 275
520 561 150
544 579 167
557 596 169
575 582 253
600 612 269
620 630 264
650 696 235
679 697 295
693 722 48
720 722 26
726 728 237
726 755 20
734 769 165
740 787 124
760 771 134
780 795 93
784 816 256
808 848 84
832 872 220
839 854 149
845 851 179
868 883 61
879 923 286
885 930 172
912 958 147
917 931 264
944 965 234
950 983 147
957 990 272
971 1002 290
