70
13 40 238
35 56 140
55 84 122
82 87 199
87 104 88
91 120 141
93 119 25
98 147 245
121 130 63
141 181 206
163 197 176
176 195 20
190 197 196
191 240 210
205 211 203
222 244 100
233 257 188
262 294 185
278 327 37
308 321 76
322 323 172
331 374 203
352 390 234
365 378 72
386 431 293
414 443 46
415 456 2
437 472 60
451 480 186
452 477 103
482 491 142
488 489 33
491 492 17
516 557 149
530 534 244
535 544 224
543 585 186
544 562 145
546 580 170
570 619 189
577 610 77
591 631 180
592 601 288
622 661 290
625 626 248
648 659 279
664 675 103
684 725 225
695 702 96
701 721 267
718 724 102
719 738 273
737 783 115
744 747 82
773 797 196
800 807 281
811 858 198
839 885 127
839 885 298
859 893 127
875 895 6
899 922 99
918 942 259
933 983 128
961 999 74
977 986 179
1007 1046 19
1017 1019 243
1031 1053 63
1042 1087 233
