70
15 60 34
43 65 15
62 104 136
71 100 65
91 136 244
107 116 199
137 145 182
148 195 189
152 174 242
161 171 143
179 200 132
191 205 108
200 228 123
200 222 230
220 268 96
230 244 143
257 303 153
282 291 95
286 335 119
309 336 232
325 348 150
355 397 53
362 406 86
385 405 150
411 425 267
420 439 18
424 434 190
448 498 252
472 483 27
478 500 282
491 495 240
501 549 110
504 506 254
505 545 58
509 542 183
534 544 88
561 568 233
577 622 274
595 639 4
616 623 20
635 656 277
665 691 15
694 716 111
723 754 44
740 765 77
754 774 71
756 760 117
768 794 192
772 818 77
777 827 232
796 827 62
819 852 234
843 846 299
859 885 271
865 873 58
873 887 176
876 878 233
890 900 221
900 925 244
918 937 135
948 985 223
972 1017 247
996 1005 64
996 1017 172
1003 1021 171
1014 1024 214
1029 1063 6
1039 1062 133
1047 1050 13
1064 1084 281
