70
24 39 299
46 56 144
76 90 164
91 98 8
102 109 193
113 160 10
141 180 295
171 215 169
175 189 108
191 200 142
194 206 162
214 218 269
238 267 249
244 259 104
269 290 279
286 297 227
295 317 259
296 345 48
322 360 249
336 361 152
351 396 23
362 366 114
367 407 58
389 403 100
394 418 299
415 465 154
427 472 103
442 471 185
463 503 117
479 522 172
502 507 223
511 532 100
531 557 77
546 563 263
572 601 198
595 640 215
612 630 151
629 645 268
650 657 204
658 686 182
658 677 22
673 698 120
686 725 174
712 759 7
721 737 202
728 738 192
747 782 260
754 798 244
765 782 101
783 832 58
794 843 49
820 864 11
847 884 100
854 904 48
884 893 25
914 951 51
923 961 248
938 947 29
950 975 81
954 990 41
977 988 300
996 1045 35
1014 1056 38
1040 1052 280
1040 1079 192
1041 1052 12
1069 1088 96
1093 1123 16
1106 1154 169
1117 1160 96
