70
22 23 69
52 90 131
77 107 232
100 107 35
122 167 130
131 145 27
151 188 6
159 200 227
166 173 82
182 215 187
209 242 208
226 263 35
236 248 19
249 264 90
265 279 232
269 293 80
278 324 275
294 302 56
298 329 177
304 314 153
311 341 67
341 348 173
358 403 110
358 379 124
376 395 285
400 446 271
421 470 129
433 475 259
449 470 228
466 481 229
473 481 200
482 530 82
491 528 115
507 552 19
507 511 250
524 561 228
529 566 123
558 566 60
587 616 121
591 630 165
597 644 273
602 607 26
606 655 105
636 642 257
659 674 213
668 673 177
697 715 24
700 730 111
721 765 114
751 779 172
768 794 210
770 810 208
784 816 112
808 853 165
835 872 82
855 894 14
869 884 67
899 933 199
904 935 42
920 960 25
948 990 233
953 1002 231
980 1028 52
1008 1036 97
1021 1048 37
1042 1046 184
1060 1083 65
1072 1115 95
1083 1096 48
1083 1111 300
