70
20 58 269
46 90 212
47 92 282
56 88 32
61 104 244
62 81 155
73 98 1
77 101 139
94 126 169
120 144 232
141 154 93
164 166 64
184 217 185
212 235 173
242 266 223
253 269 140
266 279 224
293 316 4
321 348 79
340 356 45
343 362 282
352 400 54
353 359 143
362 399 132
366 393 77
396 406 209
397 436 107
420 434 85
420 454 1
429 459 270
457 470 121
486 514 152
498 546 108
520 542 178
531 536 38
553 601 169
556 563 219
584 609 133
592 629 178
620 625 68
626 664 193
635 661 189
657 701 20
682 686 183
684 685 127
702 726 193
719 739 185
740 779 54
751 754 66
771 802 213
792 828 5
803 823 279
832 878 220
852 867 178
874 878 32
877 886 108
899 902 144
918 920 228
943 956 269
951 957 9
969 971 67
975 1002 188
987 1026 208
1016 1031 168
1028 1046 27
1028 1034 44
1050 1082 116
1075 1093 17
1087 1118 2
1096 1133 262
