70
27 47 35
30 69 290
55 80 74
80 130 243
81 88 88
100 102 185
118 126 180
135 178 145
151 154 149
161 195 207
186 208 273
204 234 228
225 243 179
255 263 197
269 315 199
297 306 89
321 339 288
333 358 287
339 361 185
360 372 281
379 397 178
402 424 115
412 439 167
414 437 75
425 455 202
431 467 272
456 499 201
471 472 212
491 537 144
508 520 272
508 557 87
517 536 4
525 540 59
541 559 166
551 569 90
581 618 252
581 614 131
611 616 299
620 663 218
626 658 133
640 678 66
656 701 93
686 716 214
701 703 282
712 717 104
742 758 58
745 755 53
770 816 164
777 798 28
789 802 204
794 823 141
807 856 243
812 846 233
817 855 24
831 857 86
835 870 97
861 866 293
875 882 66
896 902 253
906 933 241
912 954 228
938 939 300
968 1012 26
988 1012 229
1013 1015 142
1034 1059 221
1040 1076 155
1041 1043 1
1052 1079 206
1057 1073 73
