70
16 53 56
16 47 152
39 53 103
49 84 127
62 94 226
66 73 257
73 123 13
80 91 166
86 113 114
109 159 82
139 150 111
144 173 279
146 196 137
150 178 40
156 176 297
184 217 116
201 240 286
215 243 32
215 246 272
235 268 163
246 287 231
264 298 285
285 313 299
307 322 60
329 360 246
335 343 9
341 376 216
344 392 227
346 365 87
347 396 114
373 399 219
390 431 68
392 436 237
403 431 198
412 449 177
416 437 83
431 479 265
446 465 185
468 509 163
475 482 209
501 529 87
504 516 260
534 566 89
561 563 225
564 591 145
582 583 132
609 659 88
612 615 134
630 657 209
632 642 257
638 654 215
649 653 134
677 707 32
678 687 63
679 686 226
689 716 163
693 722 40
697 728 176
720 721 121
735 741 138
737 783 168
755 770 173
758 761 70
778 786 275
786 821 61
813 837 258
818 864 234
837 875 72
848 894 65
863 903 108
