70
27 68 162
29 66 287
45 49 190
75 111 69
100 135 172
116 134 277
126 165 224
140 181 164
156 191 207
180 182 110
204 213 177
207 213 79
228 277 97
245 275 273
254 295 200
266 268 49
291 335 79
309 330 177
321 360 66
326 335 222
340 378 99
351 371 215
370 391 38
383 416 243
384 386 188
393 428 180
398 445 203
413 425 104
436 439 168
438 488 171
450 479 290
458 467 53
469 512 116
472 473 50
498 518 170
524 546 77
536 543 229
562 591 222
570 614 241
575 623 254
589 607 46
600 629 256
604 631 36
617 639 55
624 640 45
652 672 232
654 684 113
674 698 274
685 695 83
699 733 64
701 723 60
702 720 204
729 732 131
732 752 2
744 751 43
754 769 238
772 822 214
777 812 23
779 809 6
809 817 183
833 849 234
863 876 25
887 896 40
902 923 25
921 945 122
931 949 73
937 971 214
959 981 273
987 1028 240
1012 1035 70
