80
17 24 220
38 71 228
39 52 286
54 100 299
73 113 168
99 141 30
103 132 124
133 155 258
133 159 162
137 181 135
144 175 297
148 157 42
154 193 228
162 210 178
169 190 293
183 196 242
199 238 201
211 233 136
236 259 251
266 301 73
270 305 28
280 284 182
300 344 247
320 327 267
327 376 107
328 331 11
352 396 246
365 387 152
378 406 241
403 410 66
429 460 152
455 471 56
477 478 239
500 518 140
530 567 119
545 590 216
557 590 175
575 611 76
577 589 283
581 613 12
603 607 67
611 651 71
620 640 47
647 659 274
672 704 191
694 716 296
709 710 223
710 726 224
726 760 154
745 759 202
770 808 41
778 795 107
797 822 57
826 838 294
854 891 80
854 881 15
862 886 255
892 928 20
911 957 265
913 948 84
941 950 53
965 984 174
987 989 34
1000 1032 18
1022 1031 167
1044 1061 185
1045 1054 208
1057 1082 262
1083 1106 197
1085 1131 268
1115 1121 109
1126 1174 71
1128 1135 3
1148 1182 75
1177 1217 238
1195 1200 109
1198 1245 2
1210 1239 175
1233 1253 272
1247 1273 239
