80
22 43 71
49 55 183
77 109 215
104 121 207
106 141 19
121 127 17
145 167 292
166 169 84
192 197 12
201 241 258
231 269 74
240 271 287
255 290 272
278 281 145
288 308 150
310 311 251
321 344 95
324 370 275
343 388 251
371 407 49
391 422 149
418 428 111
418 451 281
427 429 263
452 460 211
457 459 157
468 498 188
474 491 279
488 510 244
501 527 171
524 532 155
532 537 75
556 602 75
579 581 177
592 618 230
615 643 223
628 631 67
641 690 115
661 708 151
666 669 210
668 713 126
688 717 207
688 697 76
700 735 6
708 743 64
725 730 37
743 791 43
747 788 64
775 802 55
780 793 281
807 831 35
819 822 16
823 835 101
823 864 232
837 851 202
837 843 257
854 884 177
867 883 80
895 943 48
896 930 27
910 921 223
930 934 244
943 978 115
944 949 290
957 1007 138
962 1011 223
971 1017 300
979 995 179
982 986 223
1001 1042 131
1026 1035 75
1030 1040 132
1056 1070 223
1083 1103 145
1111 1138 111
1136 1137 187
1157 1199 195
1185 1213 82
1196 1219 283
1220 1249 170
