80
3 15 87
4 36 144
30 34 284
48 72 230
77 97 208
77 86 169
83 120 19
112 160 10
139 155 20
146 196 238
165 188 117
168 217 23
178 211 137
203 244 135
208 221 49
227 254 164
240 278 17
249 280 252
259 304 13
286 291 8
299 328 134
319 326 87
340 360 138
366 386 148
391 402 197
395 433 206
412 447 70
415 422 182
416 451 122
431 434 224
457 471 167
483 509 138
511 529 146
525 568 140
537 551 163
565 608 240
574 594 289
603 648 253
623 652 179
650 698 170
665 675 186
691 713 279
719 735 13
740 782 289
770 777 93
793 806 138
813 829 223
822 832 272
838 865 67
852 886 288
875 883 244
902 952 55
922 951 89
937 970 164
967 972 297
995 1041 252
998 1009 118
1020 1048 115
1042 1056 191
1048 1091 122
1072 1097 239
1087 1134 237
1091 1106 31
1116 1140 8
1119 1144 140
1129 1141 193
1150 1157 9
1169 1192 247
1193 1194 263
1222 1228 271
1238 1258 163
1238 1267 242
1248 1249 85
1270 1274 207
1272 1320 52
1282 1321 255
1307 1324 195
1323 1368 103
1346 1376 128
1362 1377 66
