80
24 72 162
28 31 99
32 68 211
57 69 287
58 68 261
84 85 216
109 127 25
132 139 117
156 167 51
158 163 140
178 219 125
182 200 203
192 209 108
192 203 65
215 232 235
239 269 154
268 277 193
284 318 40
298 303 256
323 340 103
324 339 210
332 379 152
335 351 293
364 384 240
390 404 266
395 436 170
408 458 223
423 424 86
430 439 159
436 462 17
445 446 235
467 504 186
489 490 164
492 542 17
503 528 21
505 535 145
524 554 257
529 541 216
539 553 298
551 577 140
557 581 294
587 629 44
610 627 10
631 677 58
648 689 1
654 670 252
656 659 108
660 674 3
682 719 172
709 738 186
716 731 175
718 720 156
741 744 4
758 760 283
783 823 277
783 818 221
813 863 8
814 821 164
837 887 280
837 884 288
843 857 106
861 907 297
886 905 15
892 910 124
912 923 136
920 934 191
943 946 256
952 985 135
956 989 59
985 987 69
1007 1010 203
1037 1061 70
1043 1076 90
1054 1060 117
1082 1086 57
1107 1144 11
1120 1168 298
1122 1138 281
1125 1166 108
1146 1193 35
