80
25 64 215
25 67 40
50 69 170
68 118 19
72 98 211
79 127 104
93 104 131
93 137 259
103 123 29
104 122 116
109 116 232
126 174 170
130 151 23
144 178 291
169 177 77
181 224 50
185 203 211
198 247 268
214 248 11
236 249 93
250 294 40
258 264 103
288 337 82
308 332 280
316 349 276
322 337 296
349 369 156
358 387 40
377 416 40
380 400 81
381 431 62
387 395 235
409 437 272
432 461 133
434 444 154
443 472 166
472 483 169
479 485 212
502 544 92
518 539 5
531 545 5
537 585 129
565 602 164
590 614 106
606 611 272
621 667 25
636 683 142
640 646 17
647 690 256
656 697 250
657 663 74
667 702 229
692 728 151
699 706 156
722 758 295
722 754 104
730 779 292
747 790 33
767 768 12
787 809 133
801 832 220
826 867 98
837 886 230
858 887 171
884 890 164
913 960 157
928 943 80
937 940 198
947 975 218
958 989 39
986 989 14
1000 1037 265
1004 1005 169
1025 1040 112
1040 1042 236
1054 1059 30
1069 1091 5
1099 1106 292
1108 1120 87
1126 1138 51
