80
3 36 194
28 52 106
49 66 229
49 83 110
56 58 99
57 85 97
57 102 216
68 94 53
97 116 224
127 168 136
130 169 258
160 164 290
170 213 176
192 194 261
203 253 29
223 268 294
228 271 60
250 266 70
256 306 262
268 282 296
291 292 41
312 340 49
312 334 37
337 348 280
359 392 90
377 393 211
387 410 82
399 444 244
426 454 273
426 436 16
438 442 71
462 509 51
470 518 99
479 511 156
491 523 213
517 564 192
537 559 77
552 560 250
563 591 28
586 612 144
603 621 70
627 671 206
645 653 73
661 677 122
667 690 212
693 704 216
693 695 212
704 713 196
722 750 104
738 783 83
744 770 44
756 785 233
763 804 132
786 804 220
799 825 133
813 838 265
840 880 265
855 876 262
857 885 260
871 913 10
881 905 19
897 944 161
899 915 47
921 929 216
950 996 129
965 1014 38
987 1036 180
1010 1038 268
1014 1021 99
1018 1055 27
1029 1040 108
1058 1101 1
1061 1084 40
1067 1091 132
1075 1086 2
1098 1119 145
1123 1169 241
1136 1139 249
1153 1165 5
1157 1172 83
