80
1 20 36
4 17 284
5 46 91
16 51 268
40 81 287
54 78 163
61 99 176
62 102 90
73 84 112
75 96 122
105 110 86
107 140 191
121 125 111
135 155 105
163 206 163
163 213 152
169 177 166
190 220 19
213 230 218
215 242 215
223 228 186
253 280 170
254 298 31
256 304 153
271 312 294
299 342 251
300 332 135
302 336 150
316 337 181
329 368 258
330 374 165
354 374 149
375 381 278
386 436 147
406 451 119
413 417 70
414 423 33
436 469 123
461 466 80
488 536 7
516 566 266
528 536 157
529 551 244
558 588 146
586 612 82
596 610 277
602 611 278
611 636 180
622 667 287
635 653 61
644 646 16
647 671 222
647 687 164
649 662 187
670 692 49
693 722 136
693 736 152
697 703 49
726 755 6
756 758 178
762 809 103
782 811 21
785 794 206
813 835 121
821 871 83
848 894 148
856 870 142
872 902 170
876 922 172
885 890 72
899 915 247
914 954 135
933 971 129
933 970 29
957 982 42
961 999 120
983 990 11
1006 1029 182
1027 1047 268
1044 1071 41
