80
23 46 297
28 32 128
44 64 250
51 68 260
60 107 218
66 87 77
93 111 196
108 128 120
115 134 245
130 155 19
154 172 262
183 230 290
207 213 130
227 254 172
254 302 165
272 273 256
279 294 115
290 292 175
294 326 281
323 357 217
339 384 36
362 403 6
382 402 133
404 421 246
418 456 140
423 424 162
452 502 86
460 470 158
484 527 231
513 541 181
526 574 13
553 603 137
563 569 45
588 615 147
612 621 84
617 632 63
623 635 188
653 660 256
656 675 126
656 676 113
676 704 79
700 739 147
715 742 29
727 731 28
728 734 123
753 786 41
778 791 214
800 845 79
808 814 247
821 862 232
851 889 186
875 880 132
887 914 98
887 889 254
915 916 180
926 964 251
929 972 22
949 990 251
979 996 90
988 1009 273
1015 1043 182
1026 1027 176
1050 1094 129
1056 1073 102
1077 1105 216
1102 1112 247
1113 1160 203
1131 1156 205
1139 1163 175
1167 1176 18
1176 1184 115
1188 1194 198
1216 1245 160
1226 1275 1
1247 1248 102
1274 1321 233
1287 1297 206
1317 1332 297
1319 1331 262
1323 1328 51
