80
14 35 258
30 50 97
46 80 292
57 72 151
63 97 12
72 89 91
78 126 275
104 118 233
130 158 82
137 173 276
151 197 96
181 200 251
205 226 60
227 245 125
227 237 225
239 241 284
253 269 89
282 308 84
299 318 234
326 331 170
339 343 101
366 380 44
371 392 65
382 396 176
386 432 177
391 436 122
398 431 119
405 423 37
431 472 131
432 455 228
435 476 195
442 451 161
446 484 201
457 503 261
458 503 239
465 484 203
486 496 245
499 513 165
502 532 108
522 559 279
545 574 233
560 604 224
560 597 264
579 618 253
604 632 71
629 643 126
640 645 72
647 651 69
669 713 49
672 721 8
696 719 168
720 733 74
729 751 76
755 769 53
763 811 76
769 803 116
773 819 290
788 832 186
797 804 218
807 831 118
824 855 187
833 868 173
837 877 244
862 912 77
881 893 61
906 933 96
923 924 53
951 978 12
954 995 214
968 982 244
984 1006 218
993 1014 24
1018 1035 192
1032 1057 219
1033 1062 21
1048 1094 106
1065 1091 1
1092 1119 40
1119 1155 23
1122 1155 91
