80
23 71 187
37 50 158
56 102 73
69 81 245
76 116 179
94 121 161
116 130 1
119 125 283
125 149 33
154 192 106
161 196 11
191 228 218
192 225 215
215 222 163
243 289 234
263 276 144
264 305 210
264 266 29
272 287 279
284 291 217
311 361 195
334 361 246
348 393 75
374 398 83
397 408 2
408 432 213
428 452 96
435 468 78
443 488 211
468 488 261
469 496 109
477 507 206
504 520 142
525 552 123
537 541 124
557 574 281
585 635 244
606 641 88
621 623 205
651 675 9
668 673 136
668 676 17
693 709 261
704 726 34
710 730 104
737 785 117
748 775 84
758 807 246
765 786 128
783 824 80
797 844 289
813 859 240
813 854 149
839 857 56
839 860 68
844 887 9
867 904 206
878 925 135
881 919 199
885 897 18
885 906 142
907 931 213
936 974 282
938 955 55
941 948 69
942 953 222
948 997 119
948 959 97
977 1020 45
1003 1045 190
1018 1025 215
1026 1055 187
1040 1047 217
1050 1067 238
1065 1114 143
1090 1110 291
1118 1165 35
1144 1162 211
1168 1202 136
1196 1213 11
