80
21 68 243
32 39 157
33 44 228
39 57 123
62 78 180
63 65 86
86 120 126
102 141 159
131 169 55
150 197 19
166 174 31
190 191 203
199 225 260
219 266 78
232 252 168
236 284 27
241 246 143
265 293 264
287 288 162
314 330 283
331 378 254
341 365 120
343 383 243
370 393 202
386 432 173
410 434 274
418 448 105
439 474 50
451 480 6
479 483 281
500 532 53
505 546 87
513 521 91
533 539 260
563 565 182
576 583 184
587 636 98
595 634 161
603 614 87
615 658 266
645 666 74
670 698 243
674 695 268
693 699 122
715 737 79
731 766 235
759 763 88
784 818 176
810 818 7
818 847 268
820 830 76
824 826 67
852 869 177
882 913 288
889 903 73
908 932 295
911 948 166
920 962 74
945 974 287
961 983 269
986 991 107
987 1010 46
990 1016 21
999 1008 201
1008 1027 83
1010 1016 46
1018 1039 276
1018 1062 56
1024 1030 11
1053 1102 100
1073 1103 247
1090 1117 162
1093 1101 284
1123 1168 216
1138 1160 139
1166 1174 190
1176 1219 202
1194 1197 3
1211 1225 90
1217 1266 141
