80
0 17 272
15 40 173
22 44 95
37 68 75
61 80 197
67 94 147
94 107 256
104 131 257
128 163 40
148 198 142
162 178 125
163 192 226
177 213 292
196 220 211
224 246 28
226 253 212
238 248 149
244 246 260
273 305 39
283 290 27
286 298 253
296 298 60
324 367 172
339 389 250
369 370 51
394 415 207
405 422 124
427 473 246
436 479 257
455 484 153
470 482 63
486 513 51
509 552 91
509 547 38
522 527 279
546 585 118
561 592 217
572 617 168
596 611 212
602 615 71
617 627 149
635 655 246
649 693 108
657 659 283
684 685 174
701 722 274
701 703 231
723 772 212
747 770 26
761 762 140
763 795 82
778 789 300
797 823 63
811 827 67
839 870 156
857 868 180
869 873 194
896 915 99
897 924 40
920 938 190
950 980 127
957 964 18
984 993 266
999 1000 99
1026 1053 80
1050 1096 207
1068 1081 171
1080 1101 121
1091 1097 81
1107 1137 24
1113 1147 162
1138 1141 253
1163 1191 116
1184 1193 202
1194 1236 41
1220 1241 201
1231 1276 107
1245 1284 112
1256 1299 262
1285 1322 48
