80
27 74 189
27 48 270
28 46 89
44 73 191
58 80 286
60 85 211
75 81 15
92 116 153
111 161 269
135 172 227
164 170 267
184 202 99
208 212 141
216 217 150
242 252 168
243 245 222
245 293 244
273 283 46
292 337 297
301 329 79
329 363 224
329 376 6
335 351 84
335 361 271
353 380 237
354 388 191
359 371 222
382 408 254
388 421 104
389 428 244
402 439 300
422 469 144
451 497 129
461 485 133
484 510 268
508 510 139
530 579 294
555 601 152
561 574 65
581 614 44
593 629 277
601 603 108
616 653 18
645 650 46
657 673 105
657 666 133
687 697 21
710 727 240
734 749 282
756 783 65
765 800 159
794 812 87
808 842 21
820 865 233
846 873 88
851 863 50
874 920 141
897 920 15
909 914 95
935 966 232
961 984 131
961 1003 129
974 1024 94
978 1017 146
989 1011 176
1008 1040 199
1038 1062 141
1060 1081 164
1072 1074 144
1096 1146 14
1117 1137 192
1143 1173 202
1149 1157 261
1177 1197 112
1180 1201 25
1198 1216 120
1225 1231 33
1235 1250 14
1246 1277 241
1247 1276 83
