80
27 39 275
57 85 60
60 108 79
62 109 231
74 107 39
103 142 148
132 180 281
161 172 105
182 199 9
199 212 292
212 234 90
233 275 223
240 278 163
258 298 230
282 303 77
284 291 68
294 344 146
309 333 2
318 342 122
336 357 31
355 390 28
360 376 293
385 387 51
414 451 283
436 470 21
463 492 72
463 494 141
487 500 108
498 524 298
504 543 181
528 530 75
530 577 248
550 600 21
565 569 87
584 608 17
584 615 300
605 637 228
615 646 157
639 680 274
644 672 160
652 666 84
662 687 165
680 703 12
691 711 20
720 766 253
749 775 53
771 814 193
774 811 231
788 816 115
805 844 18
815 832 250
820 859 267
824 842 169
831 844 198
846 872 206
864 895 163
892 931 192
920 960 262
928 972 266
947 952 73
975 998 107
987 998 235
1015 1033 55
1043 1053 165
1069 1110 185
1096 1133 138
1103 1138 219
1110 1140 173
1134 1184 240
1139 1142 76
1162 1194 186
1190 1197 61
1215 1247 161
1230 1253 259
1235 1249 38
1235 1250 61
1252 1257 131
1269 1278 125
1282 1302 216
1304 1329 118
