80
3 8 146
28 69 290
56 57 97
85 92 142
98 136 294
128 149 290
156 166 75
173 187 228
195 243 245
225 267 48
235 244 242
238 261 225
245 259 59
269 279 294
288 311 54
300 311 165
319 367 153
325 352 235
353 367 98
361 387 216
367 397 226
397 407 21
416 430 216
417 461 290
440 442 135
443 480 1
472 485 81
488 498 94
511 560 83
529 549 250
557 566 94
561 611 68
570 593 150
580 582 139
596 616 56
624 630 133
629 637 266
645 665 242
653 670 189
676 694 239
706 712 61
719 748 262
749 762 112
763 778 72
767 780 2
770 812 132
780 795 249
785 801 69
798 819 144
826 843 18
836 856 69
838 852 52
868 879 53
887 899 56
908 913 139
912 942 259
927 931 192
942 973 111
952 965 116
974 1010 214
989 1007 242
999 1049 281
1004 1047 144
1024 1070 79
1038 1070 75
1049 1088 210
1053 1075 170
1067 1081 55
1070 1102 57
1089 1092 81
1112 1142 2
1120 1143 57
1140 1155 180
1163 1170 32
1169 1177 282
1181 1217 30
1193 1224 37
1203 1238 82
1232 1249 139
1259 1308 122
