80
8 23 138
12 62 245
15 51 203
40 68 177
58 90 90
84 114 21
95 100 215
101 119 167
128 176 5
131 161 250
145 182 78
164 200 260
191 211 147
220 222 298
231 239 290
261 308 231
276 325 162
306 339 251
310 321 291
321 363 261
339 344 4
340 375 69
355 377 95
375 400 48
386 427 131
398 437 51
428 467 218
454 470 15
471 519 116
500 526 54
503 549 136
503 544 298
513 562 32
528 546 68
531 577 200
545 594 149
565 609 7
565 597 190
568 611 201
581 606 78
609 651 37
634 657 271
653 659 184
683 733 5
703 710 142
723 768 194
750 786 146
768 777 31
779 801 36
793 829 176
797 846 34
806 813 64
828 845 96
844 893 300
864 882 248
887 907 52
908 947 237
931 957 91
942 948 205
946 976 261
948 959 238
960 990 56
960 980 95
983 990 167
998 1014 105
1011 1043 223
1030 1060 118
1047 1049 50
1065 1106 289
1093 1096 182
1108 1122 265
1125 1143 202
1142 1162 11
1162 1165 111
1166 1215 10
1182 1228 260
1201 1213 2
1218 1223 130
1246 1262 224
1258 1281 218
