80
11 44 5
40 61 60
55 74 135
74 80 59
92 125 219
114 120 4
127 131 11
147 165 275
164 193 73
192 212 82
216 237 8
217 266 51
217 218 150
235 267 286
258 303 5
271 295 169
294 310 58
294 312 6
306 308 68
309 336 276
320 346 192
338 364 283
367 387 168
386 389 229
400 433 46
425 427 185
447 453 98
475 485 296
488 512 92
491 523 43
517 536 202
531 545 213
559 582 163
578 605 249
608 610 200
616 657 54
621 662 31
644 693 24
673 708 58
685 688 133
691 699 174
712 726 290
728 757 178
757 794 234
765 789 15
775 786 101
795 820 260
823 848 276
841 889 7
858 897 176
872 899 141
879 881 65
903 938 277
926 951 234
939 969 10
944 971 273
961 967 141
986 1000 228
1007 1056 296
1007 1041 213
1026 1060 98
1026 1032 65
1048 1063 127
1071 1075 257
1090 1124 165
1114 1140 18
1134 1153 272
1154 1187 66
1168 1191 91
1168 1197 161
1197 1233 207
1205 1250 74
1224 1245 236
1224 1255 106
1241 1272 38
1258 1287 225
1271 1316 275
1293 1342 208
1311 1356 242
1333 1347 238
