80
29 74 116
37 73 184
38 82 128
68 117 18
92 119 21
114 151 219
117 156 56
120 137 171
145 156 212
160 163 227
188 238 300
218 234 238
225 248 38
252 267 284
254 276 24
274 315 132
291 315 225
317 344 47
322 336 58
327 341 35
329 343 168
348 398 252
374 409 97
380 406 174
386 420 95
389 390 124
414 457 164
433 459 180
450 485 81
461 501 163
488 501 169
490 517 180
511 544 130
523 534 198
534 539 293
546 553 110
565 594 76
582 589 250
593 627 191
611 635 151
611 633 296
612 633 116
640 688 19
653 665 116
672 705 265
672 686 109
691 697 137
713 741 169
714 744 199
725 728 276
755 756 138
767 771 140
771 799 225
778 809 88
803 838 91
812 814 233
835 859 156
853 859 70
874 922 262
886 905 71
902 925 233
912 924 156
921 970 193
935 945 111
958 987 5
967 979 291
975 1020 201
1003 1008 85
1024 1041 47
1039 1063 243
1060 1082 252
1081 1096 145
1089 1100 158
1094 1127 276
1108 1154 189
1116 1155 252
1138 1165 76
1145 1159 73
1164 1165 144
1186 1209 191
