80
5 25 91
32 72 255
45 70 177
74 99 109
98 118 253
119 135 61
139 148 30
152 199 118
163 173 197
163 206 49
183 192 151
191 237 194
198 235 290
227 263 83
251 283 77
267 302 21
283 332 146
290 303 273
296 307 20
303 328 191
305 351 271
306 317 103
320 323 296
338 362 44
360 410 155
361 399 140
366 374 110
369 377 126
392 405 78
406 448 20
430 459 33
454 494 240
466 484 97
495 530 247
511 516 188
530 557 254
557 591 20
578 606 11
579 599 60
579 624 65
592 631 170
611 642 240
625 672 87
646 690 204
654 690 286
673 698 226
674 711 45
695 696 34
702 715 265
724 731 134
727 742 89
754 802 58
780 804 233
800 844 85
827 866 138
844 885 80
849 895 94
857 902 67
881 929 156
889 934 250
916 949 180
923 943 186
940 942 109
950 990 28
953 960 44
956 998 282
972 993 157
981 1025 47
994 1023 8
1023 1037 105
1050 1075 4
1053 1059 169
1062 1111 78
1079 1103 253
1097 1131 271
1105 1129 213
1105 1119 237
1109 1128 247
1131 1151 91
1134 1175 68
