80
6 12 293
7 20 102
13 16 120
26 29 176
44 80 148
45 57 207
66 115 113
90 96 65
115 125 255
117 153 191
125 133 109
147 151 157
165 168 103
174 196 150
184 222 288
201 205 193
211 248 187
238 287 43
243 260 123
267 297 170
269 271 266
293 335 79
310 349 247
329 354 216
349 386 224
379 414 150
398 407 141
427 455 15
445 446 35
450 467 72
455 485 17
469 498 137
484 507 205
503 549 279
519 531 222
541 553 115
563 569 161
564 602 33
575 583 31
602 652 171
615 647 162
621 633 149
622 654 131
626 673 267
653 666 104
658 666 171
681 705 253
698 729 258
728 767 161
731 751 30
734 763 23
746 782 133
764 776 149
776 796 203
778 811 201
807 851 134
812 814 90
842 870 261
864 871 33
885 918 76
910 932 151
934 937 269
947 957 231
971 972 235
987 1015 102
1008 1045 235
1019 1039 232
1032 1034 133
1032 1036 213
1056 1088 195
1066 1116 105
1088 1091 126
1116 1151 297
1124 1147 198
1131 1144 58
1160 1203 197
1187 1234 9
1209 1246 11
1213 1255 142
1240 1252 215
