80
25 66 186
51 71 169
79 115 4
87 131 237
87 133 26
101 138 184
118 157 224
136 184 135
153 198 72
156 166 184
167 190 177
193 208 243
201 221 35
211 240 88
223 268 244
245 294 196
270 305 121
286 310 238
290 314 211
318 322 165
320 322 207
335 374 299
345 350 61
351 367 167
373 407 238
381 416 225
399 408 192
413 452 158
443 448 207
456 495 113
477 481 30
478 509 140
480 520 31
508 517 186
512 554 31
515 528 299
526 565 240
534 581 180
545 595 123
567 609 278
575 595 74
594 629 77
606 641 234
627 659 70
634 653 19
634 662 96
654 691 167
668 692 230
677 683 132
691 712 107
695 716 274
709 723 101
717 746 300
743 766 217
756 786 154
757 767 58
770 794 271
787 793 232
797 821 261
819 834 133
837 869 39
860 901 130
883 924 70
896 932 290
921 933 26
938 969 97
960 968 295
984 1000 148
1012 1062 251
1014 1035 77
1014 1016 121
1014 1028 270
1030 1072 101
1040 1088 279
1069 1086 262
1079 1093 44
1099 1115 227
1099 1130 245
1124 1146 66
1153 1201 222
