80
11 36 141
18 38 289
26 36 99
39 61 101
49 76 249
61 101 72
76 121 256
87 105 110
91 113 88
105 129 38
108 147 87
119 121 54
141 155 132
158 193 147
176 208 258
205 216 18
219 257 194
235 265 160
262 305 154
289 303 118
310 327 222
329 345 45
351 368 6
355 396 244
367 386 272
391 402 39
397 407 138
423 429 25
443 474 205
472 498 293
490 508 271
495 496 137
499 526 268
523 554 117
542 551 198
555 571 15
555 571 78
555 564 144
563 587 14
566 599 127
567 610 205
569 617 246
580 601 101
608 612 100
617 638 275
638 648 136
665 711 180
690 694 254
701 706 252
725 767 92
726 739 48
754 804 66
776 783 266
797 801 215
809 856 109
813 847 34
822 865 177
834 884 183
838 873 280
864 877 225
866 875 174
891 940 18
914 941 151
914 960 151
930 936 235
950 952 28
956 997 158
970 1015 239
978 999 272
994 1013 299
1022 1035 68
1036 1063 296
1038 1067 148
1053 1082 25
1055 1078 147
1074 1106 43
1086 1128 219
1092 1126 196
1103 1134 64
1125 1143 128
