80
13 60 95
20 60 120
42 76 103
60 74 234
83 131 92
95 122 119
117 162 207
130 155 293
153 161 76
163 209 157
176 189 286
192 241 223
206 245 85
217 230 20
229 265 295
249 275 35
273 275 91
297 346 62
318 326 33
323 338 210
335 376 155
346 355 297
375 384 270
394 403 165
423 447 20
436 456 235
454 494 56
473 476 271
494 532 85
499 511 218
501 527 60
511 532 183
536 547 56
565 603 17
579 592 156
587 601 199
597 621 205
609 657 159
639 673 134
649 662 162
651 677 87
669 701 78
696 698 253
710 739 167
739 752 108
740 763 187
751 780 139
766 799 300
771 800 26
801 824 293
806 853 169
806 848 119
816 853 45
818 867 287
831 851 209
860 892 230
865 897 65
890 939 223
901 941 207
914 941 39
940 982 190
961 964 282
977 993 69
984 1030 21
991 1037 173
1021 1022 286
1031 1064 99
1042 1061 49
1069 1087 220
1087 1128 290
1114 1127 176
1138 1170 109
1161 1169 104
1174 1185 17
1201 1244 34
1221 1241 29
1242 1256 18
1244 1251 183
1259 1306 235
1286 1319 4
