80
18 27 250
34 63 152
51 62 54
70 85 112
89 136 44
114 163 227
133 166 77
148 163 47
153 186 123
166 189 35
189 203 299
196 234 90
215 255 102
217 237 292
226 243 236
235 276 284
235 243 24
241 253 8
241 280 272
253 291 42
254 259 86
273 277 10
302 310 61
319 348 87
331 336 126
358 382 66
374 396 284
401 407 174
404 410 60
410 437 96
420 436 126
440 489 200
463 491 297
477 495 221
482 488 268
498 501 239
503 545 188
521 524 108
541 565 146
543 585 68
568 595 216
576 602 222
602 651 265
630 679 52
655 660 56
682 719 182
688 692 88
718 752 199
728 742 284
756 770 208
785 828 88
798 818 266
819 843 134
849 876 51
855 892 158
863 911 146
882 886 254
900 907 139
912 924 195
936 970 40
936 951 140
960 964 146
989 1029 99
1013 1055 57
1038 1065 275
1050 1084 108
1079 1095 145
1108 1132 237
1121 1134 13
1143 1157 225
1166 1205 136
1167 1196 168
1197 1241 170
1206 1209 56
1207 1237 210
1235 1284 156
1235 1251 239
1240 1281 23
1263 1280 81
1278 1286 14
