80
8 48 92
35 68 15
57 72 279
66 76 232
77 101 122
77 84 166
82 112 197
106 152 58
122 147 254
149 198 203
166 214 146
173 175 138
188 193 208
195 237 94
214 231 124
224 236 170
248 250 198
277 321 176
281 304 50
286 335 51
289 315 158
316 334 53
338 385 33
348 380 236
369 391 292
388 426 88
400 437 26
403 405 41
432 450 73
454 496 236
467 492 15
497 522 139
515 541 12
542 584 32
562 607 209
585 621 11
615 649 8
621 652 124
640 682 214
654 659 46
665 694 275
671 712 41
688 695 187
703 717 181
709 726 90
710 731 105
737 774 263
767 810 279
791 827 169
801 819 127
811 850 195
814 817 240
819 852 15
849 885 46
877 891 79
904 954 20
905 934 243
907 937 158
915 956 161
931 957 60
949 971 205
969 972 50
993 1034 75
1017 1046 42
1022 1054 159
1034 1079 154
1062 1112 150
1083 1086 241
1107 1127 145
1136 1168 246
1148 1187 25
1153 1184 95
1162 1168 275
1165 1195 20
1179 1209 202
1201 1230 100
1226 1242 6
1252 1258 202
1266 1288 287
1294 1316 45
