80
27 30 293
41 58 151
57 103 3
82 114 31
89 94 220
97 107 105
111 153 87
128 164 106
146 175 227
166 178 265
183 201 200
195 231 266
205 215 251
220 258 222
241 253 259
244 263 175
267 312 125
277 320 34
290 336 60
296 326 287
306 320 203
319 368 11
346 364 150
362 390 90
371 414 289
384 389 74
395 419 240
400 427 225
405 425 132
427 476 206
455 476 102
456 506 28
476 482 80
480 489 189
485 511 60
509 552 13
525 564 51
526 576 216
532 567 204
541 575 103
571 600 134
582 621 175
605 620 50
612 659 208
641 673 237
652 676 265
670 688 176
676 692 285
677 694 96
703 737 113
731 739 172
757 802 132
784 807 11
793 814 19
819 835 227
832 877 234
859 891 292
874 895 246
894 925 49
913 941 163
920 933 139
943 971 129
958 989 212
986 1008 266
999 1008 43
1025 1074 115
1039 1086 120
1061 1099 217
1083 1107 68
1106 1109 198
1133 1139 292
1145 1150 220
1154 1163 27
1168 1171 181
1168 1181 240
1190 1206 262
1208 1245 130
1211 1219 216
1214 1252 269
1227 1260 75
