80
29 35 37
34 47 137
51 76 50
73 76 30
84 133 115
94 139 128
109 124 75
130 163 92
156 194 152
164 170 184
166 195 76
171 210 57
184 215 180
188 229 174
217 218 215
245 286 52
260 308 40
266 279 179
285 318 141
305 350 178
334 361 84
345 348 270
346 386 62
371 418 31
391 397 48
406 420 61
430 458 258
458 474 286
483 500 117
486 497 242
514 549 250
533 552 42
537 559 91
560 605 48
573 608 76
589 622 210
598 616 223
601 650 284
613 663 153
629 640 164
643 657 270
672 707 167
694 716 204
724 752 101
736 775 279
741 784 120
755 794 109
773 815 83
786 794 287
787 806 25
791 826 230
808 830 78
808 844 195
830 842 260
845 860 78
845 881 155
869 874 99
878 897 266
884 908 50
904 954 178
915 925 95
936 968 42
946 983 80
963 1013 82
993 1025 78
997 1044 189
1004 1045 76
1007 1048 265
1031 1032 71
1035 1085 44
1047 1063 285
1048 1074 189
1054 1075 57
1054 1060 210
1064 1101 283
1076 1077 136
1085 1117 275
1110 1122 236
1118 1166 23
1128 1154 181
