80
22 48 14
38 81 203
57 82 65
69 103 249
76 126 194
91 100 237
109 142 188
116 117 106
140 164 195
147 151 287
157 165 246
157 177 199
169 195 279
193 241 220
211 215 54
234 263 102
243 248 110
260 289 297
267 286 51
282 324 178
303 340 53
307 349 72
319 335 260
324 344 179
338 379 272
348 385 185
355 358 139
385 402 268
400 443 26
423 446 177
424 474 273
439 489 65
465 476 220
491 505 95
510 511 128
537 552 175
556 567 37
583 608 87
600 641 80
615 620 290
620 639 175
625 671 98
648 650 139
673 691 42
703 715 71
719 736 93
742 772 197
742 774 103
747 766 7
755 766 213
775 802 103
784 815 113
808 846 76
824 842 85
847 889 250
867 884 149
885 930 256
910 940 197
917 925 81
921 940 69
926 954 34
944 955 82
968 988 96
989 1036 285
996 998 287
1013 1048 180
1036 1047 266
1065 1077 193
1094 1106 104
1113 1120 41
1135 1162 4
1154 1159 19
1175 1223 290
1204 1254 65
1233 1272 53
1249 1263 265
1269 1270 85
1287 1295 250
1296 1341 139
1307 1334 214
