80
14 41 100
44 68 68
45 85 101
60 63 20
73 117 72
79 129 90
99 138 35
102 122 108
128 173 298
148 179 209
166 170 193
171 214 13
177 189 31
195 211 261
206 230 124
210 247 233
221 234 56
221 231 276
224 234 242
252 278 106
276 325 275
292 310 209
321 369 260
332 369 118
360 364 159
381 408 198
406 421 19
434 469 100
447 473 41
458 502 180
459 502 242
465 468 106
493 519 111
507 520 187
516 525 266
534 561 65
558 586 177
583 624 59
589 609 111
607 627 63
623 639 56
630 652 94
647 653 87
648 683 28
673 709 192
693 736 227
697 721 200
697 722 295
712 742 120
725 753 269
741 787 200
765 786 186
792 809 47
811 847 77
825 865 77
834 853 62
859 889 189
871 879 261
880 916 16
904 905 221
904 951 202
905 925 254
907 926 206
934 961 205
954 960 67
981 992 169
997 1010 234
1011 1034 211
1037 1075 50
1042 1077 112
1064 1106 297
1066 1111 57
1071 1116 22
1100 1149 192
1109 1136 103
1133 1139 1
1143 1192 175
1143 1186 191
1143 1172 239
1161 1194 2
