80
2 10 286
28 50 105
46 53 278
69 85 285
82 99 93
105 126 153
105 112 209
126 151 184
151 193 35
174 213 201
178 212 160
186 200 212
209 217 148
228 230 126
251 264 249
264 301 39
266 294 91
268 302 216
295 319 204
295 335 181
322 366 41
343 379 250
372 416 105
382 395 156
407 448 237
420 432 225
420 437 264
448 467 127
473 478 98
500 544 85
518 556 99
527 572 281
547 577 195
576 595 41
583 613 50
591 620 129
597 610 243
617 662 99
622 654 49
635 652 147
652 661 229
676 682 1
677 721 233
693 738 261
704 735 115
734 773 218
761 792 27
778 801 294
786 809 176
797 812 296
813 840 28
839 883 282
839 851 3
863 898 54
892 896 232
913 940 297
932 960 205
958 990 258
971 993 231
1000 1032 240
1018 1062 101
1041 1086 35
1062 1095 71
1080 1106 92
1102 1143 217
1117 1140 63
1145 1189 131
1146 1172 264
1167 1205 272
1186 1208 168
1192 1235 37
1195 1231 180
1218 1260 297
1237 1259 124
1246 1248 164
1257 1295 13
1272 1285 220
1272 1303 129
1302 1318 181
1316 1359 220
