80
12 45 134
21 49 59
36 42 111
57 68 67
66 94 155
86 101 192
94 116 158
103 135 82
113 151 198
141 190 292
149 178 101
162 206 163
170 193 228
187 237 157
202 251 220
227 251 99
248 265 59
267 299 185
281 314 116
284 312 205
293 333 288
312 330 2
333 377 243
346 347 257
347 375 144
349 361 96
365 401 90
372 380 184
389 395 46
418 452 217
433 458 101
462 504 140
474 485 169
493 519 262
507 527 173
509 546 240
513 544 1
543 575 193
565 610 89
567 588 129
588 590 160
604 618 252
627 652 270
639 677 78
665 708 296
678 679 252
695 703 223
704 752 209
734 773 214
736 737 262
764 790 2
789 832 31
800 819 191
804 832 24
806 820 3
833 837 202
856 863 297
886 910 158
896 920 266
911 938 157
940 954 64
945 956 179
958 996 122
978 992 72
982 1008 173
983 1005 110
989 1018 20
991 994 270
1003 1019 293
1032 1039 55
1033 1063 145
1056 1064 134
1083 1125 94
1112 1153 161
1136 1142 253
1156 1204 131
1162 1170 201
1180 1209 182
1185 1214 241
1185 1210 41
