80
14 61 243
38 52 136
42 44 248
67 76 156
87 126 256
96 131 299
124 129 224
132 159 201
143 164 230
162 205 149
162 172 254
163 174 58
184 211 141
201 243 197
210 249 12
235 262 16
238 240 91
244 249 191
260 304 125
287 303 295
298 328 110
328 346 186
351 395 214
364 398 95
389 403 196
416 439 7
441 467 40
453 481 43
479 523 122
505 507 18
529 537 29
542 575 103
556 559 23
565 611 206
578 623 118
595 603 119
620 647 117
635 680 205
659 663 72
689 736 297
695 713 30
702 711 284
728 748 69
728 775 50
756 758 278
756 758 54
758 802 32
770 777 206
778 786 88
802 845 55
821 827 102
828 863 259
845 848 87
845 882 43
845 867 101
856 872 10
879 926 253
892 901 28
912 921 84
913 930 184
930 969 260
937 966 117
938 945 208
966 994 137
994 1028 181
1012 1025 130
1031 1038 129
1032 1080 172
1033 1065 290
1056 1074 2
1078 1125 201
1106 1114 164
1117 1153 75
1120 1167 265
1143 1180 160
1165 1167 193
1179 1208 242
1204 1232 261
1213 1222 50
1225 1272 39
