80
7 49 90
12 60 219
30 49 87
38 78 277
68 88 142
95 142 250
100 110 51
121 153 188
136 180 31
162 198 88
164 211 100
181 201 8
181 217 45
190 195 30
191 195 49
216 259 55
225 261 4
242 254 182
261 299 239
279 328 92
308 328 300
326 334 271
346 396 180
374 414 70
397 429 256
425 434 158
432 481 237
443 488 280
465 476 72
470 511 130
476 478 251
499 529 187
507 534 247
512 517 156
521 557 11
539 583 89
563 568 109
591 626 76
592 614 293
604 644 214
626 630 281
648 698 83
678 683 114
707 718 83
731 767 196
757 798 53
784 818 169
803 816 193
805 823 1
817 847 59
824 854 77
828 848 35
840 843 150
850 881 150
875 910 107
876 909 226
898 913 81
907 949 144
925 970 62
931 948 172
959 998 138
969 1007 128
993 1040 38
999 1031 159
1003 1030 249
1003 1048 300
1022 1055 3
1046 1055 197
1062 1104 137
1063 1084 63
1069 1111 113
1090 1138 117
1117 1146 191
1144 1160 122
1159 1208 256
1167 1186 280
1169 1218 41
1196 1239 35
1225 1253 98
1226 1264 44
