80
22 52 269
28 66 65
52 94 222
63 106 270
63 77 242
73 115 201
99 115 9
123 170 270
153 163 173
169 195 15
186 226 187
211 239 224
227 234 259
239 259 198
248 284 61
271 292 67
287 301 181
309 340 117
321 366 52
338 378 45
341 387 22
364 386 71
386 400 142
402 435 166
404 452 183
423 442 72
434 449 194
436 437 287
458 492 162
483 513 223
495 544 49
516 521 70
534 569 242
544 550 28
551 552 161
559 606 14
563 581 134
588 629 115
608 641 245
620 654 184
642 665 47
670 672 254
695 726 76
717 747 21
722 760 205
737 757 74
767 803 104
775 825 139
791 832 109
795 810 141
805 829 122
807 823 215
807 833 234
824 863 284
827 828 207
827 858 76
853 885 17
865 874 49
870 908 239
876 887 114
898 905 291
920 929 6
948 957 182
971 1011 149
972 1020 267
984 1026 46
1008 1009 209
1009 1042 234
1017 1022 38
1032 1041 53
1034 1076 38
1050 1092 281
1068 1095 19
1086 1119 131
1106 1149 138
1109 1152 106
1126 1134 171
1127 1140 208
1155 1161 29
1162 1211 135
