80
22 30 100
27 51 64
40 63 71
62 106 230
69 118 155
89 93 36
101 127 121
113 149 89
129 142 124
159 178 230
172 186 182
189 210 85
209 251 71
220 260 188
221 269 242
235 275 191
250 296 228
268 303 95
290 298 273
305 348 162
327 329 170
331 372 42
337 363 41
354 371 219
363 401 24
387 401 279
412 428 233
431 468 227
460 505 8
477 515 149
499 539 136
503 523 69
533 553 212
537 542 248
538 563 187
541 582 47
559 573 211
571 618 256
591 634 81
618 621 156
635 638 206
661 674 87
678 719 88
705 717 103
717 761 7
728 737 71
753 781 136
768 782 93
797 798 267
803 842 197
821 849 23
830 872 201
833 856 107
842 878 181
850 897 104
877 909 276
898 900 182
908 930 103
933 962 121
949 986 289
974 1020 47
987 1036 31
1017 1026 52
1022 1072 14
1047 1092 221
1049 1091 108
1058 1091 156
1071 1092 113
1092 1113 239
1100 1142 154
1127 1148 147
1132 1133 44
1134 1159 175
1164 1209 24
1171 1205 1
1192 1222 194
1216 1217 36
1241 1256 78
1263 1306 44
1282 1299 290
