80
13 35 139
13 35 159
43 56 117
72 114 71
90 114 99
118 154 128
139 162 178
163 196 27
189 206 186
212 259 134
231 249 219
234 269 298
260 279 82
268 301 218
288 297 279
315 330 176
323 344 81
331 338 72
348 367 106
356 396 52
368 375 111
393 410 274
405 422 186
422 426 143
431 445 172
443 491 270
467 503 230
487 515 199
506 553 258
534 538 159
559 598 51
574 585 7
592 615 122
617 642 130
631 681 76
633 667 28
657 695 52
663 698 243
668 714 76
698 738 171
727 762 248
756 803 209
756 776 14
773 779 161
799 817 283
824 865 85
846 878 246
853 858 76
867 915 155
870 918 219
870 916 15
888 905 242
888 938 64
896 897 47
910 920 90
931 947 219
957 963 43
967 974 6
991 995 295
1013 1051 290
1019 1027 172
1022 1071 26
1036 1061 299
1063 1074 97
1078 1117 99
1094 1097 85
1122 1143 268
1125 1163 138
1131 1143 71
1156 1194 140
1175 1223 115
1200 1243 234
1220 1226 38
1225 1226 106
1245 1253 288
1274 1281 15
1302 1352 199
1308 1328 271
1321 1361 58
1327 1377 35
