80
9 23 209
36 82 197
66 84 205
90 126 296
98 124 79
124 126 5
149 186 93
166 178 118
194 217 286
198 245 279
203 207 42
224 230 91
236 241 200
245 286 153
265 273 196
272 298 286
279 288 277
297 303 236
305 307 240
333 383 277
353 385 180
374 390 224
401 438 27
410 427 111
440 467 244
463 508 50
489 533 167
493 521 11
512 534 288
534 548 45
558 571 55
588 610 201
597 607 86
623 633 51
624 635 267
645 665 162
663 687 268
675 709 78
701 732 92
708 749 83
733 754 65
736 773 127
764 812 50
789 825 172
798 830 297
823 860 181
852 867 220
879 891 86
895 938 27
921 949 120
926 959 137
953 987 148
983 992 82
999 1045 122
999 1013 242
1013 1055 223
1042 1074 146
1057 1091 44
1070 1096 1
1085 1100 228
1098 1145 203
1123 1128 237
1151 1177 232
1173 1195 119
1173 1215 144
1193 1235 219
1209 1222 286
1233 1254 239
1261 1286 231
1269 1287 204
1296 1332 164
1303 1314 276
1324 1326 138
1332 1347 198
1361 1405 64
1383 1418 71
1396 1404 227
1423 1446 164
1433 1443 176
1444 1491 292
