80
22 46 225
41 63 228
49 66 241
60 63 115
77 123 296
95 129 100
95 144 25
125 173 98
152 161 140
163 196 228
187 207 106
192 205 12
202 228 240
218 244 55
248 251 110
252 289 270
254 265 50
259 274 220
274 276 174
282 290 201
284 331 159
311 343 292
336 345 240
339 382 68
346 363 300
357 382 222
387 414 139
416 459 208
437 446 286
447 489 237
456 487 196
479 507 272
490 510 202
508 544 223
519 524 291
548 573 138
549 552 81
572 610 111
599 636 256
613 648 115
641 675 24
646 688 125
648 654 207
668 686 133
698 721 53
707 712 205
728 757 13
748 759 135
767 789 151
781 828 217
808 845 172
823 868 159
833 846 297
833 854 33
834 842 22
842 890 23
864 867 117
892 900 137
908 953 181
938 971 161
940 981 229
940 960 66
940 963 170
950 961 289
961 968 151
962 974 278
975 1006 283
1002 1049 286
1024 1034 232
1036 1077 81
1055 1083 31
1057 1091 60
1071 1109 90
1100 1139 251
1128 1147 197
1151 1173 289
1159 1177 18
1172 1203 226
1173 1180 213
1197 1218 175
