80
0 15 8
5 49 17
32 70 161
57 107 253
68 70 213
91 102 284
109 128 3
125 150 282
143 164 31
156 183 189
182 192 94
194 233 224
218 253 164
245 289 205
264 281 65
283 331 88
291 324 165
294 321 36
295 309 50
295 305 74
315 348 226
315 349 277
325 331 233
354 376 3
375 388 107
383 415 118
389 419 281
416 438 245
437 463 294
444 484 296
461 497 261
477 523 128
481 490 71
507 540 62
523 528 206
540 574 45
556 558 111
570 618 91
572 582 40
594 643 226
600 639 156
604 644 216
627 637 280
635 643 136
646 677 42
657 679 276
678 719 156
692 717 175
700 742 200
701 715 73
713 734 136
719 755 212
749 750 279
769 775 95
785 834 239
808 823 120
810 823 170
816 860 93
829 838 96
831 858 32
844 868 57
849 858 287
860 872 27
877 916 292
884 931 227
906 932 185
906 925 174
924 954 265
933 948 105
943 945 176
965 1003 24
967 1009 216
985 1007 272
1002 1008 136
1002 1026 62
1028 1078 2
1039 1080 242
1042 1090 50
1067 1078 278
1080 1100 90
