80
22 29 288
49 98 128
60 89 219
72 86 164
86 108 141
86 107 119
101 141 117
125 158 204
146 166 67
163 192 82
167 175 166
179 222 69
179 200 262
197 224 20
216 241 39
246 283 116
261 309 144
263 284 232
266 300 278
293 342 194
311 352 45
319 328 63
327 360 178
330 360 94
339 356 206
352 354 233
381 401 92
398 413 215
404 434 291
410 419 190
414 439 24
415 445 272
431 466 246
443 451 99
460 473 105
483 524 122
501 511 114
529 576 153
556 563 161
582 613 90
603 606 286
623 662 154
644 692 64
667 716 237
695 705 3
720 724 287
738 739 30
762 786 15
784 828 171
790 819 240
820 839 275
831 853 287
831 859 179
857 866 228
884 889 262
886 910 279
892 928 224
922 960 269
941 947 289
970 973 74
990 1022 139
991 1035 184
1011 1018 59
1038 1066 223
1043 1060 174
1054 1098 176
1075 1080 286
1084 1095 281
1101 1119 165
1119 1151 274
1146 1167 1
1146 1183 284
1172 1191 6
1197 1247 263
1222 1247 165
1243 1261 85
1253 1287 38
1279 1308 88
1295 1299 225
1302 1313 29
