80
21 51 28
43 93 76
62 108 94
64 88 185
76 120 193
80 105 127
100 146 13
118 159 279
143 187 140
152 191 143
173 203 96
188 232 236
204 248 215
223 230 243
230 260 236
252 268 114
257 295 212
281 331 260
281 293 145
287 329 3
315 334 124
344 394 106
353 356 250
363 409 209
372 396 140
401 402 131
404 412 97
429 455 221
458 504 300
478 518 265
478 520 167
492 497 203
499 504 148
512 558 234
529 567 207
541 550 187
564 601 242
591 627 271
610 656 24
620 662 72
640 676 271
645 670 278
669 698 211
679 709 102
683 702 154
693 706 146
718 731 219
727 758 88
749 761 96
775 794 174
788 792 257
796 821 203
796 842 242
823 841 37
839 870 64
846 865 216
846 866 199
867 880 89
877 902 187
902 928 280
913 930 11
920 923 101
936 985 250
959 1001 161
981 1000 266
1003 1022 123
1021 1069 193
1031 1073 205
1034 1065 223
1035 1052 207
1054 1095 130
1062 1065 41
1063 1090 169
1073 1093 172
1074 1079 298
1087 1088 76
1099 1110 51
1106 1134 48
1115 1130 249
1144 1162 193
