80
9 58 249
13 54 136
20 43 274
44 85 77
44 87 73
57 77 297
68 109 266
79 88 204
88 136 242
117 137 262
131 174 170
131 162 189
153 188 197
175 185 240
204 227 200
212 214 142
215 224 253
223 241 48
226 236 183
243 273 24
269 303 293
283 298 19
304 345 185
311 328 133
341 360 216
350 371 47
353 401 123
369 406 37
383 416 280
409 440 164
410 458 251
428 443 58
450 456 97
456 505 13
478 510 149
487 533 94
491 540 242
521 522 42
523 528 128
535 549 274
536 558 211
542 569 239
557 567 275
572 576 75
576 606 197
598 640 293
605 615 36
614 654 265
614 633 85
635 636 21
659 679 63
673 675 141
701 750 256
709 744 259
732 775 190
735 766 60
745 754 115
769 784 66
793 799 262
820 831 255
825 866 18
825 860 236
832 880 292
846 873 266
860 883 14
876 901 120
887 935 10
891 904 204
916 929 169
943 965 43
960 989 158
965 1013 224
971 980 265
993 1029 55
1000 1044 212
1001 1037 161
1003 1050 17
1028 1042 207
1048 1062 50
1053 1063 212
