80
0 16 91
13 63 220
30 34 145
34 63 148
57 81 123
65 105 286
79 84 247
84 117 129
104 120 27
115 125 174
131 145 1
144 171 249
158 181 266
176 182 238
182 200 19
186 204 232
199 246 292
211 233 294
214 255 36
216 217 69
216 244 276
246 253 227
256 277 106
285 298 166
306 312 27
320 338 88
333 363 68
346 367 241
366 398 45
366 408 244
370 378 234
374 382 9
382 427 207
393 414 219
410 426 269
421 453 155
445 468 18
454 459 286
471 486 74
475 477 130
481 504 87
487 535 163
510 530 299
536 572 85
541 556 192
547 560 6
555 566 267
558 598 261
573 599 21
603 625 82
617 662 253
629 660 189
640 670 280
656 681 280
675 713 183
698 715 185
704 742 20
730 732 143
738 756 21
763 767 3
783 785 81
803 828 163
805 849 65
822 866 276
825 834 174
837 878 41
849 860 96
870 886 248
887 904 220
892 922 189
903 925 33
905 915 192
905 937 171
910 933 274
930 975 225
956 984 182
966 988 298
975 978 193
975 1015 221
994 996 174
