80
11 35 164
27 31 257
48 84 134
60 68 231
85 90 227
87 133 161
97 107 236
121 139 45
123 156 250
151 197 73
173 192 257
190 198 45
203 208 1
206 240 79
236 243 87
242 287 140
246 265 121
275 301 33
275 303 159
291 333 89
320 359 179
320 328 118
345 369 234
362 363 180
389 418 119
399 414 129
417 433 197
435 469 246
455 469 114
466 469 96
493 514 19
522 549 38
538 544 85
550 552 109
556 588 5
565 589 267
589 631 251
605 619 246
618 648 195
628 664 281
648 671 136
661 694 141
662 684 274
684 698 189
686 724 225
704 731 95
726 738 267
734 752 266
755 759 271
778 780 72
780 817 90
803 853 6
814 842 285
838 860 198
865 905 271
886 901 50
909 916 34
924 952 76
954 973 167
977 1026 270
1002 1036 203
1006 1055 92
1008 1026 241
1021 1048 110
1036 1037 136
1037 1046 270
1038 1082 197
1061 1063 267
1073 1114 286
1098 1110 252
1107 1120 1
1129 1153 219
1143 1175 103
1169 1182 115
1182 1183 219
1206 1225 261
1228 1266 37
1257 1300 274
1269 1285 297
1286 1328 132
