80
7 28 211
36 86 290
56 69 96
78 99 148
85 107 68
99 109 210
125 159 110
143 144 62
143 157 279
167 196 218
180 189 23
197 236 41
221 244 268
251 293 73
280 316 134
297 335 239
315 326 70
334 371 229
348 390 43
371 405 245
371 384 133
389 439 94
410 430 115
423 435 91
441 476 188
448 479 186
463 504 64
469 487 272
497 537 91
526 554 218
534 552 30
542 554 52
543 586 191
545 582 58
575 577 299
600 610 88
602 646 89
614 624 41
622 654 99
641 678 132
657 679 131
663 691 17
686 722 15
708 716 74
725 735 104
743 746 30
763 809 166
778 797 267
783 830 266
793 829 60
820 859 121
846 855 182
868 882 121
892 905 273
920 923 61
920 933 139
940 959 45
957 1000 204
965 1013 125
968 992 258
973 1013 138
995 996 59
1023 1033 212
1025 1066 243
1047 1088 104
1065 1088 85
1074 1122 188
1082 1086 6
1097 1101 121
1127 1154 249
1157 1168 9
1159 1178 131
1176 1199 142
1190 1202 276
1212 1224 295
1220 1253 132
1243 1284 191
1248 1293 7
1249 1294 187
1267 1284 4
