80
15 41 235
24 44 231
27 50 199
45 78 193
55 80 75
64 111 7
87 110 90
91 122 245
105 140 212
121 164 134
141 146 193
166 215 98
191 196 40
204 218 139
224 252 287
225 231 110
236 254 269
246 277 194
272 309 3
286 320 256
311 356 187
314 317 202
339 346 226
357 401 206
360 388 1
369 399 195
391 413 123
419 451 241
420 425 149
442 451 251
469 511 155
470 506 255
492 494 201
519 543 138
540 563 46
542 559 266
547 588 124
548 550 162
554 559 149
583 621 179
611 631 229
615 617 272
639 687 42
650 692 242
659 698 287
662 685 248
669 715 90
695 700 32
696 720 220
714 743 131
730 756 146
735 752 218
765 771 96
788 811 253
810 811 153
836 846 200
864 903 134
869 888 53
885 934 180
889 902 238
890 904 276
911 912 80
925 953 256
926 933 292
955 992 149
965 986 89
966 998 156
967 1013 262
970 1000 114
981 1023 181
992 1005 192
996 1010 266
998 1015 5
1009 1040 81
1032 1070 265
1036 1086 35
1062 1107 33
1070 1103 179
1075 1115 71
1096 1143 218
