80
1 3 94
30 35 160
35 69 13
54 59 140
62 90 180
87 92 93
104 107 251
110 125 60
140 160 152
157 189 152
186 201 192
201 226 241
215 217 111
241 258 35
245 279 279
273 286 62
285 289 80
289 326 229
301 316 148
316 349 78
316 347 190
332 373 256
354 375 254
380 429 165
409 454 8
434 455 36
457 491 232
478 503 128
498 525 224
520 542 6
548 596 168
549 569 222
562 578 281
565 611 7
579 592 254
589 610 293
617 661 174
635 676 68
646 665 12
663 694 176
685 721 157
687 704 297
714 742 212
741 745 184
746 780 211
771 789 203
796 837 55
823 831 212
828 862 273
841 877 124
864 887 28
879 922 127
897 940 207
899 943 8
907 908 131
930 968 142
931 965 143
939 973 138
961 977 70
969 972 9
974 976 236
976 1006 277
983 1028 181
1010 1011 111
1024 1039 146
1054 1077 106
1064 1081 274
1085 1120 14
1105 1118 205
1110 1151 175
1135 1178 206
1162 1176 85
1185 1207 219
1197 1198 147
1215 1245 141
1220 1256 298
1225 1232 163
1225 1273 210
1231 1242 200
1252 1299 55
