80
17 34 276
31 42 86
54 104 60
69 71 61
88 98 93
90 110 166
120 133 134
136 147 180
162 184 45
189 204 26
216 260 101
243 264 61
259 278 187
289 310 287
311 351 243
317 319 300
330 370 76
335 336 224
339 369 18
363 386 25
371 404 225
372 388 144
397 438 187
427 475 239
438 464 28
461 509 176
472 513 54
498 541 68
511 553 46
520 525 265
523 525 201
532 547 184
553 602 206
555 583 109
575 610 253
600 632 158
614 663 169
641 691 246
652 666 100
654 700 90
675 718 158
693 695 216
707 722 28
734 762 92
760 794 225
784 827 99
806 824 231
832 860 264
844 856 18
869 884 191
897 926 153
900 908 188
904 926 12
905 910 115
920 936 124
944 950 18
954 991 2
980 1006 77
999 1024 106
1022 1032 272
1042 1079 112
1069 1074 199
1071 1081 99
1096 1103 176
1114 1119 52
1143 1156 184
1153 1162 31
1153 1170 94
1180 1186 229
1196 1204 156
1221 1243 68
1222 1252 24
1244 1251 208
1260 1264 76
1283 1304 248
1307 1344 217
1328 1375 212
1328 1332 96
1343 1388 24
1357 1405 272
