80
3 18 55
21 37 226
51 96 246
75 76 189
88 122 153
94 141 255
112 152 285
117 164 108
125 157 53
155 168 100
163 180 182
192 219 217
206 237 283
213 254 100
243 248 74
249 283 240
263 276 240
288 312 58
297 340 161
320 343 186
340 349 216
367 377 33
379 394 243
395 427 20
413 419 246
420 429 16
438 441 204
455 458 18
455 483 138
464 482 6
487 516 61
497 521 111
502 512 97
526 537 26
541 544 254
551 594 107
551 590 126
558 605 204
584 613 263
596 612 280
609 616 110
637 646 81
661 674 23
665 686 25
678 721 92
699 706 52
727 756 118
739 741 82
764 766 143
781 811 7
804 830 11
816 845 206
837 853 191
866 876 25
885 920 106
889 890 235
908 911 59
937 944 91
964 972 57
972 997 210
979 1002 217
988 1000 65
1000 1030 2
1001 1044 256
1019 1048 61
1034 1061 175
1050 1077 3
1062 1108 41
1079 1115 86
1097 1126 45
1101 1128 21
1112 1142 58
1118 1140 26
1127 1173 25
1146 1164 121
1164 1179 43
1165 1177 152
1173 1202 144
1176 1214 279
1190 1214 199
