80
17 56 98
42 76 158
58 63 8
83 97 151
84 127 283
93 94 12
120 150 46
134 150 271
148 181 47
171 212 94
201 203 262
221 253 257
224 258 157
225 230 13
251 301 182
259 296 51
268 282 89
272 309 88
287 311 34
291 313 28
300 346 144
302 343 217
304 305 110
319 360 117
341 356 72
364 396 222
365 391 143
367 374 142
388 425 91
394 400 92
402 449 156
410 448 160
414 443 78
427 439 87
428 431 260
436 448 163
461 489 33
474 475 257
483 498 138
512 519 189
518 538 281
531 532 157
555 579 253
560 580 69
574 575 86
581 614 135
588 626 265
588 627 78
594 605 39
609 641 231
632 661 58
650 656 242
680 702 160
704 721 76
711 739 22
736 772 291
743 771 115
763 805 128
773 781 118
787 800 130
801 850 116
809 815 286
820 863 289
832 851 86
859 894 30
866 868 241
879 911 293
893 930 162
912 958 64
937 942 116
956 963 155
967 1006 188
968 984 127
986 1007 152
991 1019 107
1019 1063 202
1034 1066 9
1055 1099 46
1069 1087 151
1095 1114 62
