80
24 25 178
35 56 237
39 41 243
65 67 72
86 100 195
104 153 40
120 144 238
142 183 94
168 203 2
176 183 257
182 188 144
200 236 1
203 228 105
232 273 53
262 277 19
289 336 91
296 299 57
311 337 116
313 314 195
315 364 30
330 350 10
331 376 205
348 389 172
356 395 177
367 383 136
377 427 147
389 432 169
417 436 56
423 473 24
436 454 287
451 458 49
476 514 271
502 513 230
521 535 76
522 534 10
534 567 211
547 580 179
572 606 70
600 633 221
613 653 172
629 635 67
643 689 257
657 695 296
687 711 11
701 748 229
712 714 148
727 735 249
750 761 177
751 781 120
753 773 277
780 816 98
798 834 280
803 823 268
826 864 76
844 872 214
874 910 243
885 935 161
897 922 197
909 912 157
915 950 59
916 918 133
936 983 164
951 959 203
961 977 34
984 988 72
991 1018 196
996 1045 93
1024 1074 19
1036 1074 166
1042 1080 281
1070 1088 98
1077 1093 71
1104 1123 121
1119 1134 142
1135 1139 55
1164 1184 92
1181 1219 202
1202 1210 195
1226 1273 189
1242 1264 41
