80
4 42 280
23 62 53
51 81 220
76 111 254
105 129 203
128 158 120
135 163 181
148 157 74
172 183 129
199 207 25
209 218 216
232 268 139
243 268 142
264 302 199
291 340 288
303 313 59
309 337 127
325 326 169
341 359 64
371 415 117
392 431 218
413 415 34
428 471 16
456 496 46
485 518 294
498 530 235
516 564 98
522 542 153
541 570 69
571 598 276
593 601 212
594 618 156
602 616 96
615 652 140
637 664 92
666 698 215
686 718 160
699 745 71
712 751 32
726 752 144
732 762 28
752 758 36
753 792 259
757 766 178
780 828 184
789 804 155
815 839 90
837 866 230
855 890 46
860 880 26
888 908 81
908 944 137
911 925 143
938 953 174
939 953 166
951 1001 8
954 988 72
960 985 109
972 986 276
985 991 124
1004 1010 224
1029 1054 4
1032 1061 66
1062 1109 269
1087 1094 294
1091 1122 259
1110 1137 74
1133 1144 229
1159 1174 81
1187 1212 223
1194 1205 244
1214 1257 24
1237 1285 147
1264 1283 141
1283 1333 20
1287 1292 179
1296 1304 23
1299 1305 211
1303 1331 10
1312 1325 54
