80
30 59 105
50 89 146
56 99 216
80 124 21
104 116 278
109 123 23
131 154 37
144 146 252
164 194 108
165 179 279
193 201 285
222 225 72
242 271 5
260 283 118
264 288 22
279 306 241
287 313 254
306 349 296
328 356 256
341 343 12
360 397 78
390 403 163
401 434 105
415 430 84
420 421 231
447 466 177
466 501 299
468 496 200
471 521 69
486 500 300
495 511 36
495 519 43
505 514 188
508 551 191
529 566 231
531 560 8
543 575 174
558 566 142
573 582 161
601 643 6
606 656 129
630 651 6
635 637 163
654 700 96
666 699 49
681 695 267
697 746 19
710 760 285
738 740 180
759 784 123
774 784 61
774 812 28
799 827 31
803 804 204
809 826 295
831 847 203
832 841 242
853 883 68
867 879 206
890 924 11
896 932 87
897 929 89
924 940 238
932 956 227
957 1001 78
980 1029 221
986 1016 163
997 1023 29
1002 1016 236
1018 1045 215
1046 1063 76
1063 1081 176
1090 1129 294
1112 1146 143
1125 1126 2
1149 1171 202
1154 1192 221
1158 1196 189
1186 1197 232
1198 1206 169
