80
29 42 249
52 70 136
59 109 73
74 121 132
89 131 133
90 119 211
113 135 53
138 178 193
165 192 91
172 199 5
181 190 72
199 239 208
224 249 38
241 280 221
245 282 46
272 315 300
285 315 70
299 331 125
305 341 114
328 368 13
333 380 181
353 395 43
354 363 29
366 390 195
366 406 117
390 411 78
396 435 56
404 441 214
432 436 266
450 460 85
470 518 129
473 513 182
498 507 134
499 524 78
506 521 214
527 552 57
553 586 9
570 606 132
591 621 170
595 642 70
603 622 197
618 665 226
626 636 216
626 635 23
632 662 238
635 661 129
663 664 91
677 711 154
696 705 121
718 736 226
730 736 166
757 789 263
777 779 124
779 793 81
805 816 76
812 842 126
834 846 217
856 906 84
866 913 58
867 893 252
891 927 233
914 945 212
926 962 86
932 974 132
942 953 94
955 990 292
957 967 119
976 1009 280
984 994 300
992 1014 128
1014 1044 15
1028 1032 41
1056 1100 228
1066 1078 53
1091 1123 113
1096 1103 264
1102 1135 2
1117 1155 134
1139 1155 286
1149 1159 102
