80
28 53 25
52 79 25
66 73 77
84 95 72
100 129 187
110 142 3
123 141 161
140 174 123
150 199 63
155 182 163
184 223 145
199 232 63
206 222 263
224 230 264
245 250 197
268 293 77
282 319 273
312 316 101
313 363 158
329 355 204
346 352 116
362 390 261
371 391 2
378 419 167
383 389 3
384 401 208
398 445 74
422 471 33
442 484 89
445 455 175
469 512 95
472 479 272
481 499 192
497 510 16
526 531 99
532 572 150
542 573 92
562 569 287
571 591 199
576 594 234
590 626 40
590 614 123
617 657 151
638 661 212
656 688 176
684 729 5
703 740 115
703 749 242
703 718 43
709 748 230
734 760 168
735 750 222
736 775 117
759 805 41
785 818 68
799 824 164
810 856 263
833 844 259
844 862 123
859 877 300
880 904 125
887 935 85
908 912 295
918 950 227
942 955 53
952 992 33
980 1012 299
981 1013 155
1005 1027 271
1022 1036 79
1029 1060 2
1048 1097 213
1063 1103 87
1074 1088 115
1094 1112 160
1122 1125 23
1135 1138 237
1135 1136 191
1162 1179 51
1190 1191 30
