80
17 26 291
38 54 275
68 70 74
69 118 50
88 136 239
101 124 145
101 123 166
108 137 201
110 122 123
116 127 119
121 138 253
135 155 44
149 186 249
157 170 263
163 205 104
179 186 296
193 224 220
206 243 50
217 241 198
224 272 119
227 255 120
248 297 93
254 289 78
262 310 53
277 320 178
278 327 174
279 306 298
303 349 221
321 346 230
346 353 252
366 371 196
368 394 138
377 420 263
382 401 281
387 414 81
414 436 232
431 444 156
439 480 152
453 492 146
459 488 65
467 500 116
497 501 128
513 527 83
525 574 56
530 578 249
544 572 172
550 584 84
554 582 9
572 589 95
574 602 71
600 602 256
616 651 140
627 658 80
648 678 245
678 721 17
698 721 6
705 731 143
716 719 11
724 766 298
732 766 155
742 748 209
764 788 262
769 798 268
773 784 38
802 831 127
805 840 220
815 816 47
819 855 96
831 853 280
854 862 58
856 896 253
860 900 263
868 903 278
886 892 136
903 916 204
932 948 15
940 980 153
955 985 11
968 978 130
968 1017 177
