80
9 42 98
34 38 226
39 42 250
64 82 35
66 102 140
68 88 32
97 104 138
127 168 114
152 190 187
179 194 173
187 232 62
199 243 83
228 242 257
241 275 299
264 271 101
287 327 38
307 333 220
326 362 41
331 360 279
353 393 10
379 410 271
408 450 26
435 465 252
449 455 69
462 497 227
492 524 27
506 518 50
518 565 296
542 583 214
548 594 41
568 569 263
587 614 116
597 611 35
620 635 163
620 632 283
622 667 36
627 667 294
645 668 264
650 671 278
669 681 250
671 681 271
696 737 134
717 732 14
725 746 152
730 744 86
760 798 7
772 774 257
772 819 16
782 784 269
796 824 38
805 846 19
825 866 119
855 859 163
862 890 247
880 916 153
883 925 162
887 909 76
893 921 102
916 917 38
946 957 243
949 985 14
951 959 252
957 981 94
970 972 111
985 1006 254
1002 1025 163
1017 1031 214
1022 1067 153
1035 1059 46
1044 1078 292
1069 1110 112
1077 1086 68
1090 1138 201
1106 1139 191
1118 1125 232
1141 1167 50
1165 1192 118
1177 1202 129
1205 1255 180
1219 1260 228
