80
26 54 107
28 30 91
53 73 47
68 77 23
69 83 280
87 97 261
100 147 246
128 170 297
157 164 128
179 196 274
181 194 4
191 205 122
216 256 44
232 280 32
252 301 291
272 293 35
276 282 85
278 300 289
285 291 249
299 335 136
324 351 63
329 342 259
355 359 209
361 400 252
369 382 81
388 437 274
402 437 99
426 436 290
428 465 64
433 451 200
440 466 147
453 468 156
468 515 232
487 536 108
513 544 65
529 553 48
531 541 37
559 583 81
562 608 138
589 599 36
593 626 257
623 636 185
637 657 274
642 684 149
646 692 252
647 652 46
663 677 153
678 703 55
700 725 36
711 745 110
741 789 230
759 796 212
761 762 300
765 782 155
767 776 223
795 839 294
803 804 106
816 864 62
846 871 121
871 885 171
885 906 260
905 934 68
917 955 218
927 932 183
935 984 46
951 956 275
953 972 250
963 1001 198
983 1009 96
1011 1056 262
1039 1053 191
1057 1084 30
1063 1084 39
1083 1128 289
1113 1119 50
1126 1150 296
1131 1165 188
1136 1184 61
1151 1154 280
1161 1188 289
