80
8 46 101
32 63 107
53 55 45
55 84 275
68 88 97
79 87 50
108 127 177
133 139 16
162 170 132
167 206 242
191 212 218
202 208 13
223 245 26
232 278 137
237 269 58
259 279 175
273 315 159
294 310 288
297 316 34
317 323 145
320 354 163
333 370 66
353 400 95
367 380 223
383 401 4
391 396 23
406 447 127
423 439 266
434 475 164
456 494 148
473 493 31
479 491 143
487 497 167
513 530 234
534 565 230
560 565 285
572 595 158
578 587 262
598 641 24
607 637 168
621 637 195
624 669 249
634 647 199
652 664 154
657 676 78
681 689 210
709 747 231
710 727 131
737 763 156
737 764 252
761 799 95
778 821 231
802 820 124
820 862 55
834 858 148
838 880 5
847 888 3
860 894 93
878 900 277
900 911 6
929 954 141
942 989 58
943 977 150
953 996 49
953 970 153
958 970 66
959 1005 85
973 999 223
992 1037 76
999 1018 120
1013 1040 22
1016 1059 160
1025 1033 78
1045 1075 42
1068 1097 127
1076 1111 183
1083 1128 144
1096 1099 212
1111 1150 208
1125 1131 250
