80
27 67 203
54 89 106
64 80 60
76 82 234
84 103 217
101 125 220
114 155 288
116 123 156
132 171 56
155 172 98
157 158 117
163 168 210
181 210 83
202 249 177
227 241 234
246 285 82
264 284 147
272 313 97
289 308 90
302 310 103
320 341 231
338 349 20
363 392 120
371 416 234
398 444 74
414 443 3
435 453 24
439 479 200
457 474 190
479 498 31
498 527 32
521 569 192
541 549 184
555 566 244
563 607 243
584 634 60
608 638 239
617 620 9
621 666 69
621 652 9
643 651 182
648 656 193
657 691 74
666 714 39
673 694 216
698 744 123
726 748 89
748 792 96
773 788 30
773 820 29
783 816 74
812 859 178
826 866 269
834 848 72
861 910 209
868 891 96
882 928 80
898 914 135
928 929 206
953 984 175
962 970 291
979 990 103
1009 1030 76
1028 1033 256
1052 1081 6
1054 1065 5
1059 1097 190
1081 1117 75
1085 1129 40
1095 1110 72
1122 1128 271
1123 1145 91
1152 1160 118
1153 1194 210
1161 1209 79
1166 1193 295
1169 1203 29
1181 1218 141
1203 1211 292
1218 1223 68
