80
20 61 98
28 50 233
39 49 281
48 89 200
48 60 87
66 83 173
85 92 79
113 120 145
114 122 38
136 138 227
147 175 104
156 170 256
160 201 294
182 198 109
186 202 111
205 239 64
215 250 217
219 222 297
237 276 198
261 292 156
265 279 286
267 271 291
289 312 142
319 357 146
341 380 90
353 380 136
372 392 82
386 406 168
391 405 14
418 468 103
425 472 203
440 485 184
460 483 25
467 481 78
487 534 180
490 525 194
511 522 37
541 564 62
543 565 120
545 569 71
561 583 228
573 598 241
577 592 100
604 625 87
631 677 141
649 699 84
679 694 192
682 698 185
705 755 240
716 764 275
724 736 94
724 761 107
750 760 55
758 806 100
777 817 276
786 824 188
816 854 58
844 888 245
845 883 184
853 862 108
866 895 149
885 903 81
905 934 26
925 947 283
955 974 264
957 982 168
983 1008 32
1004 1045 97
1027 1053 285
1029 1058 231
1031 1039 174
1049 1067 50
1066 1072 25
1067 1090 213
1074 1102 47
1096 1138 265
1120 1168 221
1127 1151 150
1151 1189 97
1165 1175 37
