80
13 44 270
14 19 208
15 43 297
26 60 275
56 58 136
85 112 173
92 108 288
121 141 150
132 172 277
139 184 93
140 177 244
153 179 229
168 186 190
174 213 216
175 223 11
187 222 117
210 240 136
218 264 251
246 295 295
252 264 158
261 304 1
279 285 43
307 354 239
332 380 281
352 390 30
359 362 166
362 395 131
370 375 262
386 407 267
405 417 35
414 422 249
440 463 247
462 499 120
485 531 144
501 520 102
514 530 10
529 542 154
532 576 281
558 600 13
563 581 242
592 615 27
608 620 139
628 629 213
628 676 209
651 667 187
663 700 131
677 719 230
681 696 127
688 701 219
713 744 80
726 765 149
729 753 100
759 781 88
777 796 224
788 835 200
791 811 241
806 818 243
811 845 173
841 869 243
864 886 241
891 922 235
919 968 14
947 987 116
958 994 163
971 987 231
1000 1002 112
1030 1054 180
1058 1103 250
1081 1100 15
1101 1148 86
1117 1128 48
1122 1150 235
1142 1164 84
1163 1189 20
1176 1215 279
1195 1234 202
1201 1204 136
1214 1254 64
1236 1253 39
1256 1285 43
