80
16 44 240
30 74 269
54 97 140
61 86 54
81 108 258
105 119 186
119 138 265
147 196 86
173 188 35
203 236 230
217 243 89
223 230 198
233 254 214
246 249 180
270 309 286
275 312 28
288 337 120
291 304 106
301 330 233
303 317 23
331 366 197
337 341 161
350 391 39
359 402 139
359 374 113
366 400 107
394 435 158
406 420 181
420 440 281
448 479 27
465 506 287
467 503 114
486 531 76
493 520 173
497 513 224
523 556 251
550 573 83
575 599 44
603 607 129
633 664 161
651 667 143
654 670 41
672 721 190
698 713 176
721 723 235
729 764 96
741 762 244
766 808 81
768 788 280
785 786 81
812 836 240
822 828 133
841 870 239
870 895 240
894 900 224
908 942 162
920 937 281
922 957 54
946 955 273
960 968 241
985 1003 142
990 1026 160
1003 1033 217
1015 1034 246
1042 1075 235
1056 1090 145
1083 1089 26
1103 1104 296
1133 1179 176
1161 1178 54
1177 1191 163
1187 1231 270
1214 1256 278
1219 1246 235
1222 1233 284
1240 1269 44
1251 1279 93
1254 1259 253
1269 1301 107
1296 1330 3
