80
29 67 249
42 79 241
66 101 278
85 116 283
101 135 223
101 145 5
103 151 156
123 170 49
133 137 217
151 201 66
176 193 202
204 245 112
215 216 156
235 285 18
257 278 69
274 312 77
298 334 160
306 339 33
330 344 11
359 368 121
379 398 122
403 422 31
424 438 100
446 491 17
449 458 29
457 468 169
478 503 143
479 511 286
486 535 69
514 564 12
516 547 149
537 581 108
551 596 114
572 577 183
587 601 268
598 626 116
598 625 57
624 659 47
654 681 198
665 703 192
673 717 39
687 730 174
688 712 92
699 720 91
713 734 61
721 746 236
742 749 61
770 784 8
782 816 248
787 826 49
789 797 196
797 839 24
818 825 145
841 884 191
844 850 215
874 897 68
897 929 50
907 910 176
915 954 99
943 987 225
973 984 177
995 1038 73
1013 1045 168
1025 1057 160
1034 1060 73
1056 1070 108
1074 1116 226
1074 1118 158
1075 1112 13
1085 1098 202
1103 1143 46
1118 1145 18
1132 1142 38
1159 1163 230
1163 1203 40
1180 1202 144
1194 1208 86
1213 1251 214
1229 1236 223
1241 1272 198
