80
5 19 233
7 57 299
25 62 209
28 33 258
47 48 101
69 70 151
91 98 83
107 151 205
117 137 252
136 175 128
143 184 98
151 168 1
156 203 52
163 170 219
184 222 85
199 239 297
219 231 41
219 222 164
238 268 173
262 302 195
278 298 206
286 295 264
290 333 227
292 303 275
319 348 175
319 330 290
325 365 17
353 381 104
379 397 157
400 429 153
425 467 4
429 435 296
453 491 180
467 471 176
494 508 157
524 566 49
535 544 171
565 604 68
566 571 177
583 588 209
599 647 127
623 653 23
624 638 49
628 629 242
634 661 10
646 694 4
652 675 90
658 682 146
681 711 293
699 709 261
714 725 60
742 746 248
751 759 119
776 815 192
785 792 177
806 820 43
808 811 79
813 841 199
834 837 13
861 896 87
865 878 222
880 884 232
894 901 193
913 918 102
928 941 164
936 959 241
949 990 24
956 1006 169
957 977 138
980 1005 281
1010 1036 128
1021 1029 95
1021 1053 107
1024 1031 277
1046 1094 225
1061 1090 150
1087 1113 124
1094 1110 51
1101 1114 111
1107 1144 284
