80
2 47 217
22 50 278
29 58 120
46 66 224
70 107 104
71 116 194
75 89 199
100 121 259
124 132 74
145 163 39
161 194 46
188 194 151
204 248 57
221 246 230
240 246 169
258 297 251
260 274 175
262 274 70
291 317 287
316 354 47
338 362 263
351 379 284
381 401 24
397 412 128
407 414 213
416 418 266
441 468 104
455 486 282
468 499 219
483 490 110
488 532 131
515 532 205
517 566 250
533 535 134
546 579 1
559 596 54
567 597 276
578 610 157
600 626 57
605 641 57
620 634 88
650 676 99
676 678 232
695 708 118
697 716 296
726 775 263
746 769 202
766 789 111
769 781 240
799 822 57
822 852 190
847 875 79
851 897 28
872 886 295
879 900 111
907 929 78
933 943 244
933 964 252
962 998 88
986 994 250
998 1014 174
1001 1002 10
1003 1025 273
1033 1057 254
1055 1068 30
1084 1124 214
1090 1125 209
1098 1126 232
1121 1168 214
1140 1178 52
1167 1209 24
1173 1222 205
1198 1200 295
1228 1236 201
1247 1266 78
1260 1289 37
1275 1282 241
1294 1308 274
1304 1335 201
1334 1370 108
