80
17 55 289
25 33 187
40 60 183
46 85 167
64 72 91
80 120 281
82 109 29
96 134 166
124 135 262
144 151 142
162 189 120
162 194 26
173 212 222
176 219 169
201 202 160
213 252 264
241 270 221
271 289 10
299 321 285
315 343 267
324 372 112
354 388 88
355 376 90
359 366 266
375 390 182
404 434 138
421 462 178
438 484 229
455 466 221
476 526 279
505 526 174
510 546 296
510 545 68
512 543 149
524 560 112
542 589 166
571 590 189
600 642 224
611 658 100
619 652 4
642 655 65
657 669 224
661 700 213
690 724 216
708 731 229
735 778 157
744 746 236
749 751 49
750 778 165
776 808 182
806 849 122
817 853 86
828 849 223
829 859 293
841 887 138
863 877 229
871 878 1
877 898 178
890 933 21
908 915 213
925 975 249
950 980 154
957 964 82
967 978 115
978 1009 32
1000 1002 106
1001 1031 114
1001 1029 290
1030 1052 98
1052 1082 85
1073 1111 64
1095 1138 280
1121 1132 162
1130 1143 259
1137 1141 176
1144 1188 114
1160 1169 24
1185 1193 186
1203 1220 4
1230 1236 156
