80
20 25 46
40 63 296
69 70 197
85 94 284
92 93 179
100 147 167
113 140 131
136 153 123
136 137 178
157 183 268
183 217 195
209 247 13
218 233 279
219 233 271
248 277 79
250 294 269
275 312 213
287 302 76
302 303 31
308 356 280
321 337 240
342 361 97
365 395 155
376 424 171
397 442 1
409 427 58
414 417 257
441 442 37
445 475 22
465 488 141
490 511 202
499 522 222
525 541 290
552 557 7
561 595 113
568 586 19
591 613 119
605 633 234
608 640 11
637 670 285
665 669 125
674 693 117
697 740 217
698 710 272
711 743 234
728 761 64
750 773 16
771 776 80
790 835 209
810 850 114
832 860 133
859 863 221
888 900 20
912 931 245
931 953 49
955 960 181
975 1001 193
993 1026 243
1004 1020 82
1019 1065 67
1023 1051 77
1047 1049 148
1072 1104 183
1072 1100 162
1097 1120 74
1107 1145 34
1118 1156 106
1123 1173 172
1127 1164 263
1149 1193 294
1161 1205 261
1173 1205 102
1176 1201 62
1178 1182 264
1197 1200 13
1215 1244 175
1238 1287 277
1238 1272 46
1252 1261 235
1272 1311 210
