80
29 67 38
32 69 48
48 58 227
78 125 194
84 97 233
103 126 192
104 133 246
108 133 176
131 179 61
158 198 248
165 185 195
176 220 220
176 186 176
203 252 287
229 234 137
229 239 179
252 285 128
263 276 168
289 326 27
289 314 101
291 326 256
311 348 71
325 353 69
332 357 141
333 355 234
339 352 49
347 395 137
357 395 86
375 407 152
382 394 299
406 438 31
420 440 7
430 467 295
458 479 225
466 516 253
493 530 234
516 531 110
525 532 86
555 556 146
575 622 278
599 624 227
601 645 22
624 629 148
642 643 73
643 648 288
646 648 265
666 716 257
672 720 280
674 687 211
676 685 254
694 709 82
698 713 79
712 735 21
715 718 96
728 778 188
752 770 46
769 790 220
789 813 223
796 812 40
808 822 164
836 884 67
840 873 100
857 904 137
859 864 180
863 869 157
892 916 32
919 943 269
930 966 48
932 943 296
950 956 170
964 975 91
969 995 59
988 1006 130
996 1034 51
1012 1037 12
1030 1065 134
1035 1067 86
1057 1085 133
1077 1104 56
1077 1099 227
