80
30 62 59
39 81 64
54 100 90
61 78 203
78 115 262
99 149 204
107 116 259
133 169 187
142 162 47
150 166 67
177 191 16
185 216 17
211 258 242
215 244 55
230 239 229
254 289 10
259 285 274
271 289 31
293 315 230
300 346 12
316 358 32
324 361 287
352 397 127
374 401 239
374 381 217
385 399 190
390 408 296
403 407 282
425 455 3
454 473 135
462 512 175
464 502 74
486 529 250
513 526 263
529 534 227
555 592 84
573 590 25
577 591 62
602 650 141
626 630 171
637 676 72
638 678 258
665 701 89
678 691 204
691 717 72
704 711 222
713 735 186
737 775 95
767 776 59
796 836 17
808 846 139
826 834 285
831 863 181
848 890 49
878 927 223
888 898 107
895 924 4
919 965 219
935 964 148
952 958 40
976 989 190
998 1044 59
1021 1026 213
1024 1033 61
1047 1093 165
1056 1100 112
1086 1095 105
1104 1154 161
1109 1127 233
1139 1157 268
1152 1170 124
1157 1181 198
1170 1195 55
1183 1218 150
1209 1223 264
1224 1243 14
1247 1273 251
1248 1288 155
1265 1275 146
1289 1322 261
