80
3 15 101
19 59 48
43 68 41
70 80 192
88 137 251
103 108 58
118 156 66
131 151 175
158 192 256
175 222 158
198 223 214
222 251 182
244 256 33
251 296 3
268 304 60
274 323 57
302 333 207
329 331 109
335 369 91
360 398 167
363 407 291
393 412 91
400 419 78
430 444 42
432 469 86
455 490 128
456 495 152
471 503 206
490 495 279
502 549 7
516 557 68
543 563 84
567 612 89
567 587 17
592 597 168
607 612 285
613 619 250
642 680 110
643 657 122
669 705 169
672 720 273
696 742 56
699 704 122
722 725 248
741 755 203
752 770 270
761 798 261
762 765 180
773 814 49
774 799 237
793 803 182
817 822 278
842 852 59
862 884 278
874 917 215
901 907 217
930 978 122
934 949 109
938 950 107
960 1009 6
975 1011 167
978 1005 163
983 998 86
1001 1007 140
1025 1049 75
1046 1057 246
1059 1066 161
1074 1083 180
1101 1114 296
1108 1146 182
1108 1117 25
1128 1172 175
1152 1182 183
1171 1189 149
1173 1222 93
1197 1229 48
1212 1235 218
1216 1224 22
1219 1252 260
1246 1291 275
