80
27 45 168
49 64 164
59 102 201
87 106 267
110 125 77
138 142 264
145 165 284
172 204 264
188 237 28
189 202 205
213 251 153
240 275 35
252 276 284
266 267 101
296 300 294
300 307 299
323 357 252
346 371 255
373 376 219
382 385 295
396 411 73
412 450 265
430 471 266
447 478 120
455 461 26
460 494 122
483 488 49
504 551 235
504 524 249
504 525 182
529 548 217
551 564 55
564 585 261
576 589 51
592 624 294
610 611 81
622 662 94
649 678 145
671 700 105
688 716 256
711 731 190
719 752 234
740 757 224
757 800 299
766 816 202
789 814 295
814 840 16
843 866 182
848 874 157
868 873 203
883 933 286
900 930 116
930 936 218
931 940 219
944 980 70
954 975 24
973 977 171
974 1023 232
984 991 267
984 990 180
1002 1044 79
1025 1046 104
1030 1069 242
1037 1054 184
1047 1067 184
1051 1067 83
1053 1057 257
1069 1117 52
1069 1084 211
1092 1133 10
1114 1145 70
1137 1144 145
1163 1182 297
1177 1202 280
1206 1244 156
1225 1235 141
1254 1272 279
1276 1313 91
1278 1282 294
1284 1297 86
