80
1 30 117
2 46 132
24 56 89
48 89 260
62 95 35
73 112 58
101 104 128
127 162 92
144 163 87
165 209 58
182 221 187
184 186 14
188 228 146
201 243 69
212 219 222
239 244 123
265 314 54
286 329 209
298 344 14
310 322 5
313 338 62
318 322 41
323 353 218
348 356 35
352 401 43
368 409 268
389 435 120
418 431 163
431 480 227
434 444 220
440 486 266
465 504 41
466 469 256
494 536 2
512 553 240
526 570 289
529 539 105
552 595 65
578 624 181
597 635 157
613 639 276
628 669 218
648 697 233
649 663 206
666 673 274
677 705 238
699 712 73
715 746 54
721 736 249
728 737 90
748 789 148
770 812 276
796 825 291
798 803 91
806 815 241
822 843 192
833 857 21
842 858 144
862 873 285
874 918 206
898 934 265
919 959 230
926 927 119
937 985 273
946 972 2
975 1022 190
987 999 33
999 1038 46
1021 1064 8
1038 1076 161
1040 1062 10
1057 1102 164
1064 1106 267
1067 1076 288
1069 1114 2
1083 1108 100
1112 1115 126
1127 1175 204
1137 1153 95
1138 1177 114
