80
8 42 252
34 62 64
36 68 230
47 82 134
63 112 273
82 95 24
97 128 189
100 129 98
114 117 126
131 166 80
139 189 288
154 185 88
165 193 152
195 225 87
219 259 211
237 253 23
240 279 229
250 266 285
279 328 171
280 318 215
300 334 114
330 379 47
350 388 14
373 397 201
374 394 136
403 437 138
418 421 26
435 442 217
455 500 175
474 518 95
479 514 201
496 529 27
516 520 47
541 559 294
569 584 85
578 597 130
578 618 60
587 632 18
611 654 74
627 671 103
629 644 53
641 648 272
667 688 285
692 734 216
720 733 84
732 769 250
742 745 141
744 761 59
744 750 221
747 756 82
771 813 128
771 787 108
790 792 86
816 859 197
834 879 294
848 872 240
855 873 11
864 880 209
888 924 4
889 905 60
917 945 243
942 986 137
959 975 46
960 980 30
984 1006 32
987 1021 92
1016 1053 61
1019 1054 107
1033 1077 169
1035 1059 178
1041 1058 199
1060 1088 211
1085 1127 268
1087 1131 107
1111 1121 1
1127 1171 13
1138 1151 147
1138 1145 210
1139 1149 300
1162 1179 140
