80
28 43 254
45 90 54
64 72 18
74 84 261
83 116 96
95 131 62
97 143 160
100 113 254
109 126 103
126 142 155
128 158 196
131 181 232
159 206 250
180 199 25
210 243 229
219 245 202
222 241 148
250 278 49
258 280 288
269 315 33
278 309 113
308 333 236
333 371 123
341 357 250
365 405 242
384 391 242
395 421 181
418 453 74
435 479 271
447 488 256
455 484 92
475 510 155
492 522 263
521 565 51
547 552 197
560 575 145
581 587 152
584 594 257
611 627 102
613 647 236
635 647 25
665 690 233
674 699 74
695 720 282
702 703 283
719 767 137
725 774 68
733 735 78
736 786 38
765 776 181
771 807 86
799 809 165
804 820 194
812 853 63
817 854 35
836 845 226
842 843 156
862 895 186
865 866 143
877 917 53
888 932 220
903 946 224
918 952 181
945 955 6
956 967 290
960 975 190
976 1004 262
993 1025 148
1013 1042 209
1022 1071 184
1038 1057 20
1050 1057 66
1066 1071 84
1093 1122 267
1107 1153 217
1118 1148 231
1136 1159 183
1150 1152 256
1158 1163 204
1162 1176 170
