80
23 58 119
50 93 215
52 54 144
63 108 169
91 92 237
112 130 75
115 146 270
130 151 22
130 155 46
146 185 54
154 200 285
177 185 186
183 233 143
196 218 184
204 233 91
217 265 94
237 249 293
263 279 95
278 289 288
295 329 140
312 357 153
330 333 256
344 355 12
350 354 72
360 379 297
375 412 155
392 416 248
404 425 42
425 454 25
435 471 135
445 459 51
452 477 120
465 513 117
494 539 100
496 515 131
516 527 199
527 572 148
550 588 268
567 573 76
570 584 137
586 625 225
596 628 168
607 634 122
623 632 72
637 661 239
650 673 254
671 708 126
676 690 109
678 717 180
692 730 27
716 759 169
742 744 203
762 768 115
765 788 115
766 812 94
791 819 257
810 841 140
840 875 244
848 853 112
878 890 253
890 896 60
901 906 203
914 930 21
937 938 270
967 971 228
989 998 27
1018 1066 216
1048 1092 293
1070 1098 271
1081 1084 262
1086 1115 197
1099 1135 225
1121 1168 167
1129 1143 159
1135 1146 6
1162 1182 24
1170 1186 227
1170 1184 87
1195 1231 65
1210 1259 40
