80
18 28 32
26 32 44
46 51 91
48 61 62
76 111 121
86 93 274
109 145 85
127 165 106
157 174 259
158 163 192
177 187 198
188 230 73
207 249 222
235 242 33
249 272 208
263 294 267
293 297 187
311 352 26
317 324 263
345 372 68
370 380 217
374 379 86
382 403 181
412 442 55
427 453 173
450 459 244
472 497 197
476 489 265
483 517 107
488 491 213
491 516 43
492 534 294
509 528 148
517 527 219
519 537 37
521 552 43
529 577 179
530 537 20
552 566 77
554 567 2
579 614 132
597 628 89
601 619 129
611 658 66
636 641 200
661 681 58
689 722 163
707 757 247
735 737 212
755 783 161
777 787 58
777 785 19
798 828 47
798 833 10
825 849 209
834 846 96
863 883 204
889 920 137
889 918 88
904 914 130
919 956 60
931 936 243
942 986 208
968 979 144
977 1018 248
977 1016 288
990 1019 41
996 1001 20
1020 1031 80
1028 1046 239
1053 1068 235
1078 1114 120
1082 1126 41
1094 1137 96
1122 1125 294
1151 1156 105
1181 1192 249
1205 1211 10
1225 1230 22
1237 1258 285
