80
28 44 158
51 91 14
80 126 122
89 94 135
95 140 267
102 136 249
102 133 219
117 164 69
131 175 56
133 169 87
133 137 40
151 178 284
155 196 229
155 176 41
155 163 121
175 221 128
204 248 128
207 226 74
216 233 56
237 251 178
251 301 146
270 274 181
299 323 187
310 319 5
317 348 288
326 346 197
344 386 18
356 368 261
369 396 52
393 397 271
396 402 31
413 414 61
437 438 19
450 500 132
479 514 184
502 542 188
520 567 55
538 568 146
551 558 90
568 612 147
595 643 252
619 631 175
637 663 82
652 682 177
678 723 76
694 736 48
707 711 84
722 762 73
741 768 35
753 784 188
773 800 297
773 818 158
800 801 9
814 842 28
833 878 262
863 885 142
876 883 134
882 890 190
885 916 131
909 926 174
926 933 275
950 972 205
969 974 39
987 1024 108
1006 1031 122
1032 1071 151
1051 1081 278
1071 1101 288
1071 1076 162
1096 1112 260
1106 1148 224
1112 1149 51
1127 1149 150
1128 1130 149
1137 1181 162
1150 1187 51
1166 1204 59
1193 1231 214
1194 1196 282
1211 1247 101
