80
30 66 220
56 69 9
78 85 226
103 113 98
121 166 32
122 133 218
137 146 89
150 162 197
176 203 62
191 201 156
205 243 167
207 254 122
237 244 244
252 299 224
279 295 286
300 332 258
329 357 115
356 372 68
360 371 29
366 394 62
372 391 122
375 380 261
405 412 287
428 441 200
436 450 277
465 473 206
482 513 3
504 538 48
511 555 235
527 569 243
551 577 213
561 600 216
572 596 234
586 593 157
586 587 72
601 634 164
625 629 283
626 675 54
645 690 290
648 697 106
669 679 221
673 694 103
680 720 100
698 716 288
708 725 136
715 758 249
745 762 175
754 767 16
784 822 245
810 822 129
832 853 53
860 895 221
863 881 221
872 878 175
891 909 123
914 957 96
939 985 101
955 961 224
968 987 26
990 1011 119
999 1045 16
1002 1029 254
1008 1031 50
1015 1050 271
1030 1049 14
1035 1038 39
1062 1078 68
1077 1115 212
1096 1097 27
1101 1133 162
1103 1150 94
1120 1142 132
1124 1129 148
1143 1189 228
1173 1206 101
1202 1251 25
1222 1263 49
1249 1284 281
1279 1282 164
1289 1311 9
