80
0 30 286
3 5 133
14 15 152
32 58 193
62 85 88
68 93 134
75 102 274
93 122 87
113 129 37
114 150 177
132 137 94
132 149 211
160 189 193
163 211 204
193 241 100
198 229 2
222 252 248
251 274 90
277 323 142
292 338 2
307 337 63
316 354 282
330 352 209
353 387 278
380 408 7
410 457 80
410 448 70
412 424 208
423 449 200
437 443 90
439 455 140
452 500 219
466 512 197
475 483 40
484 508 207
488 496 163
512 554 240
539 557 68
558 604 47
559 560 174
580 606 144
583 610 206
602 634 89
622 624 213
622 638 144
646 681 101
656 690 188
684 731 223
710 758 110
738 775 257
748 751 70
767 773 213
770 796 198
780 815 4
791 838 117
810 813 244
821 854 70
839 880 51
852 855 162
875 898 270
901 947 116
907 940 294
924 927 13
931 940 12
950 971 233
958 986 289
977 1008 292
999 1033 92
1006 1030 254
1036 1049 19
1053 1102 264
1079 1119 141
1087 1134 133
1111 1150 99
1126 1153 103
1141 1172 29
1141 1188 25
1164 1211 13
1165 1192 208
1170 1190 193
