80
18 64 22
33 55 237
51 82 30
51 79 144
71 107 222
94 126 12
119 139 292
143 168 146
161 183 186
163 165 29
179 223 282
209 250 294
211 223 259
233 246 163
257 288 15
259 296 33
276 302 93
306 331 146
332 357 82
355 364 105
381 417 108
407 414 211
435 439 60
435 448 77
448 467 72
449 475 192
465 476 175
481 513 186
492 512 55
502 546 9
529 563 106
559 564 123
574 619 37
599 628 230
620 637 133
627 660 100
644 693 19
658 697 130
669 675 95
673 681 137
683 716 19
691 726 232
707 741 198
712 740 49
732 740 21
734 771 53
763 767 187
782 824 129
784 824 2
785 827 229
803 813 27
807 825 184
831 874 206
843 858 174
862 886 221
870 910 81
887 888 58
897 923 9
925 939 182
937 941 269
949 957 233
958 988 237
987 1019 51
1011 1054 267
1015 1036 113
1030 1069 165
1050 1091 215
1079 1082 184
1098 1107 202
1105 1128 53
1109 1130 145
1128 1160 135
1154 1161 51
1158 1183 180
1173 1192 235
1190 1208 176
1209 1215 262
1229 1240 120
1238 1283 172
1250 1251 286
