80
14 47 172
28 42 256
45 92 3
55 79 294
67 105 32
77 86 300
105 141 264
106 122 183
110 134 97
139 162 184
143 150 199
145 194 176
169 185 99
192 227 256
217 235 58
238 261 99
259 297 259
270 279 152
296 335 12
301 310 139
309 345 20
331 353 143
337 361 24
352 397 142
358 397 138
382 415 104
412 452 159
436 445 153
464 473 216
472 503 163
497 540 85
504 553 37
534 535 240
542 558 129
569 591 111
590 612 103
616 652 42
627 635 131
655 657 285
670 720 11
688 691 80
711 720 277
734 743 289
761 791 117
763 781 148
778 793 260
787 823 89
796 809 72
816 825 212
839 840 73
867 892 109
884 926 288
905 926 69
934 963 48
950 995 299
963 998 56
989 995 184
1017 1040 96
1021 1057 299
1030 1075 247
1038 1078 38
1044 1093 149
1074 1090 200
1091 1098 261
1098 1133 179
1098 1127 74
1123 1133 227
1150 1196 122
1155 1196 211
1167 1184 88
1173 1182 132
1177 1211 267
1190 1211 111
1213 1215 132
1223 1271 109
1231 1267 33
1242 1272 112
1250 1293 184
1278 1309 227
1289 1324 181
