80
21 44 221
24 52 23
27 48 10
40 43 96
57 82 174
73 102 179
83 128 266
103 123 122
127 175 31
148 161 37
160 166 141
167 191 22
195 219 272
218 235 266
243 278 80
244 278 291
245 273 275
271 292 94
295 301 68
319 363 197
326 337 184
330 375 300
333 380 23
346 361 173
371 393 64
400 435 44
409 456 293
422 453 39
444 461 257
473 474 114
489 514 199
497 525 189
500 545 132
505 553 215
508 528 299
535 556 191
547 554 86
577 595 187
585 612 62
613 618 25
632 671 289
644 687 223
649 661 24
649 673 56
659 708 134
661 684 74
680 704 223
708 709 39
738 758 129
766 795 237
767 816 270
777 795 262
798 816 300
817 833 205
838 848 164
855 856 208
882 921 170
901 908 57
927 977 211
929 964 176
941 961 157
958 987 237
985 992 276
987 996 92
1010 1034 40
1020 1068 209
1036 1073 155
1051 1092 220
1075 1108 256
1099 1108 300
1099 1132 113
1121 1150 32
1125 1162 113
1136 1171 161
1158 1171 146
1166 1188 223
1180 1203 43
1206 1251 12
1236 1269 250
1257 1280 79
