80
17 67 131
31 63 95
31 32 187
46 86 108
50 79 135
56 91 261
68 72 255
77 119 188
79 108 221
92 119 240
98 113 147
113 161 210
131 148 227
139 146 247
140 162 37
161 190 215
171 191 143
199 237 50
202 228 138
210 238 119
217 245 219
217 228 287
237 272 77
249 254 150
263 302 168
282 306 36
311 331 284
340 388 33
357 362 271
382 388 177
411 422 86
423 463 24
438 454 227
444 490 68
450 464 151
469 514 40
484 502 95
499 502 87
525 528 205
536 584 266
542 586 19
551 571 160
575 612 247
601 633 62
627 630 299
637 662 208
644 661 71
654 666 232
670 695 244
680 702 176
703 715 259
714 738 62
738 768 171
762 779 94
771 813 1
784 793 274
805 842 254
822 857 63
840 844 230
852 861 118
865 906 54
879 910 48
899 949 158
908 934 231
937 957 27
940 983 300
944 988 110
959 1009 73
972 1002 163
980 1015 49
1005 1052 257
1013 1060 268
1017 1018 198
1029 1078 256
1048 1067 206
1056 1058 260
1068 1091 143
1087 1122 214
1094 1106 122
1095 1106 23
