80
12 45 122
25 27 238
42 80 163
68 116 5
71 77 133
79 94 17
96 107 152
99 117 4
119 129 147
121 154 114
143 193 188
170 220 65
188 202 52
199 238 98
212 216 86
223 234 252
245 277 158
251 263 122
276 323 231
277 298 208
287 300 79
316 362 20
336 342 168
363 371 151
373 399 173
395 414 264
413 419 53
434 446 181
463 475 283
473 489 37
502 537 166
505 508 226
516 558 159
532 536 143
544 580 187
564 610 17
576 618 90
589 597 27
605 616 129
631 634 107
649 672 73
658 676 103
670 679 249
693 721 26
721 770 263
734 765 121
748 752 214
767 814 266
775 791 54
784 825 54
807 840 89
823 834 122
829 846 150
852 875 116
852 873 106
860 901 52
864 895 97
867 912 93
888 921 83
891 935 274
907 908 166
935 946 212
939 949 224
962 973 289
980 1004 243
984 994 110
1007 1024 166
1010 1037 265
1021 1034 276
1044 1089 290
1054 1061 71
1079 1089 238
1088 1094 33
1104 1124 57
1134 1173 243
1159 1204 175
1182 1184 44
1198 1209 288
1198 1232 194
1200 1212 269
