80
0 4 40
30 47 87
44 90 115
54 100 11
82 125 20
111 154 283
131 136 38
160 193 88
189 191 296
218 266 178
232 277 204
260 269 285
278 285 16
298 319 251
301 308 59
322 347 76
327 334 237
336 356 81
358 390 50
378 390 171
384 394 70
409 410 300
412 427 3
442 492 247
450 486 297
475 500 174
497 507 69
510 515 69
538 565 80
543 552 175
547 586 287
563 575 90
567 609 50
596 597 113
601 635 150
601 626 1
623 663 222
634 642 176
655 657 28
655 679 126
682 697 286
688 693 92
706 751 109
729 752 149
751 782 159
775 796 30
796 815 104
820 841 110
850 883 191
854 900 226
866 885 43
874 904 225
876 896 147
883 910 1
912 938 90
924 963 147
953 975 290
966 970 47
994 1003 119
1003 1005 229
1027 1031 150
1043 1078 71
1055 1103 281
1072 1092 294
1083 1130 214
1085 1111 278
1115 1136 211
1129 1168 40
1151 1194 294
1173 1182 29
1198 1213 181
1210 1228 281
1234 1236 243
1261 1266 148
1263 1268 245
1266 1271 161
1294 1305 139
1305 1347 77
1316 1327 121
1334 1359 268
