80
11 28 36
33 40 221
45 88 126
72 114 80
76 81 37
99 142 38
101 148 113
122 128 260
130 149 201
153 197 267
164 213 147
189 203 134
206 236 104
213 248 299
225 226 84
249 265 232
273 318 287
284 322 300
302 308 172
307 317 256
310 311 127
315 364 230
329 351 222
330 345 35
336 386 170
357 369 68
371 387 9
392 400 33
410 411 174
426 437 237
440 443 202
444 490 194
450 495 59
468 517 11
498 511 286
513 546 61
536 565 154
559 609 190
584 607 221
598 621 143
605 634 96
625 660 45
630 649 33
655 676 165
668 703 26
674 723 201
689 692 3
689 724 184
716 726 72
732 778 216
752 761 169
771 782 194
789 813 44
803 807 133
831 837 9
842 848 189
865 886 89
890 908 142
898 912 132
911 959 212
919 953 20
935 955 52
939 962 147
958 998 278
958 984 248
987 1023 52
990 1018 61
1017 1034 179
1022 1039 218
1042 1075 274
1072 1095 62
1081 1096 177
1097 1140 185
1125 1126 23
1139 1154 155
1142 1186 287
1145 1176 109
1146 1169 300
1166 1212 50
1177 1225 226
