80
26 34 193
56 99 289
70 85 101
90 126 226
105 126 188
127 144 74
140 166 210
163 183 217
177 187 124
191 203 12
214 226 47
242 262 103
264 309 254
290 332 6
291 303 139
303 353 198
333 371 256
362 401 5
382 403 228
402 438 284
407 427 36
407 442 50
435 451 242
440 475 37
449 483 96
461 511 133
475 518 93
492 510 89
497 526 124
516 556 300
528 530 275
558 605 86
583 616 135
597 611 96
599 617 296
604 610 164
608 653 186
611 652 231
637 666 279
666 678 285
668 682 86
672 720 29
687 711 174
714 764 259
737 767 123
743 763 35
770 774 91
781 783 119
795 824 109
813 854 173
825 829 217
830 847 242
859 860 58
886 896 170
887 908 16
906 947 38
908 928 103
935 963 175
942 964 106
942 956 157
949 983 50
963 987 266
983 1027 45
1007 1037 5
1013 1036 256
1015 1031 160
1041 1042 231
1059 1068 75
1066 1071 277
1067 1075 37
1077 1119 204
1097 1119 233
1106 1147 38
1110 1148 175
1120 1162 123
1136 1163 157
1145 1193 183
1151 1168 149
1154 1189 231
1155 1161 17
