80
19 38 110
41 77 272
71 107 44
84 115 185
97 137 254
104 110 192
119 122 242
130 180 8
150 174 250
165 183 283
180 186 194
180 229 181
193 226 128
223 266 253
237 248 204
256 288 177
264 303 244
288 310 206
301 324 157
305 336 199
326 373 184
339 360 116
363 372 125
374 409 159
392 436 4
399 421 31
399 443 238
411 418 48
430 441 173
454 502 197
458 497 90
464 494 152
480 529 269
509 529 115
513 563 248
542 575 170
550 567 295
565 614 292
584 630 239
606 620 86
626 649 132
644 649 173
646 648 289
673 680 289
696 720 115
712 755 142
725 775 178
745 787 27
755 799 286
771 789 56
788 809 1
808 829 129
821 856 292
844 867 185
866 899 220
869 877 197
870 885 239
877 912 160
898 913 23
926 937 150
944 955 82
964 972 139
993 995 7
995 1031 114
1011 1022 14
1022 1028 244
1049 1082 251
1068 1100 154
1094 1137 67
1111 1132 97
1113 1149 29
1138 1180 24
1167 1207 89
1174 1210 23
1197 1244 66
1226 1247 244
1246 1294 253
1252 1260 156
1277 1324 171
1289 1337 283
