80
17 30 235
45 69 81
70 114 53
85 96 255
101 130 184
108 153 65
125 168 136
147 173 199
164 169 32
178 207 178
198 245 84
215 223 250
224 265 200
231 270 80
252 294 102
257 295 64
261 295 264
281 293 9
293 303 37
306 341 228
336 378 242
339 358 248
363 364 82
386 431 298
388 427 144
410 417 279
414 460 62
423 432 203
428 477 30
457 491 123
460 473 180
476 503 3
490 495 211
518 535 148
538 586 198
544 553 64
561 578 33
575 618 228
595 628 175
611 638 277
621 636 110
647 679 169
649 661 298
653 693 151
670 715 80
678 727 173
684 714 12
696 733 296
725 755 242
740 755 184
757 795 111
765 815 72
789 803 295
809 817 276
819 828 120
833 850 255
861 909 245
888 925 244
903 951 262
922 944 205
929 966 110
951 971 300
981 1027 91
1009 1016 274
1033 1071 193
1038 1048 63
1050 1059 285
1070 1110 47
1098 1108 293
1118 1141 49
1120 1164 99
1143 1188 77
1151 1184 213
1152 1180 248
1166 1213 86
1185 1187 149
1208 1242 162
1210 1217 28
1231 1237 131
1243 1286 33
