80
15 51 9
44 63 26
66 110 250
87 135 105
90 109 198
103 124 225
105 137 243
126 150 44
155 180 175
179 189 249
192 207 61
218 229 202
226 270 240
240 276 42
267 294 173
278 321 85
298 327 238
303 322 146
329 361 285
342 382 287
347 359 84
352 376 117
359 386 3
388 400 218
403 452 139
409 448 208
424 474 247
445 488 83
462 496 59
490 507 284
495 524 2
517 540 201
520 561 17
544 564 11
564 597 147
571 615 82
590 594 288
590 633 219
600 628 278
610 648 283
616 624 141
639 656 140
660 683 3
668 709 254
688 689 177
692 695 202
716 762 213
725 728 221
751 761 195
769 796 128
772 820 296
774 817 263
784 822 29
806 853 149
830 857 195
852 857 2
877 906 226
895 931 47
921 943 33
936 951 136
944 966 256
951 958 102
952 996 30
977 1010 283
987 1022 186
1010 1058 277
1038 1078 238
1049 1084 108
1065 1073 297
1072 1116 133
1078 1088 219
1079 1127 271
1099 1112 277
1099 1106 34
1102 1122 130
1120 1160 98
1130 1166 202
1139 1173 23
1160 1180 256
1176 1202 53
