80
23 57 77
29 60 47
44 69 232
61 86 97
90 138 200
115 146 163
120 136 210
148 159 258
166 167 77
193 217 292
194 224 22
195 231 22
214 264 241
228 241 282
246 284 178
254 261 1
281 297 252
289 297 218
294 324 282
319 323 142
324 328 155
327 342 105
347 358 34
357 403 166
367 382 63
372 407 89
383 394 191
410 424 102
412 439 60
425 437 29
449 490 67
466 484 33
490 498 12
518 524 243
543 564 161
555 595 11
560 583 193
569 577 111
577 582 118
584 613 163
601 650 115
627 656 115
646 652 212
674 687 292
680 690 60
703 717 248
729 757 103
759 760 169
786 802 52
807 842 51
836 847 167
854 904 203
884 932 143
887 897 126
898 899 129
904 916 41
915 942 106
924 952 284
953 954 96
975 999 78
988 992 229
1001 1011 288
1019 1040 250
1042 1088 97
1061 1102 121
1068 1087 263
1069 1071 161
1093 1126 243
1113 1140 37
1125 1153 267
1139 1156 75
1143 1159 138
1163 1192 41
1168 1194 57
1185 1213 142
1209 1213 185
1217 1247 121
1239 1266 270
1252 1269 75
1253 1301 102
