80
22 69 21
26 45 277
50 98 150
79 95 141
108 156 16
124 169 134
131 173 168
137 186 35
159 188 185
160 207 221
161 184 225
186 194 151
203 236 118
214 249 254
220 264 133
242 278 279
252 295 102
264 275 255
276 325 221
292 311 8
301 329 89
317 337 294
334 365 154
359 370 290
379 407 84
390 431 110
402 446 276
423 466 58
431 433 150
448 497 11
475 501 172
475 509 130
497 501 133
507 531 211
516 557 213
546 574 231
567 568 269
596 598 139
599 626 182
621 630 138
632 660 267
646 648 126
665 713 274
690 692 239
703 710 298
717 741 214
721 741 57
736 781 110
738 787 15
746 747 147
757 782 212
780 830 270
790 801 122
797 818 287
800 831 254
816 853 288
833 877 263
862 866 153
862 902 263
882 891 158
898 941 136
916 947 60
939 953 17
944 990 1
950 977 288
964 1007 38
982 1021 259
1002 1016 205
1015 1061 165
1036 1057 170
1045 1090 107
1074 1091 280
1098 1101 81
1124 1137 42
1125 1172 67
1141 1189 255
1145 1182 124
1149 1167 290
1153 1194 73
1181 1209 152
