80
4 51 165
32 56 122
44 85 235
51 60 230
54 104 172
66 93 238
72 76 263
95 116 204
115 157 162
118 161 28
138 153 13
151 194 3
166 202 242
175 188 97
193 206 287
212 261 181
223 256 8
235 274 137
253 267 48
274 294 116
283 325 24
287 337 282
288 336 88
316 320 121
342 355 152
349 364 35
376 393 9
382 392 267
412 414 164
437 481 211
462 484 143
472 516 4
476 483 148
478 480 45
504 520 243
514 534 146
516 544 190
534 567 195
543 556 135
573 616 177
594 605 209
608 611 62
628 662 243
647 661 70
653 678 213
671 690 90
685 732 188
693 698 228
713 723 172
735 785 176
749 758 126
749 751 120
773 774 118
792 822 50
815 840 224
842 846 188
854 869 194
872 892 181
891 933 23
911 928 135
913 957 227
941 957 202
946 989 265
972 1003 103
975 986 48
992 1022 35
1002 1039 275
1011 1048 16
1020 1021 108
1021 1055 139
1027 1069 213
1039 1085 274
1043 1052 235
1047 1062 45
1061 1104 13
1080 1101 155
1101 1115 189
1104 1121 142
1106 1120 22
1113 1126 97
