80
27 38 298
28 57 5
43 79 18
66 92 205
74 113 219
79 124 249
81 88 89
99 105 280
123 129 4
144 175 290
148 178 169
150 184 228
172 218 265
193 198 233
210 231 263
221 270 243
223 251 173
246 266 193
258 272 136
278 292 234
294 302 137
301 336 298
310 337 266
338 349 256
342 351 116
350 351 158
363 383 27
381 395 61
397 430 168
398 406 237
409 448 101
426 432 111
445 450 298
453 463 124
460 481 230
489 530 35
506 508 160
522 546 271
532 581 287
548 585 283
561 565 1
573 593 175
602 621 74
607 635 243
630 673 298
659 689 116
678 684 258
696 740 213
722 767 94
729 774 194
758 773 204
760 806 244
781 805 140
783 818 236
787 823 1
799 837 79
811 859 109
811 832 113
838 871 96
840 848 260
841 879 115
847 879 69
854 885 84
882 904 134
900 910 285
925 929 155
950 992 226
954 993 235
970 1004 210
993 1028 239
993 1015 116
996 1039 111
1014 1033 149
1019 1043 80
1036 1059 89
1036 1056 218
1052 1067 203
1055 1070 271
1070 1113 8
1087 1102 81
