80
10 16 265
31 50 41
40 42 177
46 53 219
52 86 276
78 122 111
79 95 294
103 152 240
127 172 299
156 204 88
160 203 272
182 209 13
191 204 200
210 216 114
217 248 130
217 220 18
238 274 136
264 281 48
280 287 10
310 355 121
319 331 132
340 377 138
362 364 253
375 387 235
394 438 73
417 431 214
439 444 289
459 502 64
476 489 17
477 504 231
504 530 246
509 536 299
523 561 164
533 546 40
550 587 241
567 582 17
569 584 157
582 619 71
593 636 72
610 632 56
637 663 62
657 687 180
687 727 165
694 728 80
724 731 105
727 741 117
737 762 76
741 774 220
766 795 257
786 800 64
786 813 14
793 795 94
797 815 52
801 825 170
827 864 95
856 859 246
868 891 159
895 938 183
908 921 118
925 927 207
938 945 299
940 983 193
959 967 283
985 986 57
999 1038 67
1002 1040 276
1031 1057 210
1059 1090 67
1077 1090 167
1086 1093 249
1091 1132 222
1091 1112 144
1093 1136 153
1117 1143 125
1139 1168 135
1149 1183 185
1170 1194 227
1179 1206 194
1192 1223 1
1202 1237 291
