80
8 13 21
32 68 3
57 74 209
83 118 46
89 96 231
114 164 131
136 144 50
144 162 146
170 199 237
182 232 247
204 215 212
225 258 185
227 246 136
237 264 280
239 289 146
256 277 2
272 278 297
278 281 140
278 307 158
299 335 43
321 351 229
336 367 44
338 379 222
351 382 155
380 427 272
394 415 47
423 470 262
439 469 22
450 492 43
472 475 180
476 519 193
494 518 46
513 532 38
514 548 93
537 567 120
549 570 195
562 607 92
568 584 299
586 632 216
615 622 69
643 669 207
655 667 261
684 727 297
699 719 204
699 731 136
715 757 183
721 725 128
750 767 73
770 798 124
789 829 276
795 824 41
814 821 204
825 830 17
829 837 226
858 860 154
872 882 35
893 912 38
899 921 32
924 967 95
936 972 143
937 946 161
959 965 144
967 981 103
983 1027 76
1000 1028 85
1030 1070 289
1041 1063 215
1055 1087 287
1077 1086 293
1091 1132 214
1094 1133 37
1113 1114 145
1133 1148 264
1147 1189 35
1176 1205 270
1186 1223 191
1197 1245 129
1201 1241 285
1211 1234 297
1227 1267 25
