80
17 62 30
33 57 123
51 93 112
68 80 66
90 116 53
95 118 182
99 114 7
101 110 43
120 133 85
139 166 237
158 159 53
172 184 84
176 219 148
194 206 260
221 228 178
226 228 200
248 249 40
266 314 21
287 337 27
308 334 67
326 363 24
348 384 251
360 367 88
381 398 76
384 412 261
390 395 74
417 459 65
417 418 47
444 453 225
464 474 95
472 476 137
493 534 275
515 533 125
538 580 236
552 581 162
578 626 93
586 617 124
610 648 256
619 625 170
639 665 8
665 671 25
679 724 119
685 690 244
705 753 150
713 749 80
714 742 110
744 745 159
763 798 34
779 780 166
786 811 198
802 851 201
826 843 56
827 875 237
844 866 152
844 867 180
873 912 153
883 917 104
884 907 101
887 924 81
890 901 103
918 953 168
934 948 172
956 962 16
964 975 134
966 1004 86
969 983 27
974 1018 227
989 1030 45
1012 1048 222
1012 1053 296
1036 1064 184
1066 1074 264
1095 1123 64
1120 1131 269
1149 1197 160
1161 1172 182
1179 1194 11
1204 1227 203
1233 1276 170
1242 1265 87
