80
8 53 282
9 49 141
20 50 132
36 70 205
56 83 199
68 70 260
88 127 288
112 123 40
131 178 105
143 151 69
171 209 244
186 215 154
188 189 187
216 265 258
220 256 170
246 295 175
250 278 225
259 268 65
268 308 110
285 321 66
285 298 282
303 348 35
322 357 103
325 338 28
336 378 300
344 390 106
356 392 29
370 393 255
375 393 99
389 400 254
409 410 278
419 452 192
432 476 117
456 499 228
478 514 80
497 516 274
510 560 132
538 549 47
547 549 271
552 557 50
571 583 72
599 607 183
628 662 69
638 640 242
647 665 206
652 662 202
679 706 75
704 719 93
704 717 46
714 742 84
724 774 174
742 777 204
765 771 264
785 800 252
786 813 38
793 806 229
800 802 125
830 858 207
840 863 256
851 864 37
853 865 178
863 864 262
867 879 26
897 923 151
910 924 105
926 956 55
940 987 250
944 958 16
964 966 169
970 1016 181
976 1015 237
1002 1017 184
1005 1041 155
1027 1076 253
1052 1066 272
1052 1096 187
1073 1084 265
1087 1119 298
1105 1123 171
1126 1159 241
