80
16 59 271
25 39 284
41 67 74
56 64 3
60 110 80
88 136 63
109 115 113
111 126 238
122 129 75
135 156 211
164 209 172
175 176 59
203 216 282
233 240 30
240 287 200
264 290 297
265 300 272
282 300 24
310 354 39
314 321 183
327 368 155
337 362 291
357 407 117
364 409 44
385 398 60
385 408 59
386 417 123
400 432 58
428 457 264
453 471 155
475 486 209
487 507 264
507 516 84
512 534 258
514 560 166
541 544 129
541 559 136
544 585 37
551 599 7
574 605 193
579 619 15
606 632 229
611 626 192
639 643 221
645 682 208
646 665 23
661 703 40
682 731 231
702 714 88
731 738 53
751 789 165
756 775 195
784 818 239
803 840 133
829 852 42
858 863 105
888 918 173
906 935 21
913 963 221
913 931 207
929 951 169
958 960 83
986 1013 264
986 991 37
1013 1051 109
1041 1070 264
1048 1080 72
1068 1092 285
1094 1133 127
1115 1162 217
1120 1128 275
1136 1138 39
1144 1145 30
1168 1202 36
1181 1213 206
1192 1210 172
1200 1208 270
1208 1246 19
1233 1253 87
1240 1244 236
