90
21 48 290
46 92 242
56 80 162
69 86 249
91 125 259
101 129 151
114 137 296
141 143 104
169 174 293
197 206 237
221 238 226
245 284 59
263 294 215
272 282 81
275 321 189
282 307 70
288 320 283
316 360 206
329 332 81
351 363 194
357 407 160
365 382 155
391 393 154
401 442 46
402 442 46
418 467 271
438 466 127
452 489 31
470 519 102
490 491 171
492 505 37
503 517 108
506 535 188
516 532 248
544 554 177
550 600 156
556 574 286
563 577 267
571 573 89
584 627 112
584 616 231
602 646 300
618 650 94
621 667 83
635 654 295
646 675 47
672 673 115
673 718 12
690 703 28
714 761 184
731 764 273
747 762 195
769 792 280
770 814 264
773 816 10
800 840 246
830 839 26
834 868 223
848 891 172
869 905 287
897 947 229
910 952 235
923 933 134
948 998 210
951 980 41
964 976 166
968 1004 296
977 1011 28
981 996 125
993 1006 281
995 1035 128
1008 1044 249
1038 1075 39
1066 1086 96
1094 1123 127
1102 1125 227
1104 1127 41
1128 1157 167
1153 1162 52
1174 1186 72
1191 1193 68
1213 1247 186
1227 1232 75
1253 1272 49
1281 1290 230
1303 1325 247
1304 1342 295
1318 1335 298
1327 1351 79
1338 1351 257
