90
13 33 258
13 53 203
16 58 263
42 72 179
68 116 161
88 135 275
96 112 156
122 125 291
148 161 200
157 164 1
170 216 264
175 194 270
203 209 8
215 258 239
245 280 126
268 314 269
284 319 144
292 320 28
298 314 262
300 324 211
305 331 39
324 350 259
340 387 125
350 390 167
371 421 266
383 425 156
413 422 52
418 427 261
439 475 147
450 476 234
455 505 147
466 471 192
480 527 166
499 536 77
503 526 89
519 567 164
528 576 21
540 590 236
563 607 78
567 592 241
579 616 172
607 650 243
636 677 122
662 663 105
665 681 158
666 687 270
668 712 218
692 701 42
699 713 290
724 765 204
740 761 238
760 791 204
785 807 259
790 817 241
819 869 243
820 866 269
824 856 245
843 877 92
863 883 270
884 913 235
914 933 92
926 941 135
937 959 119
943 979 292
967 987 96
992 1010 92
1003 1027 284
1015 1036 188
1017 1024 175
1017 1025 207
1018 1057 151
1019 1026 208
1046 1091 247
1058 1101 79
1086 1131 117
1086 1123 79
1101 1106 5
1114 1146 84
1133 1183 264
1137 1170 186
1156 1164 200
1184 1194 50
1210 1235 64
1238 1270 216
1245 1279 228
1246 1259 227
1258 1260 299
1276 1307 270
1304 1332 145
1307 1349 286
