90
4 49 120
20 27 91
48 61 101
75 90 59
82 116 190
88 116 196
99 129 117
116 121 209
142 155 241
161 205 35
179 183 161
190 222 103
200 245 86
215 265 191
228 253 207
237 245 280
243 269 155
270 312 282
275 277 47
294 300 226
309 326 4
318 339 172
335 345 238
349 373 170
357 402 44
364 407 98
384 407 297
387 397 174
396 411 119
422 467 179
431 450 284
453 473 10
473 487 135
499 521 222
501 509 213
510 549 148
510 526 29
519 556 114
528 556 140
546 565 14
560 609 255
577 619 26
597 639 267
600 640 267
621 635 166
638 681 48
665 691 257
693 719 158
701 704 8
706 755 55
735 739 43
764 796 100
776 818 215
791 830 214
799 822 39
814 848 123
824 850 67
840 883 93
870 874 22
876 890 134
897 923 60
916 936 160
937 963 129
954 984 95
959 991 117
968 982 224
977 1008 282
995 1010 101
1020 1057 36
1027 1053 213
1053 1098 238
1073 1121 153
1081 1131 184
1110 1153 193
1116 1119 223
1142 1146 148
1163 1181 188
1183 1195 173
1210 1220 186
1215 1217 203
1227 1249 27
1229 1254 263
1252 1293 68
1273 1319 234
1301 1343 144
1324 1354 48
1350 1398 194
1361 1370 167
1383 1398 253
1401 1414 71
