90
11 60 119
18 52 60
44 76 187
69 116 79
88 111 211
118 159 18
133 165 75
145 172 46
160 179 8
186 232 269
191 199 265
215 261 2
239 256 121
253 263 9
270 305 211
284 298 65
301 305 128
310 313 38
331 333 172
357 379 72
384 404 94
394 427 154
415 434 130
424 425 204
430 478 146
458 491 53
482 516 105
489 515 102
500 546 253
506 536 229
524 565 32
529 552 232
546 570 155
572 599 256
584 607 121
597 607 248
597 647 167
611 612 69
640 681 104
646 673 240
667 703 184
685 724 202
706 726 62
721 751 164
723 731 294
752 754 155
754 787 219
778 786 217
788 820 209
805 848 141
812 849 201
822 870 175
839 888 23
857 906 266
861 874 73
865 887 75
894 899 81
920 951 285
945 960 164
950 979 152
950 952 278
975 989 8
979 1026 35
998 999 214
1025 1041 198
1055 1084 134
1082 1116 164
1082 1091 265
1099 1115 60
1099 1104 140
1115 1155 175
1139 1160 31
1164 1209 132
1187 1206 285
1206 1233 78
1211 1258 14
1213 1238 28
1213 1234 293
1215 1218 203
1231 1250 247
1261 1290 108
1284 1332 80
1311 1334 132
1326 1375 6
1339 1367 10
1361 1367 253
1383 1414 8
1405 1432 56
1430 1450 270
1449 1474 242
