90
12 60 286
20 47 187
20 47 194
38 80 273
41 79 31
52 70 98
62 107 164
81 94 132
110 128 205
123 144 85
145 154 168
159 177 5
164 191 208
180 218 58
183 208 216
202 219 43
222 272 142
249 250 43
270 287 230
292 316 193
311 329 259
337 386 252
355 369 10
374 384 59
387 416 155
392 423 146
400 414 103
402 425 153
403 443 38
411 459 182
420 463 32
433 453 229
461 468 258
489 519 237
499 501 79
504 528 157
506 549 197
518 523 230
540 564 273
549 569 271
576 594 143
578 592 177
580 624 27
595 626 18
622 637 68
645 662 213
671 717 127
696 705 44
715 751 294
745 769 204
771 806 7
787 795 196
791 799 92
797 837 35
818 868 17
846 853 152
870 913 72
885 893 164
894 935 180
921 924 157
942 977 248
962 994 70
980 1007 205
989 1006 146
996 998 155
1002 1029 53
1027 1070 84
1037 1045 168
1046 1086 223
1066 1115 33
1096 1103 73
1118 1162 258
1122 1156 59
1150 1200 166
1177 1181 131
1180 1219 68
1180 1195 96
1208 1233 246
1227 1235 274
1251 1276 158
1260 1279 166
1286 1293 267
1288 1318 269
1308 1334 13
1309 1338 245
1318 1364 96
1321 1333 177
1329 1365 153
1349 1371 262
1372 1407 10
