90
21 56 101
24 67 197
42 88 284
68 116 106
79 126 201
106 143 7
123 163 88
151 196 142
159 199 248
170 204 57
198 235 137
205 214 128
207 224 84
207 254 184
207 253 191
220 257 289
225 254 67
255 266 65
285 311 238
306 330 167
334 364 170
345 361 232
365 366 97
389 427 284
397 433 289
404 410 147
428 440 34
433 456 261
447 460 244
455 501 41
455 483 8
469 501 164
494 534 205
509 543 147
522 540 289
530 559 227
544 568 213
548 584 218
562 610 56
584 594 45
613 634 243
624 671 91
651 675 252
661 694 177
690 697 17
720 753 106
737 743 228
737 755 140
741 787 215
753 793 293
774 800 155
778 803 216
807 822 267
830 840 26
840 852 101
857 873 268
866 870 222
884 895 206
911 961 151
934 959 114
939 960 271
943 976 166
972 979 269
998 1030 246
1023 1062 295
1045 1054 192
1057 1088 18
1061 1074 69
1091 1109 269
1109 1149 210
1113 1139 117
1117 1163 8
1124 1135 278
1139 1156 33
1145 1195 280
1161 1195 45
1188 1203 132
1218 1223 109
1230 1272 268
1234 1261 27
1261 1300 60
1283 1301 59
1284 1289 195
1298 1332 266
1307 1335 299
1328 1343 178
1348 1390 60
1356 1372 116
1360 1367 41
1371 1391 203
