90
30 51 291
46 70 190
66 114 86
83 117 27
101 117 92
118 161 24
128 145 235
156 160 214
186 236 268
216 221 66
224 250 171
227 247 28
233 271 279
242 262 52
254 282 200
254 296 245
283 310 16
296 324 116
303 330 284
308 337 197
315 362 199
341 352 186
368 404 242
395 424 130
405 406 237
412 449 120
430 453 128
438 473 299
453 458 232
475 521 105
476 485 13
490 528 100
510 522 142
538 548 253
560 582 294
586 604 35
603 631 205
612 628 88
638 652 9
647 695 166
670 679 172
683 729 261
708 743 100
710 725 88
712 737 23
726 755 209
743 746 70
768 810 297
779 802 185
803 820 131
816 848 222
844 894 23
865 876 77
872 918 95
889 913 180
914 947 133
914 952 290
919 967 286
925 931 49
928 942 256
929 974 135
938 948 111
942 969 206
950 985 88
957 976 163
962 980 130
973 998 41
992 993 24
999 1006 277
1025 1034 75
1030 1036 71
1059 1064 85
1072 1107 174
1083 1115 157
1086 1117 220
1100 1137 83
1121 1161 61
1142 1166 236
1170 1184 23
1193 1226 92
1202 1238 191
1218 1268 85
1243 1268 200
1262 1300 43
1275 1288 155
1277 1291 75
1284 1304 70
1305 1307 52
1332 1379 163
1353 1374 291
