90
11 57 149
33 63 106
47 73 169
73 88 10
90 101 205
101 122 272
120 130 221
120 141 64
136 138 103
144 170 114
155 202 24
160 173 15
175 186 248
190 207 80
207 237 57
218 239 163
234 251 208
248 273 72
270 310 273
287 325 258
313 360 210
323 364 128
339 370 224
359 367 170
365 411 258
380 411 32
387 435 82
414 462 48
432 453 148
454 487 43
472 510 8
481 522 60
507 520 27
524 570 109
534 546 155
536 549 91
557 601 245
573 614 3
591 620 140
594 641 92
624 661 193
650 695 45
662 703 105
668 672 201
687 721 88
707 748 157
720 749 51
737 751 130
762 768 137
777 807 122
804 854 248
826 874 66
854 873 151
854 884 94
874 913 92
902 907 290
911 938 169
921 964 168
933 981 161
934 939 46
952 997 236
969 1007 226
977 1026 288
981 995 283
994 1032 240
1015 1017 58
1034 1041 73
1059 1062 88
1083 1095 200
1092 1098 100
1093 1127 130
1093 1119 71
1117 1155 69
1138 1155 67
1157 1207 193
1157 1194 163
1181 1208 96
1181 1210 225
1201 1205 158
1207 1225 267
1220 1269 34
1243 1256 80
1262 1308 89
1287 1306 292
1317 1358 68
1336 1345 168
1365 1369 238
1394 1402 196
1399 1411 27
1418 1430 176
