90
20 57 100
47 51 15
59 107 133
67 88 38
92 125 52
113 155 272
134 180 133
139 171 157
152 182 270
167 180 53
167 213 71
170 213 270
198 236 93
223 272 22
229 269 202
254 296 100
257 291 7
283 332 35
306 316 111
331 357 152
351 367 109
371 410 228
397 406 259
425 473 211
436 464 148
448 476 249
465 514 104
486 535 78
500 550 287
511 521 299
540 555 195
555 597 282
573 584 172
576 626 2
606 655 286
625 641 103
643 656 286
645 658 92
660 701 180
669 695 104
689 737 126
704 715 127
704 728 143
723 728 151
724 732 229
746 773 5
756 776 7
758 769 290
788 810 53
816 856 205
827 873 50
833 875 19
857 901 205
866 914 8
890 914 85
900 917 5
901 915 140
906 921 149
929 965 25
929 953 232
939 968 122
942 962 156
961 1006 300
966 968 84
986 993 145
986 1020 197
1015 1054 131
1038 1072 141
1051 1069 247
1056 1065 42
1056 1095 76
1074 1105 169
1091 1132 202
1102 1135 6
1123 1135 30
1123 1167 200
1130 1155 103
1149 1166 288
1154 1187 178
1170 1214 127
1194 1227 236
1196 1234 232
1199 1230 90
1222 1237 278
1235 1236 219
1246 1292 263
1258 1293 162
1261 1286 3
1272 1303 31
1302 1303 186
