90
29 77 107
42 64 60
50 71 269
78 100 54
79 81 58
102 147 235
119 159 81
127 144 215
157 169 23
184 185 121
201 230 205
222 266 277
251 289 264
270 314 63
297 320 258
316 320 172
340 388 91
362 367 252
372 373 256
397 398 215
417 426 26
423 427 59
435 453 286
442 460 124
454 482 218
477 515 116
484 505 36
508 513 177
528 530 52
529 543 227
547 571 22
563 608 119
582 631 129
602 652 223
617 660 176
617 667 5
643 652 239
645 666 33
651 701 113
673 678 183
691 716 264
700 745 73
714 728 237
721 738 43
721 748 196
722 753 164
723 763 279
726 730 128
755 765 288
757 777 22
772 797 8
791 792 59
808 830 221
833 857 249
852 855 153
861 873 238
884 925 225
891 927 163
921 945 61
928 939 256
945 955 47
948 984 184
949 962 103
976 1017 139
996 1044 256
1015 1029 76
1031 1076 98
1055 1092 71
1072 1076 212
1099 1131 290
1125 1168 7
1155 1172 282
1171 1209 252
1177 1181 157
1200 1230 196
1225 1273 256
1241 1244 47
1271 1278 68
1286 1336 128
1306 1356 26
1332 1343 88
1337 1358 157
1351 1395 145
1368 1377 66
1397 1436 252
1420 1449 108
1429 1454 83
1439 1459 178
1443 1450 3
1472 1491 55
