90
27 55 261
33 61 206
33 70 280
34 45 69
52 85 23
67 70 235
92 126 257
105 121 94
119 120 278
125 174 9
153 179 196
156 185 48
162 196 22
170 205 76
187 196 296
205 218 194
233 270 137
247 268 37
257 283 259
258 268 290
275 277 246
305 308 124
327 330 161
357 402 239
379 381 133
379 425 159
397 446 141
401 443 145
427 459 155
445 488 231
472 486 14
491 509 168
503 516 79
532 548 272
559 568 30
584 627 47
601 641 287
609 639 204
622 670 151
641 681 268
644 656 88
647 691 20
673 683 60
678 687 89
682 712 263
695 711 250
718 724 170
739 777 212
748 755 144
773 793 274
787 814 174
809 818 205
819 820 60
841 845 221
865 901 34
888 921 65
905 946 235
931 953 183
952 990 50
973 1019 212
990 1006 120
998 1034 134
1001 1033 131
1004 1008 45
1013 1032 41
1018 1024 42
1026 1027 293
1045 1059 202
1073 1082 167
1103 1112 132
1103 1112 241
1107 1135 25
1134 1173 285
1154 1158 211
1157 1163 273
1177 1212 199
1177 1204 147
1191 1208 46
1194 1221 102
1197 1200 129
1203 1217 2
1229 1273 197
1234 1237 107
1260 1269 34
1268 1278 265
1289 1320 230
1306 1339 233
1336 1376 277
1365 1380 296
1368 1402 138
