90
10 49 56
18 30 115
24 38 52
48 84 225
78 90 59
99 134 28
117 149 122
123 150 297
133 165 118
157 194 51
176 194 144
184 211 229
203 240 284
221 235 214
238 269 243
260 263 208
262 309 9
281 285 148
297 309 219
310 351 53
340 371 237
368 417 129
383 395 203
387 395 126
414 416 298
417 453 188
437 441 178
450 498 144
462 494 8
475 503 71
505 551 151
526 559 122
550 592 124
575 624 1
585 628 40
586 631 254
603 623 299
617 657 58
639 657 24
662 674 165
681 698 103
682 705 154
698 714 16
698 715 253
699 701 300
722 750 203
741 745 183
758 770 117
777 787 89
801 822 104
827 839 167
848 849 42
851 865 172
878 916 179
891 935 92
906 922 62
919 959 115
929 973 196
958 990 95
971 985 256
984 998 27
1011 1050 54
1034 1068 100
1042 1073 270
1072 1085 265
1088 1098 171
1101 1133 251
1117 1134 221
1134 1164 300
1158 1181 84
1168 1214 128
1174 1224 140
1202 1220 179
1226 1232 69
1235 1276 278
1250 1290 197
1267 1302 5
1271 1305 253
1288 1320 216
1315 1317 249
1342 1391 258
1344 1379 79
1351 1379 269
1364 1379 163
1380 1420 254
1406 1443 41
1432 1479 131
1433 1448 264
1453 1469 241
1474 1491 200
