90
25 63 101
46 74 159
53 82 274
65 88 156
86 133 125
106 145 6
129 177 152
148 183 187
168 203 88
169 175 216
195 245 218
211 235 210
222 236 162
227 263 243
249 287 233
273 284 146
292 342 111
316 332 264
319 351 65
334 383 43
349 393 79
369 387 59
379 410 222
405 421 81
411 442 125
429 457 191
429 449 293
450 461 72
475 490 208
475 496 279
478 507 98
489 526 183
509 510 99
517 539 220
546 548 4
558 596 10
571 595 221
571 573 110
585 604 149
599 610 164
605 639 67
619 628 206
620 662 234
632 640 147
649 657 249
657 705 196
672 673 264
677 682 227
702 724 92
716 721 58
726 776 132
736 743 79
749 779 198
752 764 7
780 825 128
801 812 223
815 820 91
831 845 44
837 862 164
847 865 94
875 888 169
883 896 124
887 935 118
914 948 162
943 989 270
967 988 265
970 991 2
992 1011 113
999 1035 3
1014 1045 164
1028 1046 66
1051 1072 178
1074 1115 154
1090 1137 273
1099 1110 170
1127 1136 220
1137 1174 106
1167 1174 206
1194 1240 187
1215 1243 269
1217 1256 214
1217 1224 180
1218 1255 253
1224 1247 56
1225 1254 247
1243 1263 259
1259 1263 220
1268 1299 283
1271 1275 113
1284 1296 182
