90
5 43 193
17 43 117
27 64 38
48 92 31
78 84 104
94 129 236
107 149 3
126 153 91
129 158 109
133 144 71
153 162 75
182 194 67
205 230 236
205 210 33
234 258 63
237 272 268
244 265 143
246 252 164
257 281 222
274 313 41
302 334 65
332 362 45
334 362 5
361 394 106
363 411 189
377 387 19
389 410 114
402 441 244
407 437 178
411 438 255
440 478 274
457 496 250
473 492 51
491 514 268
495 515 30
517 532 73
546 580 178
546 576 18
549 591 28
577 608 276
581 621 72
589 594 287
599 625 120
626 627 205
629 654 67
632 664 27
655 663 227
680 686 241
710 756 67
720 721 19
742 762 110
762 776 139
791 823 61
799 834 143
810 819 85
817 859 53
844 875 68
866 896 185
879 885 59
886 908 112
903 942 261
917 925 4
943 947 123
950 994 154
969 975 20
978 1004 112
992 1011 165
1007 1015 54
1036 1075 137
1039 1078 254
1063 1112 275
1063 1082 292
1078 1113 80
1095 1127 190
1123 1138 10
1138 1162 28
1140 1177 270
1153 1162 91
1157 1203 110
1187 1234 94
1207 1241 293
1226 1269 271
1256 1266 86
1286 1308 53
1300 1344 267
1322 1363 93
1347 1368 204
1376 1398 135
1405 1436 129
1432 1443 217
