90
15 28 15
44 64 125
70 75 200
97 101 123
107 128 61
114 161 154
131 180 4
146 173 8
146 151 233
149 174 195
159 173 170
189 194 271
219 242 156
243 280 24
251 265 149
256 302 294
258 288 170
260 291 197
285 291 166
304 312 287
315 363 46
335 355 23
358 372 13
363 392 198
393 419 115
410 414 118
440 488 98
458 475 97
459 486 140
476 478 256
487 528 45
501 525 291
514 530 149
516 524 104
543 555 70
552 560 285
581 607 288
611 626 261
637 646 118
659 662 178
664 700 44
685 695 226
708 744 84
736 781 5
758 766 47
780 828 74
797 819 57
809 839 46
826 841 149
843 887 102
849 853 298
863 883 213
882 903 31
888 929 242
901 908 111
920 944 207
935 940 4
946 991 298
961 1003 280
984 1023 139
986 1024 113
1012 1039 269
1029 1071 185
1039 1064 187
1049 1068 69
1069 1091 85
1080 1128 196
1110 1139 147
1123 1154 97
1128 1147 133
1139 1166 166
1164 1179 68
1177 1212 23
1197 1215 22
1219 1262 80
1245 1256 273
1248 1257 25
1252 1273 147
1270 1287 214
1295 1322 68
1310 1316 64
1322 1328 48
1331 1355 297
1354 1404 109
1356 1376 185
1374 1386 27
1392 1412 24
1393 1421 41
1420 1464 49
1440 1446 172
