90
12 54 89
35 74 6
45 62 259
49 88 30
64 94 215
67 78 250
70 80 234
89 123 53
97 115 91
99 123 197
124 150 174
127 152 15
137 176 249
157 196 241
177 183 285
178 224 180
193 194 175
214 225 75
226 237 50
254 280 17
266 282 252
266 313 30
288 333 123
299 310 142
327 336 177
345 394 101
369 418 198
392 426 96
418 422 122
418 431 165
421 467 5
439 448 24
453 498 191
461 501 240
479 493 23
481 528 123
497 533 55
507 510 295
537 567 279
555 593 277
577 578 15
586 635 248
613 647 280
632 635 70
632 659 231
645 658 85
647 654 184
665 685 94
665 715 41
667 717 262
680 687 78
688 732 169
694 713 122
721 738 13
738 775 271
743 751 212
748 771 207
774 784 97
780 821 46
803 825 54
821 829 150
822 843 103
836 876 218
851 854 178
874 914 251
904 915 8
920 936 190
928 978 163
932 967 44
945 950 239
973 1015 251
998 1042 138
1027 1065 14
1047 1090 283
1064 1071 121
1065 1083 18
1085 1099 270
1097 1107 22
1126 1137 221
1135 1182 127
1152 1195 176
1179 1212 180
1194 1229 172
1194 1242 151
1197 1222 46
1205 1241 218
1217 1236 293
1232 1260 55
1234 1268 137
1251 1294 97
