90
12 47 189
26 31 263
37 73 30
60 61 230
83 103 70
112 121 246
140 190 297
160 202 259
186 209 196
195 221 81
217 238 173
225 267 23
248 278 138
262 294 185
265 298 254
278 312 91
301 310 239
314 345 141
322 355 215
331 349 232
336 378 74
338 357 192
348 380 296
352 353 101
365 380 112
390 406 101
403 415 196
425 459 157
425 462 186
449 474 26
471 495 140
497 499 162
497 505 268
514 561 43
538 562 130
555 556 178
582 584 101
598 632 247
615 652 62
632 644 222
651 655 292
666 712 275
667 698 193
679 713 52
703 751 57
708 754 221
724 735 17
740 787 244
757 792 167
784 813 128
814 840 68
822 826 228
844 857 227
851 861 22
874 886 94
875 892 219
893 922 15
923 956 74
924 969 224
944 957 40
972 988 75
978 985 94
979 1004 38
983 994 246
987 1009 207
1013 1047 90
1022 1070 7
1026 1074 284
1030 1065 32
1050 1075 182
1067 1078 119
1079 1092 226
1106 1151 64
1114 1145 41
1127 1172 50
1155 1157 93
1155 1196 277
1185 1186 130
1192 1241 132
1217 1255 62
1242 1248 60
1248 1252 266
1252 1277 204
1275 1305 217
1305 1355 70
1328 1360 108
1336 1340 271
1362 1404 145
1391 1413 197
1395 1410 201
