90
11 29 200
39 63 238
61 79 215
81 115 86
106 123 140
136 148 84
153 194 16
163 199 41
192 212 77
199 207 180
229 246 221
230 243 106
232 269 128
233 274 282
243 273 191
246 263 63
252 296 241
254 257 12
276 296 25
295 321 279
296 321 230
305 354 188
307 316 105
321 344 267
350 396 22
352 373 287
362 412 167
376 409 208
394 436 175
397 402 221
421 442 148
445 454 258
465 478 52
470 510 108
493 505 34
503 507 115
523 541 77
524 537 187
535 576 149
547 569 52
564 612 165
570 617 242
578 605 47
578 596 162
592 640 42
602 628 179
618 636 25
636 650 263
650 693 286
674 703 113
676 717 169
698 699 238
698 717 85
704 714 197
716 747 2
725 749 89
733 766 232
763 804 185
777 824 296
803 837 56
811 835 283
834 850 22
837 870 238
848 884 4
876 896 194
899 932 57
926 975 300
932 982 91
946 977 197
963 1010 271
977 988 151
995 1004 106
999 1045 275
1014 1057 297
1027 1035 181
1032 1035 166
1050 1099 97
1051 1092 167
1074 1078 47
1100 1104 80
1129 1179 29
1158 1178 256
1162 1179 229
1167 1204 142
1187 1225 254
1206 1214 195
1236 1269 141
1243 1275 259
1252 1279 93
1280 1290 147
