90
6 51 103
10 55 201
21 32 104
45 86 245
73 77 189
75 94 179
102 141 266
102 115 97
117 144 256
135 169 80
149 190 48
167 174 264
187 190 42
195 202 264
200 242 54
220 270 68
227 243 5
250 291 179
253 302 130
267 278 98
282 294 220
285 304 114
310 333 122
339 347 240
342 360 197
357 364 22
380 414 45
404 424 141
407 421 282
433 473 178
443 472 126
449 479 36
465 492 76
490 519 295
513 524 112
527 542 73
528 558 77
540 555 170
562 580 180
565 582 122
577 588 184
589 595 249
591 629 2
610 634 217
612 615 40
629 645 21
632 658 185
658 705 263
679 721 2
700 708 160
725 746 99
737 780 111
739 757 212
754 780 242
777 807 115
797 824 147
827 861 132
834 843 208
837 876 216
859 873 38
864 900 240
886 898 232
895 932 218
923 944 110
942 960 166
967 988 139
989 1002 130
1011 1054 286
1034 1062 52
1055 1103 190
1065 1104 286
1086 1115 140
1102 1125 71
1120 1140 60
1144 1186 27
1145 1162 100
1148 1151 117
1170 1219 25
1170 1185 14
1172 1212 214
1196 1229 159
1219 1224 220
1219 1226 175
1240 1253 233
1270 1307 20
1287 1310 82
1297 1324 236
1312 1324 137
1319 1369 94
1326 1336 17
