90
23 46 68
47 63 5
62 108 244
66 75 162
80 83 58
98 110 225
120 138 121
141 157 286
165 205 194
184 209 163
208 227 5
231 240 165
233 261 79
233 253 166
245 289 22
246 261 91
264 271 25
286 327 45
315 330 216
336 352 52
352 392 159
369 390 212
373 396 85
387 395 234
400 414 21
403 408 107
415 441 42
429 449 150
446 456 10
459 502 230
474 484 196
493 513 117
511 561 85
540 583 252
549 553 106
564 565 32
581 608 86
585 589 163
605 631 41
634 652 240
653 693 294
668 674 161
692 717 170
694 719 206
714 720 99
730 774 256
733 754 71
748 765 282
777 801 90
799 817 275
812 850 289
818 853 161
822 856 51
851 870 51
851 875 12
863 900 296
874 902 57
885 933 296
897 927 155
911 934 232
916 961 128
920 965 118
925 949 146
931 948 100
949 983 12
976 1011 68
988 1010 135
1008 1041 290
1011 1052 61
1039 1063 252
1046 1081 152
1049 1056 195
1060 1104 63
1079 1121 266
1082 1093 192
1100 1114 8
1110 1135 206
1118 1141 174
1146 1167 89
1153 1164 45
1181 1219 299
1198 1223 70
1220 1257 11
1233 1237 112
1245 1259 204
1265 1291 300
1290 1308 69
1294 1337 182
1315 1359 17
1335 1339 47
