90
19 33 219
31 69 147
31 43 120
34 57 44
53 89 41
63 107 234
92 122 7
108 148 206
131 169 250
147 154 244
176 223 143
180 214 183
210 211 196
236 270 30
262 310 236
273 285 259
274 281 213
302 309 104
319 369 121
343 361 231
351 370 237
368 389 196
395 412 78
405 453 258
406 409 205
415 447 220
424 448 271
452 481 290
469 473 132
494 542 124
500 547 142
504 527 249
529 566 96
531 548 158
543 584 64
567 614 1
568 611 72
593 610 212
616 662 232
633 654 289
655 680 240
658 701 120
658 708 235
662 685 169
662 685 35
664 712 197
665 682 82
695 704 10
704 741 154
712 743 152
733 773 57
751 782 291
767 807 132
768 798 114
790 809 79
801 848 19
807 840 139
832 859 182
854 882 207
864 907 98
877 925 88
896 946 39
911 923 120
912 922 226
915 954 82
918 965 44
922 923 53
926 945 291
932 946 8
949 997 148
963 1007 205
992 1026 100
1021 1039 251
1022 1062 263
1027 1046 248
1039 1068 235
1052 1076 175
1078 1098 203
1086 1117 300
1101 1138 26
1121 1167 242
1134 1174 77
1159 1207 241
1177 1190 117
1180 1193 35
1195 1223 22
1217 1222 59
1230 1275 120
1236 1268 285
1264 1301 124
