90
1 42 297
2 20 147
17 48 106
32 69 288
60 92 245
62 84 65
64 74 137
68 113 121
91 94 278
99 141 152
100 145 258
117 127 205
123 166 21
143 157 18
145 161 241
165 192 126
185 205 158
191 223 48
208 211 19
223 235 226
234 281 224
237 260 189
258 306 211
285 314 298
293 334 68
294 333 81
294 332 103
311 319 58
324 371 116
336 381 33
358 373 274
367 395 127
383 390 146
404 449 136
407 449 226
437 459 18
449 474 62
464 488 9
484 496 295
489 496 103
513 520 134
531 566 271
553 554 49
570 584 73
577 588 259
605 624 278
628 652 185
638 648 254
640 679 113
659 705 298
663 691 58
691 724 111
716 749 267
741 745 27
754 784 205
755 788 12
777 808 224
791 828 246
799 800 201
823 871 167
825 850 197
825 849 15
854 898 48
869 883 56
899 937 167
909 946 290
914 948 172
922 965 90
930 975 123
946 994 129
955 970 177
967 1006 106
983 1025 139
993 1016 146
1010 1023 186
1025 1070 136
1033 1078 118
1045 1057 275
1066 1086 232
1082 1132 171
1099 1106 69
1129 1159 101
1139 1164 13
1144 1171 297
1158 1201 62
1177 1181 258
1190 1228 17
1202 1231 163
1211 1223 180
1235 1274 90
