90
20 40 141
44 58 221
46 73 290
68 77 291
86 115 146
114 141 40
118 165 50
137 156 151
166 176 281
186 219 118
207 212 228
208 242 216
224 230 125
250 259 210
264 296 59
265 282 108
266 273 131
296 305 140
300 311 217
307 310 233
335 348 267
356 384 79
382 403 63
407 449 2
410 433 258
425 465 205
434 461 195
450 464 287
458 459 221
482 496 13
484 524 117
497 508 24
497 516 181
498 502 85
506 545 130
527 532 160
554 561 294
562 588 141
581 603 165
593 607 247
622 650 103
649 672 297
674 704 161
688 720 251
712 724 9
736 776 293
752 781 58
762 806 233
792 814 8
812 852 46
830 865 296
853 894 200
877 889 96
887 900 79
915 917 115
943 950 55
953 969 35
963 1011 116
971 1017 275
995 997 41
1007 1047 178
1011 1041 276
1034 1045 34
1048 1087 224
1055 1081 222
1069 1108 237
1075 1112 79
1096 1104 211
1099 1140 91
1113 1130 17
1123 1152 121
1143 1154 107
1170 1212 144
1189 1209 228
1206 1228 282
1230 1242 237
1247 1286 76
1259 1276 230
1285 1296 273
1285 1303 8
1288 1318 292
1314 1318 49
1333 1381 46
1336 1360 108
1366 1393 168
1372 1376 141
1379 1425 21
1399 1427 57
1400 1412 26
1410 1427 146
