90
8 38 102
23 59 268
39 59 181
40 53 14
68 99 286
75 106 15
101 124 131
112 154 280
115 119 106
127 167 94
132 153 63
149 199 97
166 182 74
190 192 251
207 242 206
221 238 160
244 257 88
258 266 74
264 311 115
290 306 60
317 319 221
347 395 12
374 407 279
400 431 93
419 443 158
436 444 263
466 513 157
476 520 193
487 511 233
501 527 107
510 533 35
532 575 36
539 542 69
556 580 6
584 590 42
604 635 127
622 629 97
629 639 204
630 647 165
649 674 272
665 714 150
676 724 18
689 739 119
712 738 180
720 742 139
738 744 18
766 786 288
788 814 254
803 820 105
804 844 180
825 840 91
849 884 105
871 918 256
888 902 225
891 921 247
917 956 212
923 935 131
949 998 220
964 985 264
992 998 232
1000 1035 183
1022 1032 175
1050 1080 27
1074 1112 8
1098 1113 105
1102 1107 145
1116 1145 144
1121 1146 209
1144 1163 3
1160 1190 115
1169 1209 1
1181 1202 146
1209 1217 104
1214 1251 247
1223 1226 109
1235 1248 95
1258 1259 267
1269 1281 108
1284 1317 272
1310 1345 123
1318 1328 201
1324 1331 6
1343 1381 2
1364 1370 131
1370 1371 216
1396 1446 186
1418 1431 60
1446 1474 45
1453 1459 248
1457 1463 86
