90
4 45 241
19 40 262
30 43 81
58 86 76
78 87 186
105 116 75
111 116 73
124 152 71
139 180 22
144 145 35
157 178 226
186 202 211
196 208 89
224 247 21
242 284 213
260 306 102
267 290 180
289 321 250
290 320 214
317 320 32
326 348 55
344 367 96
349 386 216
357 370 252
373 391 198
380 409 179
386 424 177
405 444 178
433 457 45
433 459 178
449 486 240
449 458 99
459 465 134
470 477 123
495 534 77
506 522 139
527 529 163
557 569 197
571 575 247
575 607 36
584 624 96
601 631 193
629 646 240
650 691 123
663 686 177
665 675 136
681 701 295
685 706 102
715 724 125
731 770 13
746 775 125
751 774 15
759 763 80
760 810 272
761 787 142
776 818 165
806 843 109
818 851 99
840 876 12
867 898 260
870 884 237
883 892 233
888 924 236
910 914 200
930 960 7
955 976 118
965 971 272
981 1022 259
993 999 81
1018 1059 6
1031 1045 216
1060 1064 104
1079 1087 191
1096 1119 49
1120 1162 159
1134 1159 66
1152 1182 210
1181 1228 170
1210 1214 121
1236 1284 278
1244 1260 109
1250 1291 29
1253 1298 147
1266 1295 113
1283 1319 126
1292 1322 12
1292 1326 42
1314 1336 233
1335 1379 24
1347 1357 216
