90
26 65 180
32 75 111
62 65 110
70 98 193
72 103 47
76 92 37
85 120 64
88 107 121
96 133 39
98 110 64
113 151 36
134 176 89
158 183 75
181 202 102
195 210 42
199 229 102
206 222 123
214 246 280
227 240 104
247 291 230
270 317 254
291 302 107
318 322 146
331 352 36
333 381 1
340 345 32
366 383 172
366 415 115
370 375 259
399 416 9
407 409 144
429 479 237
436 485 225
437 466 190
446 450 58
458 506 213
481 488 144
490 499 59
496 544 217
513 562 86
529 532 53
535 577 284
535 553 201
557 603 29
578 620 52
589 616 81
614 644 119
636 684 124
636 668 26
666 689 189
667 707 238
670 681 92
695 714 207
707 726 124
733 768 150
743 784 286
747 782 230
771 808 39
783 826 199
811 851 34
826 850 276
850 869 178
876 908 246
881 887 60
902 913 274
932 954 143
948 998 286
952 976 109
960 966 59
984 1020 286
986 1030 59
989 999 232
1014 1062 105
1026 1047 39
1036 1071 139
1050 1091 142
1052 1094 115
1066 1101 130
1084 1090 244
1085 1086 59
1103 1149 10
1129 1146 21
1146 1149 22
1159 1203 2
1169 1196 116
1170 1187 28
1195 1220 34
1213 1243 32
1236 1267 73
1243 1279 68
