90
25 59 48
27 37 6
40 43 263
58 83 50
71 82 41
78 82 129
101 102 76
113 142 214
126 166 124
145 185 65
166 171 180
172 201 49
178 205 171
197 215 270
211 260 140
232 267 281
246 284 173
261 277 296
274 279 76
291 313 120
296 297 224
320 348 61
344 371 25
353 357 119
372 397 45
375 386 138
379 402 73
402 416 224
404 446 112
427 441 288
448 485 218
464 476 46
479 506 193
508 543 288
509 519 146
509 554 180
533 565 161
542 555 89
544 545 261
549 576 33
573 577 150
588 613 121
590 640 190
601 623 112
607 640 86
618 652 164
635 684 208
650 668 92
676 721 160
682 698 32
691 711 85
721 734 143
734 742 34
752 766 250
763 796 125
768 775 206
775 815 80
804 836 67
804 811 82
817 865 126
828 835 144
832 873 95
835 876 90
864 874 114
878 902 23
882 905 47
900 941 55
921 952 167
944 970 78
974 997 155
989 1035 13
999 1044 103
1014 1047 266
1025 1037 50
1037 1064 153
1047 1083 236
1064 1111 235
1084 1103 216
1108 1138 108
1138 1183 131
1138 1169 49
1150 1181 107
1169 1184 119
1192 1210 94
1200 1246 100
1215 1227 228
1237 1283 241
1245 1288 282
1250 1255 169
1277 1291 183
