90
9 11 192
19 63 292
47 97 156
74 113 220
95 97 178
109 110 283
127 158 294
129 147 136
149 188 84
156 189 64
172 201 267
190 208 125
214 216 188
227 242 23
242 275 76
255 273 179
262 290 97
289 297 3
317 347 79
322 365 97
331 338 155
359 369 162
377 391 6
404 437 268
418 450 76
443 473 27
451 490 235
457 507 123
468 498 284
496 537 147
503 531 255
527 557 182
541 591 61
566 588 172
592 611 92
616 636 186
622 658 25
622 646 9
644 694 300
647 665 135
654 656 289
677 700 132
680 720 102
692 738 141
708 730 26
715 732 182
718 763 241
745 784 16
767 798 113
769 809 118
770 794 10
784 793 35
788 834 23
817 842 86
841 883 42
851 891 89
856 897 268
872 921 258
899 937 116
910 929 168
932 980 52
936 940 18
945 972 284
974 1018 79
990 1013 99
1007 1041 53
1029 1059 71
1043 1078 69
1043 1093 276
1067 1109 175
1088 1132 32
1098 1142 72
1111 1153 222
1138 1157 197
1149 1181 185
1154 1156 153
1178 1201 300
1189 1232 133
1191 1205 236
1201 1241 186
1209 1246 243
1209 1237 35
1231 1257 123
1245 1279 171
1253 1254 265
1260 1285 182
1268 1286 12
1276 1309 25
1300 1340 14
1305 1330 255
