90
16 48 33
22 40 37
49 81 177
65 77 142
88 95 103
103 140 102
128 137 243
150 188 286
177 218 36
202 212 225
219 251 150
230 261 143
235 277 27
241 259 134
245 275 215
268 272 230
273 301 197
301 312 111
306 323 80
320 342 226
343 379 277
369 392 52
383 392 60
391 441 28
415 422 190
430 436 120
458 494 41
467 503 190
487 516 234
497 543 248
527 528 260
544 559 99
573 616 60
586 603 59
597 605 181
614 654 43
634 679 123
645 674 79
675 715 56
689 719 266
718 742 138
724 743 277
753 784 74
775 813 184
783 805 48
790 836 191
793 805 280
809 838 49
812 858 102
833 836 176
845 864 151
849 869 300
856 883 53
862 881 287
864 874 168
891 920 185
896 922 248
900 921 258
907 916 164
921 945 75
942 952 220
952 962 38
966 989 225
995 1015 170
1004 1021 88
1028 1040 154
1034 1072 244
1063 1077 39
1079 1102 105
1102 1118 27
1117 1154 150
1143 1186 189
1159 1208 12
1172 1191 193
1174 1207 199
1181 1216 285
1205 1223 52
1207 1244 168
1218 1222 159
1234 1237 30
1256 1273 248
1285 1331 223
1306 1309 14
1330 1358 140
1335 1361 263
1352 1402 226
1353 1396 262
1376 1404 162
1400 1437 220
1412 1427 263
