90
10 34 285
38 59 182
56 69 114
84 116 20
87 101 21
101 102 252
123 161 173
133 157 15
153 155 127
164 184 156
176 187 255
182 213 215
194 243 168
212 257 87
225 243 289
243 279 24
272 276 79
274 290 60
298 325 168
323 344 117
344 363 106
355 403 155
375 398 160
394 433 86
410 415 30
429 432 207
445 476 110
449 457 20
468 514 217
485 528 99
501 507 290
511 549 25
530 579 201
556 558 109
565 611 28
577 596 165
593 595 185
603 611 258
628 646 21
657 699 203
676 705 269
702 722 67
722 727 260
733 782 292
749 755 175
770 796 17
792 807 159
794 841 289
798 828 158
818 843 37
844 853 82
871 918 130
883 886 101
906 913 158
932 969 41
962 974 241
964 1011 73
979 982 282
987 1025 61
997 1029 37
1002 1023 204
1019 1029 86
1019 1030 141
1036 1056 257
1059 1070 296
1081 1096 85
1105 1112 117
1114 1120 231
1127 1145 259
1156 1163 197
1174 1177 62
1183 1198 25
1209 1254 271
1210 1240 59
1219 1251 200
1236 1274 297
1240 1244 179
1246 1268 149
1261 1266 58
1269 1312 102
1287 1307 129
1298 1333 39
1315 1342 66
1333 1371 25
1354 1359 136
1371 1406 116
1378 1379 99
1403 1420 189
1419 1459 298
1436 1469 13
