90
18 63 162
31 58 219
44 72 151
70 78 5
89 113 259
93 113 147
122 154 186
146 168 273
151 158 24
172 216 264
172 182 100
181 216 172
187 215 123
202 220 249
224 271 275
254 301 259
263 309 211
276 324 112
281 329 192
289 293 38
309 323 264
320 336 166
333 375 208
360 388 57
363 400 58
367 381 136
371 397 165
395 423 126
421 453 235
427 466 201
456 485 127
466 512 28
491 518 264
500 533 154
504 521 19
521 557 236
521 545 193
546 574 239
550 577 58
557 594 10
557 574 65
564 605 23
569 574 118
589 606 15
591 615 117
613 642 104
621 641 273
622 668 22
625 629 177
639 647 107
646 694 97
653 684 4
669 680 21
676 700 4
687 703 219
713 742 201
717 749 288
718 732 5
720 753 236
728 751 55
757 767 39
772 790 91
790 799 79
799 825 139
825 849 8
841 855 286
857 861 265
858 863 246
866 878 75
891 929 203
921 934 50
924 931 269
928 942 209
940 975 15
970 998 244
978 993 180
981 989 178
1010 1049 242
1038 1067 264
1056 1057 259
1086 1106 92
1091 1116 87
1102 1111 292
1123 1152 205
1150 1165 113
1177 1204 296
1180 1182 203
1193 1207 186
1193 1196 83
1200 1208 223
