90
5 45 74
31 45 156
44 68 207
67 90 121
92 104 272
110 160 148
119 142 93
130 142 208
152 189 293
160 161 290
173 217 141
178 217 73
202 246 297
207 241 7
229 240 252
238 253 292
245 277 141
252 278 279
276 283 185
296 304 47
314 322 233
333 381 159
347 371 134
364 368 260
371 389 39
382 390 17
397 424 44
401 424 98
404 445 122
414 458 235
435 480 5
461 471 65
484 523 97
494 536 154
524 545 104
540 541 125
547 561 169
550 597 41
563 573 192
576 616 124
606 629 44
629 638 118
658 687 25
681 683 37
682 700 116
693 739 102
715 762 87
726 753 182
756 760 296
778 806 56
788 837 226
801 830 224
819 852 145
820 868 58
840 872 240
850 880 87
866 890 288
866 889 275
881 917 1
906 924 53
932 948 9
954 975 174
964 976 83
991 1023 73
1001 1048 42
1007 1044 289
1032 1047 90
1033 1078 200
1040 1085 177
1048 1067 132
1060 1074 218
1063 1112 59
1092 1110 144
1099 1125 159
1104 1108 209
1128 1170 272
1138 1139 286
1159 1165 136
1177 1223 69
1197 1199 45
1211 1227 60
1228 1237 110
1243 1276 195
1247 1280 91
1273 1282 36
1300 1323 31
1319 1322 292
1343 1349 152
1354 1358 283
1366 1411 36
