90
17 22 210
34 43 230
52 89 77
78 94 254
82 94 180
90 130 81
110 146 73
117 144 83
122 134 94
126 129 201
128 153 269
156 159 276
162 181 162
187 208 223
213 253 13
217 220 19
225 231 235
253 275 293
279 300 66
287 323 18
308 358 75
335 368 37
357 379 225
379 397 173
386 393 256
408 458 287
432 471 57
461 488 31
480 526 291
484 495 46
502 537 58
520 548 278
523 556 68
550 557 195
569 584 242
590 595 65
611 638 142
638 653 255
646 664 156
675 683 14
705 709 192
713 760 131
713 743 283
720 731 162
722 730 137
728 742 259
741 764 204
764 807 209
792 819 66
813 829 130
833 850 177
842 870 245
859 899 76
880 899 45
903 915 287
914 960 196
928 946 134
939 942 18
946 981 90
962 975 77
962 973 81
985 1001 276
991 1001 190
1001 1051 132
1013 1019 57
1032 1065 142
1059 1085 79
1088 1136 189
1100 1115 76
1117 1134 77
1139 1171 130
1143 1189 10
1168 1193 107
1187 1191 185
1216 1253 83
1227 1277 80
1254 1282 264
1274 1314 232
1278 1290 103
1289 1301 283
1309 1346 20
1330 1370 95
1351 1356 196
1373 1377 152
1379 1401 158
1386 1410 168
1415 1459 89
1426 1446 289
1443 1464 245
1458 1478 123
