90
16 35 232
42 74 233
59 86 295
89 121 107
112 138 92
112 122 125
133 138 66
147 183 217
177 222 266
186 196 236
210 259 4
213 225 140
228 263 186
249 295 167
254 266 215
282 329 240
299 322 106
321 371 104
322 370 10
349 375 21
377 419 65
407 435 234
429 464 297
442 463 203
446 451 47
453 479 127
471 485 29
482 506 163
486 490 35
509 521 222
534 545 157
562 579 241
567 597 73
568 588 190
578 588 68
585 602 34
596 634 1
598 635 100
603 619 241
631 672 111
658 687 137
671 719 76
701 718 57
722 765 222
733 780 54
745 749 197
761 796 154
787 788 156
815 853 70
837 867 223
865 913 280
892 912 201
905 950 260
932 971 31
960 987 63
982 1010 144
1010 1055 272
1038 1059 229
1056 1078 186
1083 1120 206
1106 1122 283
1124 1144 145
1130 1155 158
1144 1187 117
1147 1192 26
1157 1165 219
1178 1184 200
1194 1210 221
1222 1263 45
1229 1242 157
1249 1252 165
1267 1274 275
1280 1286 256
1292 1335 237
1315 1333 1
1328 1336 82
1344 1351 94
1369 1384 285
1399 1437 167
1408 1454 154
1416 1431 17
1432 1463 67
1435 1481 121
1439 1477 38
1445 1476 23
1466 1488 33
1481 1489 264
1511 1515 15
1528 1542 3
1552 1556 123
