90
14 53 140
35 76 15
61 110 102
68 104 118
74 111 76
93 97 248
123 160 253
125 159 53
142 176 3
144 194 261
153 173 139
164 209 141
186 232 64
211 215 27
237 257 103
255 260 57
260 306 1
265 314 29
270 272 184
290 322 216
311 312 284
336 339 43
363 403 206
378 399 298
401 437 52
428 475 79
433 454 11
458 469 234
484 498 87
491 495 228
519 524 13
522 556 232
543 570 1
558 574 51
587 593 204
605 628 51
633 635 9
645 647 219
655 683 38
663 698 104
668 691 220
693 715 161
720 747 210
731 769 27
744 767 18
751 785 146
752 779 85
757 764 275
784 785 156
786 836 54
807 811 181
812 838 198
838 851 81
859 906 233
863 877 187
881 923 140
902 945 71
915 956 105
938 987 51
968 978 146
975 985 100
979 1013 208
992 1041 11
1006 1049 225
1028 1054 176
1035 1083 225
1065 1099 111
1075 1120 272
1094 1108 159
1106 1147 6
1107 1118 13
1107 1146 87
1118 1141 193
1141 1177 263
1145 1165 262
1169 1198 286
1176 1205 79
1180 1216 46
1200 1243 3
1218 1245 146
1242 1260 152
1255 1299 47
1266 1306 14
1286 1315 196
1287 1325 259
1307 1339 261
1330 1356 79
1337 1373 32
1345 1369 76
1361 1392 297
