90
22 42 35
34 35 260
57 85 56
84 113 104
98 131 267
99 109 7
128 148 8
149 162 136
166 201 269
178 202 205
200 219 175
207 241 50
217 223 246
230 243 160
259 264 260
279 288 294
302 339 216
330 376 264
354 364 90
362 398 193
375 379 198
377 418 33
402 431 281
409 441 70
429 453 245
457 459 31
459 499 18
471 497 267
484 491 202
503 544 8
520 556 254
520 556 28
523 525 276
550 551 83
574 582 122
575 595 158
576 609 45
595 624 32
621 656 282
640 681 283
652 660 65
653 673 126
675 682 242
705 755 23
706 745 185
722 770 180
738 755 155
755 769 242
785 835 108
786 803 223
813 850 299
816 832 290
846 888 231
872 920 292
886 919 200
909 920 295
926 944 153
946 956 2
949 951 226
964 970 109
968 1013 246
990 1016 32
1005 1027 286
1031 1058 133
1048 1081 31
1061 1078 253
1085 1116 206
1089 1134 177
1091 1093 26
1111 1143 183
1119 1144 72
1132 1136 172
1150 1156 209
1162 1174 253
1169 1202 129
1188 1218 204
1203 1224 210
1211 1224 113
1221 1239 180
1241 1289 7
1269 1286 168
1299 1309 276
1323 1366 101
1336 1361 295
1353 1367 77
1366 1400 97
1396 1407 89
1423 1469 59
1450 1492 169
1452 1489 281
