90
15 22 123
43 61 193
60 99 235
83 113 202
101 115 142
119 132 268
129 148 143
148 150 225
169 205 241
179 182 273
198 230 61
216 222 112
229 277 224
238 254 235
252 259 170
280 302 224
300 306 247
318 346 111
340 345 141
370 398 191
390 408 252
418 441 184
438 465 112
442 477 137
443 478 181
451 481 203
476 518 120
500 535 15
512 535 195
530 542 168
560 565 101
580 621 131
587 634 234
610 659 76
624 634 237
638 662 202
665 690 85
670 687 161
679 683 22
691 699 227
718 767 145
727 765 134
755 794 252
766 805 177
773 804 131
780 818 106
780 809 19
780 826 7
796 837 10
810 827 38
836 874 80
851 877 93
874 912 282
887 894 281
888 900 89
897 900 31
924 957 295
947 964 195
957 960 160
968 986 281
985 1014 216
996 1040 211
1001 1032 65
1022 1045 281
1042 1046 247
1058 1083 217
1063 1097 112
1076 1118 221
1089 1103 271
1093 1135 283
1105 1144 162
1108 1136 11
1132 1163 33
1138 1140 201
1152 1185 230
1178 1226 19
1188 1224 218
1201 1218 178
1219 1225 67
1241 1291 173
1253 1269 298
1256 1297 121
1281 1304 274
1294 1299 28
1313 1351 109
1341 1381 215
1351 1388 265
1365 1414 198
1394 1408 172
1421 1453 33
