90
0 13 296
5 11 211
17 39 137
40 66 129
41 56 286
44 83 164
58 101 105
58 64 283
86 119 288
104 121 189
104 153 174
108 126 18
110 122 250
122 171 42
149 158 259
154 195 262
170 210 169
182 230 176
186 196 263
188 235 58
210 243 297
239 278 221
249 297 132
267 270 249
293 298 123
297 308 51
325 365 31
328 338 268
357 376 276
362 364 45
368 395 228
379 416 218
395 445 292
398 402 204
426 449 278
435 471 53
462 509 143
465 478 164
490 505 137
505 520 165
521 558 143
538 569 113
547 570 278
560 607 294
566 610 147
588 597 108
601 645 295
613 655 157
632 668 145
650 659 102
657 689 66
670 695 177
693 716 28
705 745 256
719 769 189
735 754 60
763 770 252
791 796 295
818 859 66
846 882 54
853 880 118
870 911 74
886 924 68
888 913 13
907 928 203
931 934 279
944 964 91
952 965 12
958 981 169
965 1001 31
986 1009 192
1001 1021 233
1021 1070 137
1045 1094 150
1054 1085 236
1071 1074 2
1099 1131 260
1129 1134 207
1137 1138 146
1166 1199 113
1188 1228 142
1203 1232 213
1225 1248 143
1251 1272 93
1265 1274 96
1278 1292 296
1282 1298 288
1293 1316 173
1307 1316 20
1322 1327 226
