90
12 56 132
27 66 45
46 77 141
59 107 27
68 114 153
77 111 81
91 111 25
118 141 58
133 173 227
135 170 103
144 145 130
173 223 217
185 220 200
209 256 48
226 236 286
242 253 222
262 286 191
262 277 149
263 280 202
292 338 201
299 306 176
322 333 291
342 364 265
362 376 154
380 388 73
394 429 171
414 420 56
415 453 188
445 470 67
466 500 210
473 506 296
493 540 55
517 540 43
535 583 133
555 561 164
558 595 275
566 595 249
574 623 220
591 640 289
591 609 247
604 609 27
621 646 252
630 661 187
632 652 248
658 708 145
672 674 133
689 727 10
693 720 143
722 723 218
751 776 162
751 758 190
757 781 146
769 814 183
791 794 210
815 816 228
827 865 66
844 894 123
858 894 76
873 895 28
902 929 292
925 961 282
937 947 21
956 980 247
972 974 201
972 1014 209
977 1016 197
999 1030 166
1012 1041 13
1035 1063 116
1057 1095 258
1074 1085 43
1091 1114 134
1111 1123 265
1117 1130 134
1127 1145 73
1130 1166 207
1154 1176 50
1154 1166 235
1166 1168 136
1194 1207 136
1210 1213 291
1216 1230 116
1218 1247 179
1246 1291 48
1252 1281 291
1278 1324 244
1302 1332 123
1330 1333 2
1331 1332 278
1344 1364 20
