90
6 21 130
9 53 141
13 17 264
14 18 15
38 63 131
40 82 11
52 100 211
53 79 184
69 111 51
98 102 16
108 157 276
125 166 263
125 145 143
137 179 261
161 179 26
183 222 97
187 218 245
213 217 181
231 240 251
260 277 4
280 288 119
297 341 141
309 318 138
317 318 94
324 345 175
326 327 206
351 391 25
365 385 60
373 393 143
379 395 161
385 402 69
385 402 96
409 459 235
421 460 182
439 441 202
465 503 59
474 520 34
504 506 130
532 576 293
535 559 110
558 593 107
570 590 151
582 610 222
584 598 27
603 640 229
605 645 184
635 652 155
641 652 109
669 686 158
678 715 58
688 719 156
703 726 94
710 752 73
729 772 298
740 769 143
741 766 119
768 775 93
786 798 260
795 811 273
799 804 78
826 853 64
840 872 36
844 888 266
852 896 250
852 884 284
880 926 189
890 919 274
911 938 222
934 936 93
958 1008 15
980 1014 241
1002 1033 113
1018 1064 51
1019 1045 45
1043 1076 28
1064 1080 239
1069 1072 244
1086 1106 277
1090 1129 158
1092 1118 79
1115 1156 30
1139 1153 150
1143 1178 69
1149 1189 185
1167 1187 208
1196 1207 95
1207 1225 266
1226 1234 185
1252 1289 63
1264 1287 141
