90
2 30 133
24 27 281
39 42 44
65 85 197
78 88 159
96 124 295
108 124 159
112 134 36
128 153 66
150 180 182
168 186 67
172 193 284
175 199 24
198 221 110
213 224 161
227 273 82
244 245 136
253 289 74
281 282 277
297 339 182
320 350 15
320 328 211
343 355 114
368 411 193
387 407 258
397 422 72
415 437 294
423 445 211
442 488 294
446 491 88
446 459 165
461 466 286
480 516 39
481 512 67
486 512 67
515 518 12
545 560 213
569 609 251
571 599 275
593 643 275
617 648 44
626 654 271
628 640 112
629 657 162
658 665 76
661 676 157
683 699 229
711 714 237
741 753 64
750 767 74
757 780 57
776 809 274
791 820 289
807 823 190
829 862 165
853 865 268
860 898 214
865 907 196
882 900 236
901 921 69
923 963 159
932 969 101
958 998 268
962 975 2
973 975 221
979 996 186
991 1038 206
991 1006 174
1021 1046 143
1045 1051 101
1061 1062 19
1080 1110 108
1091 1124 18
1113 1125 156
1127 1162 13
1155 1157 243
1169 1196 280
1175 1179 157
1199 1205 156
1217 1244 169
1239 1275 274
1239 1258 128
1246 1277 159
1252 1294 21
1272 1275 141
1281 1305 174
1297 1322 188
1322 1345 190
1338 1350 150
1339 1379 62
