90
28 38 278
37 84 25
61 106 222
91 132 195
118 151 158
145 152 130
168 199 274
186 229 184
202 216 7
230 275 188
246 278 297
271 297 3
295 345 158
308 341 268
332 357 292
360 373 82
369 380 101
393 426 129
403 409 96
424 433 135
433 477 84
449 455 126
464 466 66
469 484 244
482 503 33
493 532 293
508 548 234
520 566 44
526 574 279
552 553 143
554 556 107
570 577 224
590 605 249
614 643 50
631 643 120
639 684 288
651 695 202
672 698 174
684 714 88
687 693 12
701 705 61
705 711 158
706 730 212
722 748 144
724 760 211
727 774 98
751 761 44
777 811 49
778 824 254
778 790 33
802 813 275
827 836 114
827 876 254
848 849 49
853 900 185
877 920 121
898 925 47
900 935 47
906 946 2
906 942 194
921 956 56
931 980 81
933 945 163
948 980 2
955 973 300
959 982 63
981 990 150
1010 1030 130
1011 1038 294
1019 1029 84
1034 1077 175
1044 1063 213
1072 1114 157
1102 1112 80
1103 1105 265
1116 1133 21
1139 1163 221
1152 1167 45
1178 1221 211
1201 1210 40
1202 1219 268
1203 1222 126
1233 1262 86
1260 1269 122
1282 1321 229
1290 1321 52
1308 1335 242
1330 1366 179
1342 1363 249
1356 1362 66
