90
6 54 26
24 25 16
48 49 283
73 78 187
90 122 284
92 125 84
99 118 36
117 162 179
132 139 183
158 192 153
181 227 199
182 216 110
193 234 94
215 242 126
236 254 258
254 299 263
278 291 261
294 315 199
322 340 112
336 376 257
360 390 255
373 379 13
377 415 69
402 408 240
416 436 55
441 457 141
457 493 92
474 498 11
496 507 237
520 525 120
533 540 248
550 589 222
571 591 243
571 591 192
582 595 187
610 636 89
635 669 297
641 668 35
645 670 295
651 677 192
669 706 100
691 735 222
708 721 81
709 736 196
728 763 265
747 780 252
756 797 298
782 829 53
787 810 125
794 839 280
817 854 133
832 875 202
848 869 73
861 907 248
869 892 126
885 892 132
914 924 193
925 966 123
955 957 169
969 1014 172
975 984 162
1001 1020 284
1009 1015 177
1031 1061 109
1036 1064 118
1041 1084 199
1065 1094 150
1078 1119 196
1093 1097 73
1112 1128 225
1127 1177 258
1154 1160 289
1167 1196 29
1193 1208 245
1207 1246 246
1211 1241 285
1234 1238 53
1246 1268 194
1251 1257 245
1272 1298 22
1298 1311 80
1303 1326 149
1322 1332 23
1341 1365 295
1365 1387 23
1379 1427 163
1380 1408 267
1410 1445 32
1427 1446 171
1430 1439 277
