90
27 48 208
36 61 21
40 78 234
70 72 300
76 121 53
78 82 3
95 133 298
117 156 77
133 142 274
155 176 148
167 204 226
172 197 179
190 208 273
218 230 42
238 241 291
252 255 238
263 274 293
281 314 64
294 320 236
317 321 36
335 379 150
352 372 260
369 417 165
390 415 254
391 436 166
412 462 160
420 432 179
429 463 146
456 471 239
472 507 21
499 522 164
502 547 100
525 555 129
541 553 57
556 574 171
571 620 141
593 641 38
610 621 68
635 664 43
651 652 77
664 670 49
681 682 102
694 699 242
697 741 266
712 758 196
737 774 198
753 789 34
767 770 124
794 818 13
823 844 160
824 861 68
846 884 91
848 858 125
864 879 85
868 906 218
892 927 297
903 913 36
911 938 233
928 971 142
930 935 286
933 954 161
956 986 95
966 1000 170
991 1009 283
1014 1052 118
1040 1060 44
1057 1083 223
1076 1106 199
1090 1126 261
1116 1144 54
1138 1141 28
1166 1210 127
1172 1201 159
1181 1201 104
1210 1246 73
1216 1251 248
1246 1278 145
1251 1264 262
1252 1282 101
1272 1305 174
1290 1295 146
1293 1322 229
1303 1315 215
1304 1321 246
1324 1332 211
1325 1341 112
1344 1376 217
1366 1395 205
1378 1397 144
1394 1408 196
