90
27 67 210
46 96 221
61 83 165
79 89 36
89 93 34
99 114 129
112 148 157
135 147 275
145 194 138
153 171 226
171 200 102
173 192 94
200 234 149
224 237 224
243 275 136
264 303 178
271 297 56
299 306 104
323 372 185
341 347 266
351 382 251
351 369 11
364 380 91
390 423 8
417 445 247
428 456 47
458 480 257
465 469 153
494 524 299
507 520 267
534 556 200
553 577 259
583 591 28
610 647 127
626 655 245
638 662 274
658 680 211
686 705 211
703 735 238
731 755 117
753 796 148
769 810 163
779 811 212
788 810 54
803 809 107
820 868 298
825 870 36
838 887 19
849 873 79
870 900 280
877 918 158
898 946 197
914 938 67
916 966 118
936 967 272
937 939 142
959 980 236
975 1024 103
976 1024 161
993 1027 185
999 1021 286
1023 1029 289
1031 1033 141
1045 1057 139
1064 1097 38
1087 1112 300
1105 1118 121
1121 1130 247
1142 1143 182
1161 1194 161
1166 1177 73
1191 1228 26
1194 1198 284
1194 1234 174
1201 1204 234
1221 1264 240
1238 1248 261
1263 1288 74
1263 1280 280
1281 1310 38
1296 1336 181
1309 1348 122
1329 1368 145
1351 1394 1
1370 1403 5
1394 1397 172
1417 1467 159
1443 1459 186
1444 1491 232
1453 1495 130
