90
23 24 19
44 76 148
67 114 172
87 104 153
104 106 153
105 107 230
125 156 20
128 134 210
136 142 99
144 145 216
155 160 138
158 203 203
187 203 266
188 235 248
212 218 161
218 256 49
232 234 266
235 281 194
244 271 285
260 279 176
289 317 188
308 329 224
331 335 169
358 384 87
366 404 211
389 401 24
419 444 217
448 487 200
451 475 182
473 483 214
484 499 162
514 554 211
525 543 245
548 551 131
570 604 273
577 578 25
593 639 225
607 615 120
635 663 24
652 690 88
652 693 273
680 713 154
683 700 83
702 713 279
707 734 290
722 755 268
749 779 240
760 785 73
779 825 148
805 827 63
825 836 81
838 884 107
861 877 234
869 915 94
872 884 127
892 915 108
915 947 113
915 931 280
916 962 159
919 923 116
939 977 165
949 981 215
958 967 14
985 1006 235
1011 1022 235
1041 1076 180
1067 1071 69
1090 1129 69
1097 1128 90
1105 1118 281
1131 1181 213
1158 1177 118
1174 1219 211
1198 1230 188
1212 1247 82
1221 1243 85
1240 1262 215
1254 1266 7
1262 1277 112
1273 1319 121
1301 1340 275
1305 1354 103
1335 1371 213
1349 1396 283
1369 1392 188
1371 1391 90
1382 1420 214
1409 1421 124
1435 1484 272
1445 1451 275
