90
22 65 31
31 55 75
35 74 89
55 73 33
62 98 287
73 109 218
75 78 254
104 114 219
107 149 113
134 177 110
141 158 150
165 173 221
189 207 258
191 219 70
217 232 39
233 238 198
242 276 177
266 281 222
282 328 150
307 348 23
324 347 44
336 362 292
351 360 138
358 368 103
360 380 298
370 394 132
380 418 196
405 424 13
405 439 122
414 452 179
427 463 178
440 455 246
469 515 92
493 538 138
510 557 245
518 562 15
531 574 256
561 602 121
561 586 13
577 614 205
586 594 290
586 610 246
597 620 81
607 646 9
613 663 218
630 661 200
636 641 163
644 655 108
657 698 40
664 677 16
683 728 36
700 750 24
701 750 155
731 758 261
757 805 256
763 766 218
780 821 98
788 837 237
803 806 79
823 837 41
850 874 229
859 875 188
863 870 145
884 888 213
913 927 269
919 960 201
921 940 202
927 957 121
952 963 9
961 965 76
970 999 209
978 1024 222
982 1014 50
1005 1011 257
1010 1034 131
1023 1058 155
1035 1060 217
1042 1058 243
1061 1102 236
1079 1125 141
1103 1122 25
1116 1135 100
1118 1138 108
1134 1141 52
1150 1152 290
1151 1198 163
1159 1201 84
1175 1194 161
1201 1202 130
1229 1231 277
