90
13 24 33
15 42 267
29 73 91
57 78 97
73 112 153
88 138 7
107 148 127
129 166 272
159 200 257
169 177 49
188 190 181
211 237 194
239 268 246
262 287 257
281 306 52
294 305 244
315 325 31
324 340 87
344 383 127
370 418 132
372 400 239
381 382 72
381 397 191
394 424 123
406 411 101
429 479 216
456 470 24
470 499 15
494 521 155
523 562 55
553 577 225
561 597 94
590 608 113
606 609 51
636 637 32
661 669 117
663 695 251
687 730 151
708 737 84
724 757 63
752 779 90
781 782 62
783 821 50
804 848 161
811 817 47
815 827 268
844 854 190
864 887 188
881 917 187
902 917 3
918 926 268
942 957 170
964 970 203
990 1023 6
1016 1048 210
1046 1052 251
1071 1089 221
1094 1127 146
1123 1173 171
1141 1167 149
1143 1187 151
1170 1185 179
1183 1195 284
1194 1224 160
1219 1259 240
1242 1249 256
1246 1254 86
1263 1269 239
1275 1311 17
1275 1316 157
1291 1308 91
1310 1334 41
1310 1327 53
1336 1384 248
1343 1383 105
1348 1352 20
1374 1387 146
1393 1442 239
1421 1422 116
1421 1449 217
1440 1459 235
1446 1478 176
1464 1514 141
1485 1492 162
1512 1546 247
1538 1587 233
1559 1575 25
1559 1561 279
1567 1608 275
1587 1616 195
