90
7 26 176
19 42 49
49 90 205
73 93 282
91 127 272
98 103 210
118 136 167
130 178 33
144 169 88
173 213 295
178 219 274
197 215 215
227 259 167
255 279 45
260 283 224
278 328 171
308 310 154
332 366 274
351 371 284
374 423 110
398 404 41
402 424 91
419 425 43
433 470 46
435 464 65
454 483 92
482 504 152
509 546 230
523 546 34
537 544 35
559 588 40
565 570 12
570 612 51
575 578 292
586 608 168
603 609 120
622 650 300
630 678 160
645 687 254
650 668 129
673 675 131
694 711 262
712 717 292
722 746 246
732 758 133
745 785 148
745 784 263
763 812 52
774 780 144
780 802 280
804 851 130
809 846 39
829 835 3
830 853 276
840 880 159
860 908 23
884 885 203
903 929 125
922 950 128
946 991 260
954 988 198
974 1021 5
990 1019 269
1017 1039 30
1032 1036 252
1042 1085 210
1057 1069 250
1084 1110 235
1091 1114 195
1118 1133 231
1139 1151 41
1162 1177 142
1187 1236 74
1200 1234 216
1209 1233 112
1211 1257 22
1237 1269 255
1248 1260 120
1251 1262 34
1273 1309 5
1296 1309 42
1299 1328 196
1325 1368 189
1332 1363 273
1336 1368 115
1363 1376 169
1387 1404 281
1401 1416 86
1421 1429 62
1423 1449 201
