90
20 53 1
40 41 10
63 83 155
85 90 12
104 132 54
124 135 10
129 146 4
130 140 13
150 151 61
153 187 296
174 222 10
192 215 10
214 238 240
233 261 183
253 281 36
271 307 290
289 307 180
289 328 195
308 343 96
338 354 185
364 414 21
374 398 256
395 429 63
425 444 166
446 481 95
447 496 2
466 507 209
490 493 167
501 542 257
524 531 79
552 570 225
565 588 251
584 585 127
592 609 197
600 608 215
605 649 274
611 640 206
629 636 248
658 686 67
685 730 176
702 729 35
727 755 247
733 765 102
743 753 121
763 805 24
791 803 296
814 845 85
826 832 173
845 850 166
865 885 179
881 896 256
886 912 99
899 902 141
899 948 207
912 958 169
922 923 189
923 945 252
941 978 190
968 993 225
984 985 209
987 992 150
999 1032 122
1010 1011 294
1022 1054 80
1043 1056 142
1044 1058 66
1053 1058 282
1078 1104 28
1091 1111 166
1112 1159 102
1126 1144 220
1143 1160 166
1160 1175 49
1169 1183 226
1183 1212 212
1211 1224 240
1222 1262 180
1240 1273 214
1242 1246 214
1243 1284 134
1243 1276 115
1257 1258 254
1278 1327 204
1285 1300 251
1312 1326 57
1341 1388 262
1369 1397 14
1387 1430 252
1412 1423 11
1425 1426 58
