90
4 54 16
21 29 53
40 90 113
42 61 98
60 75 104
65 94 148
86 118 189
89 103 124
105 124 158
119 145 170
126 160 229
131 163 109
154 155 83
168 182 221
195 208 238
206 242 50
234 259 37
256 280 62
260 284 155
266 274 246
271 296 119
276 319 244
294 310 10
318 355 156
335 384 106
346 384 240
365 395 76
381 398 117
401 416 140
422 472 224
429 467 273
432 433 261
455 504 139
481 492 290
491 535 13
502 515 190
526 544 75
536 572 161
566 581 101
590 639 123
619 660 85
642 684 9
662 706 154
664 685 172
673 704 267
688 735 49
713 754 114
730 737 127
751 772 136
763 811 111
771 776 68
775 802 94
795 802 134
822 860 236
834 879 10
854 873 197
879 898 37
895 918 185
921 939 81
926 957 32
956 964 274
961 964 298
990 1007 239
990 1017 46
997 1041 16
1023 1050 223
1023 1062 270
1045 1050 8
1058 1061 295
1084 1120 1
1089 1099 40
1105 1108 51
1107 1144 280
1119 1133 13
1144 1185 169
1160 1190 72
1181 1212 182
1193 1242 159
1211 1244 95
1221 1254 249
1231 1260 24
1257 1290 138
1277 1278 208
1301 1344 212
1308 1340 300
1313 1316 185
1340 1342 63
1346 1368 123
1353 1379 144
1357 1383 124
