90
1 51 250
6 19 266
30 51 282
40 62 204
59 63 27
80 95 209
103 153 72
131 175 259
154 172 220
166 204 56
179 192 112
202 229 298
231 236 82
234 276 67
247 297 201
256 279 251
275 300 119
296 303 34
303 340 244
317 329 164
344 360 263
350 394 268
356 368 33
373 403 35
398 437 31
418 459 171
419 463 78
436 463 152
445 479 64
472 515 259
476 502 92
485 508 175
509 525 269
527 536 290
536 582 95
553 554 164
561 571 68
587 613 2
615 655 71
630 635 257
645 686 267
649 697 126
653 690 47
672 718 76
677 716 141
677 698 209
686 724 154
705 735 63
733 745 279
753 794 270
781 823 251
788 825 147
818 862 205
833 851 188
859 885 123
881 909 173
890 919 202
904 905 169
910 951 14
922 949 289
952 975 219
956 1006 20
965 977 134
990 1004 92
999 1043 30
1018 1028 171
1040 1075 59
1048 1098 246
1059 1102 151
1084 1111 45
1097 1142 110
1116 1122 206
1144 1169 156
1156 1157 110
1180 1228 248
1202 1242 106
1225 1269 125
1230 1232 11
1245 1282 5
1250 1261 106
1259 1284 61
1278 1295 138
1308 1321 78
1325 1344 266
1337 1372 153
1345 1350 235
1368 1385 37
1378 1413 280
1401 1403 292
1401 1419 161
