90
29 58 62
56 65 227
64 91 190
80 113 107
110 119 87
131 152 171
140 171 15
142 191 15
158 202 243
167 174 58
167 203 14
195 203 287
218 252 291
221 234 260
229 250 179
242 255 249
251 264 184
268 287 117
287 313 231
301 320 235
321 351 270
331 362 3
337 373 161
358 398 222
360 361 43
364 401 163
383 416 149
413 414 285
431 432 49
440 442 53
462 495 39
477 491 163
485 498 181
512 515 172
538 562 252
540 584 276
559 581 200
589 599 35
606 629 67
623 673 188
626 653 114
643 678 98
645 693 205
668 685 125
696 741 237
717 754 138
730 760 175
758 766 62
784 814 257
811 822 87
831 866 6
835 876 182
859 861 34
864 900 26
893 925 255
902 951 61
924 970 63
940 966 191
960 999 97
969 973 252
980 1027 257
986 1014 288
1005 1024 121
1016 1041 97
1035 1065 50
1061 1087 163
1062 1096 22
1083 1117 141
1105 1151 269
1122 1125 45
1124 1158 8
1127 1139 198
1134 1138 202
1162 1198 73
1188 1200 279
1203 1213 292
1218 1252 89
1244 1257 191
1252 1275 137
1281 1329 218
1307 1320 36
1333 1365 180
1358 1364 20
1371 1383 49
1391 1438 206
1401 1409 61
1427 1447 63
1445 1485 28
1449 1453 32
1468 1488 126
