90
25 36 17
31 56 197
35 75 277
62 74 208
78 96 250
93 118 125
99 128 1
101 144 288
126 137 93
150 200 119
173 188 204
194 204 176
194 211 126
208 209 138
211 261 143
229 256 221
238 287 195
263 268 112
269 297 20
281 308 68
281 326 73
284 299 122
291 313 204
294 319 150
314 343 188
329 352 162
350 384 248
367 383 244
392 402 161
393 406 170
415 462 3
438 475 173
439 486 55
441 448 263
469 484 292
491 493 164
502 535 156
522 557 172
525 556 23
533 571 48
540 566 299
562 608 161
590 613 205
613 652 12
630 673 245
644 664 80
645 657 52
668 669 48
676 677 221
701 722 29
724 758 18
745 755 211
770 776 266
797 811 133
797 812 248
823 842 215
824 861 41
842 861 80
862 904 224
879 907 288
889 893 7
912 933 122
937 950 186
957 984 280
960 979 143
984 988 207
987 1000 255
988 1004 43
1001 1021 44
1020 1062 35
1043 1088 130
1045 1074 110
1059 1080 22
1068 1110 91
1098 1111 227
1114 1133 4
1143 1164 216
1170 1208 173
1179 1183 170
1206 1253 87
1206 1239 246
1215 1230 94
1218 1241 47
1239 1253 202
1255 1256 102
1255 1301 217
1264 1290 272
1283 1313 223
1284 1321 93
1309 1322 14
