90
12 34 48
31 56 162
33 83 185
40 79 74
61 101 177
89 95 206
99 149 73
113 119 287
113 156 279
133 167 203
133 163 154
142 160 159
154 172 128
179 208 46
185 234 218
201 238 247
208 230 20
227 235 174
242 270 257
250 256 70
259 307 292
281 320 89
300 311 201
311 325 241
326 346 31
342 348 238
344 362 292
346 376 52
354 361 275
375 382 37
381 429 34
392 433 59
393 401 229
403 431 6
406 427 196
428 435 232
443 490 99
464 474 173
473 482 97
477 500 32
501 537 254
503 536 205
532 579 3
548 584 297
556 572 96
584 592 44
597 626 20
605 613 117
633 663 107
639 657 158
644 665 151
659 672 201
679 721 9
692 742 174
715 754 235
720 752 74
720 743 45
723 764 70
731 763 250
741 745 229
747 753 92
769 783 110
780 801 276
786 824 98
794 822 248
802 806 199
820 835 67
834 882 112
847 849 230
850 856 97
866 890 165
870 907 221
872 889 115
886 919 197
897 933 194
914 933 45
937 980 18
957 1006 250
985 1016 82
991 1007 187
1020 1027 78
1045 1075 272
1056 1083 34
1060 1075 241
1083 1090 190
1102 1117 73
1130 1144 56
1158 1160 68
1171 1192 22
1190 1232 24
