90
26 28 247
50 99 138
51 57 67
55 77 129
72 95 204
91 125 83
96 135 236
114 149 108
144 160 198
166 193 162
178 206 240
183 219 192
186 199 259
209 231 255
222 254 158
248 271 279
255 299 158
283 291 182
300 345 39
309 315 252
337 384 216
356 367 89
368 403 132
383 414 87
406 429 249
407 436 61
430 443 221
455 500 40
480 504 125
487 527 150
513 539 10
516 530 106
519 538 113
519 541 74
541 565 21
561 588 123
573 577 138
600 614 134
614 654 177
644 663 252
644 654 183
644 659 201
648 690 137
651 652 292
678 707 68
693 739 274
694 712 57
699 701 69
702 736 131
728 770 32
742 766 214
754 782 10
757 767 105
785 795 96
810 851 300
838 842 217
856 859 163
864 897 240
880 884 266
888 917 24
899 948 178
916 925 63
943 979 23
950 960 7
950 960 21
971 975 180
993 1021 122
1006 1040 153
1020 1021 93
1039 1080 58
1049 1050 4
1050 1061 243
1056 1064 78
1065 1106 54
1080 1096 95
1104 1153 125
1130 1140 196
1140 1179 162
1159 1172 254
1173 1177 151
1188 1202 177
1216 1260 208
1222 1255 165
1234 1264 64
1247 1278 181
1271 1278 294
1283 1290 277
1296 1333 191
1298 1303 73
1301 1323 190
