90
26 47 106
33 37 218
47 93 198
57 104 32
69 103 237
81 85 195
109 131 288
117 143 279
135 156 50
141 154 269
164 167 43
189 203 101
195 216 90
200 246 188
207 231 36
224 239 231
239 264 273
261 282 28
277 306 151
297 312 213
297 335 100
308 318 86
317 329 263
327 337 249
328 371 143
353 399 231
355 363 296
371 396 74
387 398 103
400 412 84
404 452 94
425 448 93
454 497 115
482 487 126
512 546 16
521 564 130
526 536 49
546 588 5
551 566 295
566 602 55
594 629 243
610 641 185
629 654 17
648 650 24
668 697 116
689 694 239
689 726 84
692 709 134
701 706 259
708 756 104
719 755 118
738 754 60
746 796 238
760 803 220
769 781 31
791 809 213
797 808 98
821 855 246
826 860 33
837 885 198
838 845 150
857 882 23
878 914 22
901 945 291
921 943 104
934 957 63
942 956 210
971 1011 87
974 988 258
982 1010 292
991 1003 154
991 1028 83
1006 1056 298
1035 1051 113
1046 1067 213
1049 1060 6
1078 1088 282
1098 1127 66
1106 1148 35
1121 1163 195
1149 1170 123
1159 1189 13
1189 1223 227
1197 1217 120
1212 1254 283
1240 1281 40
1266 1268 276
1278 1292 58
1296 1339 228
1314 1340 92
