90
1 29 292
28 75 222
36 41 150
42 77 298
53 74 114
53 73 111
54 84 226
60 95 140
69 91 116
89 132 117
107 146 63
116 161 31
137 187 149
138 151 24
155 190 34
176 220 275
193 203 150
218 251 236
228 276 277
246 255 78
246 269 55
268 303 133
293 322 67
298 327 88
298 305 287
317 353 119
346 359 161
349 358 284
378 391 256
404 417 265
425 433 31
443 458 53
445 474 81
452 475 288
479 520 170
502 518 1
502 532 8
502 506 219
516 538 89
527 573 96
539 578 36
567 586 132
567 606 245
581 588 229
606 628 219
633 642 293
649 667 269
670 719 178
700 747 156
721 754 80
726 740 137
733 779 37
744 784 28
762 798 117
766 805 255
779 798 82
808 855 299
819 831 228
820 836 133
821 848 61
839 880 49
866 907 219
896 903 266
902 948 180
929 957 136
948 953 162
956 971 101
980 1015 174
994 1016 260
995 1018 246
1020 1061 175
1049 1093 42
1070 1081 86
1080 1090 159
1082 1108 282
1100 1111 180
1127 1157 195
1134 1144 192
1145 1185 130
1162 1176 105
1185 1203 1
1187 1236 50
1211 1227 215
1224 1251 129
1244 1258 209
1262 1282 180
1284 1314 56
1310 1357 291
1331 1340 126
1358 1372 157
