90
0 23 238
17 46 278
18 19 179
21 65 2
22 64 61
42 77 244
42 43 221
62 90 76
86 96 177
98 121 161
121 163 279
143 186 173
148 156 254
176 178 178
197 232 86
225 228 123
253 279 284
262 275 274
267 314 191
281 315 210
303 322 137
320 332 83
326 375 8
331 356 42
354 383 228
357 361 297
373 381 5
376 426 37
385 421 227
409 434 104
434 462 212
446 493 193
447 463 121
459 485 224
479 491 300
497 511 223
501 515 77
519 521 291
547 591 107
569 573 126
588 633 133
599 609 12
617 641 286
633 678 165
652 656 131
659 663 170
668 710 89
671 719 100
697 737 242
722 741 43
744 771 49
762 807 238
764 783 27
792 810 202
821 853 2
840 885 287
847 869 214
847 881 282
850 877 33
867 889 258
879 905 116
890 932 8
892 913 150
913 926 56
914 959 141
920 955 209
931 964 168
934 937 31
954 981 104
974 977 181
1004 1039 146
1014 1025 57
1035 1044 132
1036 1081 226
1036 1056 296
1040 1060 88
1045 1074 236
1066 1070 106
1083 1126 232
1097 1136 167
1112 1120 27
1119 1164 228
1131 1174 110
1137 1147 82
1139 1179 274
1157 1158 246
1172 1184 52
1202 1251 146
1207 1242 277
1217 1245 196
