90
11 14 142
13 56 93
37 69 106
67 109 97
76 88 93
103 125 149
119 130 259
119 123 5
124 144 167
124 142 124
151 176 158
154 160 231
170 188 109
192 194 121
219 248 165
223 251 189
248 266 182
251 284 162
264 311 118
267 294 296
292 328 146
308 319 61
330 368 86
357 379 68
370 418 261
396 412 100
414 422 212
441 449 187
462 467 222
487 534 182
493 506 14
512 555 41
524 561 232
545 594 38
548 589 119
556 572 171
562 600 89
567 576 186
592 613 31
608 645 152
634 680 13
656 676 201
681 714 182
682 729 77
694 699 42
696 734 29
726 750 6
727 774 8
735 781 196
746 759 270
771 783 9
788 826 107
803 835 118
830 870 267
840 881 61
862 901 260
863 897 88
885 897 142
906 920 295
909 950 228
920 940 20
932 949 214
935 956 121
956 982 222
976 996 203
999 1005 55
1011 1028 116
1016 1043 231
1030 1067 176
1057 1098 171
1072 1112 227
1096 1102 148
1115 1139 97
1145 1173 75
1145 1155 146
1152 1199 267
1177 1226 32
1189 1239 126
1199 1200 116
1214 1216 77
1226 1246 54
1244 1291 68
1264 1271 69
1285 1304 151
1301 1327 50
1322 1369 90
1331 1355 150
1344 1358 142
1362 1402 226
1375 1381 173
