90
20 69 17
29 50 110
41 60 52
44 63 146
55 74 239
68 116 195
92 123 89
93 113 8
114 157 247
138 164 173
167 186 151
197 245 177
216 226 122
228 265 211
253 277 214
257 259 112
275 278 220
285 305 118
298 343 77
322 365 238
352 360 176
369 419 175
381 425 197
383 388 90
410 455 241
434 466 284
440 490 166
451 453 74
464 500 191
488 502 206
506 528 21
510 520 162
529 553 69
539 563 290
560 584 270
583 615 179
584 614 119
614 626 254
626 668 172
641 662 74
666 702 52
672 682 137
678 721 213
686 710 39
700 701 10
729 735 156
756 775 229
763 776 246
779 822 145
797 813 227
815 838 29
819 852 185
820 844 134
849 879 17
876 890 243
896 946 291
924 935 140
936 959 255
949 985 14
962 1007 88
962 996 188
976 984 89
985 994 75
992 1015 250
998 1032 81
999 1045 43
1016 1034 294
1031 1067 262
1049 1057 193
1059 1090 230
1077 1086 199
1084 1109 151
1105 1116 90
1121 1165 166
1146 1164 223
1166 1191 293
1168 1196 22
1196 1202 156
1205 1237 272
1234 1235 192
1257 1273 282
1276 1303 288
1289 1322 47
1300 1306 62
1307 1313 196
1317 1367 90
1336 1349 205
1365 1404 263
1395 1396 49
1407 1409 276
