90
9 58 72
35 69 95
54 86 206
80 130 67
87 131 17
102 126 226
126 149 248
136 169 187
161 192 217
167 208 97
175 185 122
203 233 20
230 239 226
250 267 265
264 300 70
289 292 142
296 297 247
302 343 258
322 358 289
346 354 68
371 410 145
392 439 171
401 427 180
405 421 202
421 467 263
423 432 165
428 471 229
453 460 47
460 497 46
470 483 179
489 515 271
516 548 6
518 536 169
526 557 267
550 590 7
555 569 126
555 585 209
572 622 114
600 647 5
629 668 173
634 639 176
639 676 7
650 695 74
670 702 96
692 733 147
704 726 173
733 758 173
743 786 80
762 793 114
786 799 31
794 841 162
821 823 267
829 873 174
847 882 214
862 875 250
867 901 128
873 898 64
881 904 154
903 921 217
912 925 251
922 933 17
931 973 149
939 952 294
941 985 209
964 997 160
972 1009 292
982 999 224
1007 1026 53
1027 1055 124
1043 1087 177
1051 1072 236
1068 1115 231
1091 1095 234
1119 1149 213
1141 1160 148
1163 1177 244
1180 1221 19
1180 1199 300
1195 1209 90
1218 1259 88
1246 1256 61
1266 1269 24
1295 1327 105
1305 1354 23
1333 1356 19
1333 1353 115
1345 1349 197
1347 1396 110
1352 1381 54
1352 1400 186
