90
7 28 245
14 26 63
32 63 253
42 66 164
46 88 210
55 78 194
67 87 164
74 114 275
99 144 129
110 118 38
112 161 176
112 129 116
121 122 235
147 197 29
157 175 14
180 204 272
208 254 151
232 262 176
236 239 130
262 286 28
292 320 17
305 353 127
318 330 6
325 370 104
328 337 253
349 363 295
377 403 58
388 409 234
394 436 191
403 448 37
420 432 188
444 493 15
471 518 109
489 495 121
501 531 98
522 568 264
531 533 36
557 601 297
587 590 4
608 628 121
618 664 87
625 670 192
645 655 32
652 691 184
678 680 130
688 720 52
718 726 76
748 763 9
756 791 203
762 804 9
762 774 161
777 788 165
784 817 109
789 821 300
816 822 65
825 853 224
831 838 44
837 871 296
866 915 239
879 880 139
905 923 41
912 947 4
939 981 193
948 987 248
970 982 92
975 983 275
992 1007 181
1005 1026 122
1018 1024 131
1025 1042 173
1032 1057 92
1049 1082 5
1073 1104 269
1074 1116 207
1087 1102 200
1094 1108 12
1122 1145 273
1133 1157 43
1151 1153 44
1163 1181 35
1169 1183 147
1169 1209 256
1193 1230 211
1208 1254 113
1226 1247 252
1236 1270 190
1265 1284 292
1287 1309 114
1308 1324 182
1327 1341 193
