90
2 20 102
16 46 197
20 57 146
22 44 230
48 95 215
55 105 271
78 104 241
80 124 262
94 116 220
117 152 191
125 153 105
126 172 47
133 164 187
162 202 76
190 238 128
202 244 230
212 258 212
235 266 199
243 264 193
266 277 103
296 338 65
320 368 67
321 350 157
344 390 72
357 365 93
375 384 107
391 399 40
401 403 6
424 471 29
432 464 137
433 472 140
442 477 155
459 489 235
471 492 170
494 513 58
495 498 194
504 530 202
513 516 122
522 558 163
536 545 137
554 581 72
579 602 274
593 640 300
593 597 102
593 611 142
594 601 19
611 632 213
622 661 33
632 640 286
642 656 298
662 696 238
682 689 24
712 753 153
728 762 216
743 793 21
766 783 113
794 822 105
796 804 133
807 809 8
835 875 254
858 887 221
868 883 226
898 918 182
900 939 261
926 933 242
934 965 292
940 955 50
948 980 113
953 987 117
964 988 142
965 996 29
992 1033 30
1007 1008 290
1014 1046 146
1015 1064 271
1024 1027 258
1045 1049 262
1072 1081 231
1100 1148 240
1121 1158 286
1144 1166 47
1171 1202 150
1184 1194 201
1204 1220 145
1223 1262 210
1231 1258 281
1247 1274 231
1267 1304 128
1268 1282 70
1285 1333 81
