90
8 43 144
18 33 283
25 46 81
37 82 150
46 70 114
48 79 200
49 69 259
57 96 122
57 76 266
61 102 148
63 92 115
73 105 136
83 113 230
91 130 244
115 148 51
140 171 218
170 191 172
196 221 182
201 236 232
231 280 106
260 300 258
288 326 119
298 318 93
320 322 104
339 385 103
359 409 213
375 393 114
379 413 238
402 426 53
406 440 178
427 477 231
436 461 145
444 466 111
464 505 277
475 491 39
481 512 187
497 523 68
518 548 280
539 547 71
553 588 46
559 564 190
587 602 90
590 592 119
602 606 92
616 621 58
632 652 165
647 676 79
653 694 155
682 698 260
709 718 68
734 740 238
750 776 263
775 803 290
790 828 239
801 827 150
819 846 251
838 865 2
840 854 264
870 883 59
881 912 238
900 919 99
907 925 109
916 917 140
925 948 39
951 981 13
972 1009 229
1002 1013 176
1008 1052 167
1027 1029 294
1033 1034 228
1043 1052 215
1044 1071 201
1053 1080 268
1056 1073 187
1082 1117 71
1097 1134 128
1112 1126 130
1128 1141 237
1138 1176 209
1152 1157 214
1173 1197 300
1177 1184 218
1206 1222 22
1236 1237 93
1241 1289 186
1251 1294 216
1261 1293 233
1285 1312 180
1296 1302 217
1313 1344 120
