90
5 36 289
11 18 30
39 75 242
65 103 13
91 122 262
119 153 293
146 194 266
172 205 77
173 178 162
197 227 204
204 220 207
214 262 78
231 274 131
257 285 84
263 306 28
289 302 72
299 330 89
299 337 78
305 312 215
307 342 202
319 367 185
348 370 72
374 421 50
400 425 129
417 421 152
433 463 146
440 457 112
459 496 286
468 496 184
482 502 42
499 516 283
525 568 131
554 560 185
570 618 69
577 605 279
605 635 147
608 649 47
613 646 173
625 668 154
626 675 281
635 681 103
659 709 59
684 694 231
698 732 232
722 766 51
723 741 164
725 732 101
744 751 156
752 764 215
772 800 55
784 800 10
794 842 79
800 804 171
814 821 117
814 820 288
828 857 56
829 871 193
835 854 74
837 883 121
859 862 109
887 908 81
911 914 66
927 939 242
932 944 83
956 971 147
986 1026 132
1002 1049 289
1015 1016 131
1041 1046 199
1046 1069 283
1073 1086 232
1092 1126 196
1122 1138 73
1132 1164 250
1146 1162 14
1147 1162 45
1155 1168 126
1165 1199 120
1186 1208 101
1213 1224 253
1233 1253 23
1262 1308 182
1290 1328 210
1299 1323 203
1319 1333 162
1346 1386 26
1376 1418 228
1385 1425 235
1401 1420 129
1429 1475 177
