90
26 44 285
56 101 42
83 110 262
106 140 205
135 141 26
160 186 236
184 233 245
202 237 135
207 254 24
219 243 80
221 264 245
233 257 293
246 248 160
259 262 25
281 330 63
288 320 102
315 325 169
335 363 48
348 374 89
355 381 6
371 418 33
390 436 49
413 450 197
419 446 183
436 458 115
448 460 255
457 489 1
470 476 144
492 507 90
493 538 58
507 511 275
522 528 296
544 552 179
551 595 166
551 596 95
579 613 196
591 626 40
613 621 82
632 655 215
655 670 284
677 708 132
683 698 9
711 752 58
735 745 274
765 806 178
782 803 184
784 796 19
798 813 189
805 846 215
829 832 129
852 863 147
855 879 140
862 895 32
873 923 167
891 940 72
893 917 114
918 966 176
928 957 181
946 966 171
963 1004 108
987 1003 21
993 1004 297
1018 1048 207
1042 1058 36
1056 1070 125
1084 1123 155
1088 1127 137
1090 1126 122
1114 1144 241
1115 1137 38
1123 1134 299
1131 1134 84
1159 1202 29
1168 1198 196
1191 1193 63
1217 1218 59
1241 1246 124
1266 1269 246
1277 1290 149
1289 1296 178
1308 1311 281
1310 1352 16
1340 1390 258
1364 1402 193
1369 1373 146
1382 1401 196
1394 1440 32
1406 1428 276
1432 1439 92
1453 1491 83
