90
0 16 43
3 13 106
28 33 187
28 72 158
53 63 199
77 88 252
104 126 286
118 157 14
130 176 149
158 169 286
158 183 3
161 175 166
190 234 200
214 249 291
244 260 157
271 317 258
287 309 95
296 318 104
311 324 59
335 371 19
356 379 258
362 366 80
380 381 191
384 394 165
395 419 73
424 452 295
448 486 167
467 468 4
492 504 129
495 514 112
495 526 197
519 544 267
540 559 206
558 589 223
569 590 185
584 608 250
609 650 17
610 636 292
620 649 267
631 650 139
634 655 53
636 654 74
659 693 25
678 724 151
708 751 103
716 729 244
729 778 297
731 732 132
755 799 157
766 792 66
779 825 48
785 804 100
807 851 192
829 874 110
832 867 9
847 895 26
871 878 262
900 927 116
905 913 137
908 928 205
926 961 42
946 980 224
962 967 6
971 987 252
996 1009 237
1020 1029 28
1021 1026 125
1043 1044 119
1057 1070 70
1077 1112 184
1097 1102 296
1118 1132 241
1137 1154 244
1164 1197 62
1180 1189 68
1196 1213 234
1212 1242 88
1212 1244 157
1220 1242 58
1239 1249 111
1249 1292 141
1267 1307 209
1271 1284 290
1295 1321 139
1321 1341 9
1351 1372 299
1374 1389 280
1390 1420 282
1390 1426 119
1416 1419 284
