90
17 54 244
45 71 20
69 113 123
91 108 4
95 101 287
109 123 201
116 160 100
134 147 53
150 185 187
154 158 232
157 158 217
173 176 100
199 215 45
228 239 33
228 237 62
245 257 172
252 260 277
263 264 207
276 283 167
292 316 36
304 337 121
326 363 37
349 361 257
379 384 273
383 408 91
398 445 165
413 449 164
429 473 63
430 456 237
433 471 184
454 478 253
481 513 170
481 485 286
482 483 57
508 547 244
516 544 224
529 539 86
550 555 220
552 558 233
577 578 256
605 626 219
613 619 144
631 635 75
645 684 155
649 658 206
649 690 172
649 650 170
658 668 140
686 731 173
706 753 139
707 717 174
713 717 28
737 740 195
765 799 197
791 823 292
802 849 213
825 851 78
854 862 246
876 897 218
902 923 112
917 927 207
924 963 176
944 982 25
956 995 230
972 1000 60
989 1010 64
996 1010 231
997 1013 262
1012 1049 253
1032 1044 296
1057 1076 2
1080 1081 76
1108 1116 114
1138 1168 56
1153 1202 147
1165 1186 139
1174 1196 179
1183 1228 126
1193 1236 72
1197 1223 140
1209 1224 89
1216 1223 62
1234 1250 89
1264 1277 27
1283 1333 288
1308 1319 57
1334 1341 97
1338 1355 196
1367 1385 166
1370 1379 67
