90
23 61 76
40 48 272
54 97 37
67 73 174
86 111 97
89 112 128
104 154 201
132 179 93
152 169 271
182 186 77
195 198 108
220 251 173
228 258 150
258 307 21
267 273 61
277 287 259
288 297 20
297 313 21
309 333 201
313 345 162
317 322 57
323 371 288
329 333 2
342 372 193
364 409 133
388 402 264
394 405 131
405 410 274
429 438 174
430 440 283
435 465 144
462 499 125
475 509 198
476 519 285
496 522 231
503 506 18
527 541 161
541 577 137
559 599 46
583 604 84
603 613 120
625 675 175
625 626 155
645 654 64
651 691 224
670 706 281
700 731 299
721 738 254
736 748 255
764 778 2
785 791 269
797 841 291
813 829 183
831 842 18
861 895 258
889 905 72
911 946 139
919 959 200
926 974 278
944 960 33
965 989 139
990 1031 33
998 1000 82
1003 1010 175
1004 1008 288
1007 1025 116
1011 1054 289
1013 1032 273
1029 1068 112
1047 1049 73
1066 1086 29
1091 1120 150
1102 1134 44
1123 1150 275
1138 1144 53
1168 1208 149
1168 1213 100
1198 1220 52
1225 1271 22
1234 1237 12
1240 1288 59
1256 1271 208
1282 1329 245
1312 1325 169
1312 1317 130
1330 1374 245
1357 1358 111
1367 1369 208
1381 1431 282
1387 1417 235
