90
4 12 166
26 31 236
32 36 227
48 65 40
59 73 78
74 116 208
98 121 27
125 174 265
149 187 216
177 191 201
188 233 55
194 211 126
199 200 215
221 224 289
237 284 68
264 281 103
269 275 62
294 308 23
319 323 71
338 362 227
342 358 33
353 357 115
383 424 120
397 420 215
425 433 259
449 493 291
473 502 1
484 487 188
509 527 182
528 555 186
528 563 269
545 548 234
568 576 154
589 636 17
597 599 254
615 636 74
639 651 1
669 719 200
693 713 293
705 716 58
710 714 184
711 746 170
726 748 71
726 728 132
737 779 298
762 769 44
778 797 49
780 825 251
788 807 108
805 806 153
822 842 244
831 862 144
841 876 83
855 862 278
884 925 150
889 926 157
919 960 286
943 950 200
961 978 184
968 1004 261
994 1014 292
1004 1011 75
1018 1043 184
1040 1081 223
1058 1076 125
1072 1101 288
1095 1098 172
1120 1141 141
1127 1169 149
1157 1192 27
1176 1199 140
1177 1225 230
1182 1185 62
1202 1211 223
1220 1253 96
1232 1264 107
1247 1283 219
1268 1289 191
1293 1297 269
1307 1352 270
1308 1321 76
1316 1322 185
1316 1336 13
1346 1351 25
1347 1362 7
1358 1373 201
1366 1402 116
1390 1420 38
1409 1458 215
1431 1461 60
