90
20 44 128
30 59 173
51 99 10
72 92 43
89 131 136
108 128 117
136 156 295
142 150 276
149 188 102
150 163 242
152 198 22
173 215 39
191 232 106
201 232 241
231 240 239
261 309 173
271 278 119
300 309 40
307 355 139
313 345 180
335 340 289
363 405 291
375 404 188
380 429 97
390 397 283
414 423 29
432 462 192
446 463 229
456 460 182
482 495 199
491 536 74
505 549 59
534 580 130
559 581 19
587 613 224
592 618 30
603 620 242
603 649 243
622 631 42
648 674 76
650 700 281
654 668 25
657 659 59
671 699 133
672 706 228
679 689 139
699 741 276
710 747 178
714 747 74
738 757 194
753 783 178
760 804 3
785 787 167
804 848 256
834 850 137
849 879 76
877 886 267
900 915 115
920 922 234
928 971 84
949 959 52
956 968 89
972 1012 229
975 1025 133
989 1026 203
997 1043 187
1019 1024 24
1048 1072 3
1058 1066 119
1068 1089 298
1077 1109 27
1093 1111 126
1119 1154 116
1138 1148 120
1156 1190 229
1158 1202 35
1176 1199 241
1191 1235 209
1207 1246 300
1227 1233 162
1247 1275 248
1253 1265 298
1260 1285 25
1264 1273 26
1293 1301 1
1322 1355 208
1333 1356 217
1356 1380 292
1363 1364 74
1370 1391 7
