90
6 10 127
7 50 160
7 44 222
21 44 144
23 43 157
53 89 208
70 97 244
72 106 141
87 92 220
100 115 244
121 126 49
132 168 297
132 154 236
133 180 266
137 158 133
139 186 296
163 206 232
182 186 39
207 257 132
215 223 54
232 265 9
258 299 233
271 314 66
279 295 43
285 318 93
314 321 160
344 351 171
371 383 24
379 393 103
405 415 171
431 456 152
446 452 60
461 470 12
465 512 232
488 492 211
501 527 197
510 535 185
540 574 203
547 580 243
575 623 168
601 614 247
611 650 253
612 645 4
641 685 161
645 679 65
649 661 204
659 665 245
688 718 163
712 753 149
724 753 195
731 740 253
751 795 196
772 791 61
779 793 120
784 833 265
789 827 293
804 838 96
828 867 202
829 879 17
837 865 137
867 917 291
870 882 282
880 916 86
905 928 104
910 957 54
926 941 63
944 970 132
967 990 261
982 1005 54
986 989 204
987 1002 257
1003 1041 133
1016 1058 291
1044 1058 78
1067 1075 60
1086 1123 155
1100 1112 297
1102 1121 160
1131 1165 42
1131 1142 11
1135 1145 266
1161 1180 299
1189 1199 8
1215 1250 162
1243 1247 106
1272 1295 65
1301 1326 56
1314 1317 262
1318 1355 56
1318 1348 263
