90
13 52 238
43 78 242
53 62 103
56 66 149
70 114 63
78 125 62
87 106 82
115 157 258
136 164 229
145 194 17
153 168 297
159 161 154
166 194 119
172 216 38
175 214 256
204 208 90
216 228 166
235 242 158
251 279 274
263 264 265
277 294 61
304 329 62
316 339 275
341 346 213
364 372 268
378 380 49
380 427 134
391 405 168
407 450 249
415 439 273
421 424 88
443 467 251
457 497 41
480 497 51
497 522 255
497 523 127
520 532 76
541 574 95
557 586 146
568 577 8
590 623 251
606 631 183
612 649 208
632 651 50
651 672 181
673 711 300
688 719 50
693 736 264
713 721 211
727 731 130
756 766 167
772 776 128
780 803 123
809 832 29
813 836 43
820 870 257
842 867 85
855 894 96
876 903 156
898 943 53
907 955 276
925 948 165
931 948 230
935 954 175
958 985 91
962 995 119
991 996 260
1008 1022 227
1017 1053 42
1029 1038 81
1043 1044 71
1052 1054 245
1080 1121 98
1097 1103 156
1100 1119 53
1121 1163 281
1124 1158 84
1135 1154 1
1145 1158 106
1154 1189 191
1183 1208 196
1201 1231 104
1209 1215 11
1219 1260 293
1228 1252 227
1248 1250 238
1255 1256 200
1284 1313 38
1286 1300 203
1314 1359 291
