90
7 39 151
15 35 217
27 71 249
51 56 97
70 97 288
86 118 156
95 132 273
101 126 15
121 129 147
144 161 90
160 192 124
167 177 78
183 184 171
185 209 233
196 202 130
204 242 39
229 255 281
229 248 246
251 268 163
253 277 170
261 309 86
291 325 290
305 317 206
308 309 213
328 348 122
348 366 223
372 381 153
390 421 207
400 448 176
415 448 111
419 444 241
438 480 46
461 470 169
469 491 7
483 515 272
500 527 122
510 523 288
511 538 215
518 527 212
525 553 19
532 556 104
555 569 99
562 604 250
569 606 167
591 628 185
615 658 284
617 664 83
635 655 206
651 701 287
659 670 285
674 691 36
690 716 185
702 728 109
717 750 216
740 786 258
749 788 99
759 778 19
789 816 274
809 844 52
819 832 179
820 850 180
839 848 216
850 895 177
869 890 225
885 905 108
905 917 12
928 952 163
939 961 224
956 990 120
963 982 277
978 1009 176
986 1014 285
1015 1016 221
1035 1066 157
1054 1058 186
1067 1109 211
1088 1098 214
1088 1091 69
1111 1147 237
1114 1131 59
1127 1154 81
1147 1169 98
1154 1200 266
1158 1196 247
1186 1214 83
1201 1219 83
1204 1248 63
1226 1255 69
1232 1258 215
1233 1256 220
