90
28 71 250
49 51 161
65 94 100
80 91 117
95 111 39
125 150 183
148 193 110
174 212 84
194 241 225
217 225 162
220 251 243
236 240 94
243 278 294
263 271 280
288 292 133
308 329 140
322 362 25
332 334 236
337 382 62
364 368 148
368 402 141
379 397 249
385 404 2
393 427 289
405 429 142
434 453 66
456 458 269
465 511 242
469 494 205
479 502 249
504 525 207
522 566 287
523 560 292
525 529 170
539 584 151
561 585 197
591 594 9
612 628 222
612 614 247
634 676 158
643 649 294
672 687 268
681 699 82
703 744 31
717 761 124
734 740 248
763 765 292
781 811 226
807 819 206
816 849 24
825 863 261
837 868 264
838 871 132
846 866 244
861 905 184
868 875 267
887 934 13
893 908 81
903 910 232
907 921 177
932 949 139
952 957 19
960 982 185
964 1004 11
973 1009 56
1003 1010 200
1029 1046 260
1037 1071 135
1041 1072 164
1061 1089 126
1085 1093 197
1086 1100 158
1088 1123 128
1109 1146 154
1127 1148 231
1143 1184 267
1158 1168 57
1166 1174 44
1174 1184 152
1177 1217 223
1184 1207 176
1184 1233 272
1201 1218 195
1225 1246 176
1237 1242 43
1258 1276 100
1274 1288 196
1290 1318 28
1308 1353 76
1320 1363 115
