90
24 33 62
25 43 256
26 46 100
38 64 32
48 81 39
78 92 32
80 125 90
104 111 98
124 165 19
132 176 285
162 185 34
190 191 197
196 210 44
214 262 90
227 247 218
250 266 53
273 317 161
281 296 286
309 325 13
330 353 136
359 386 235
362 408 298
392 436 42
402 414 269
416 426 89
429 463 44
430 449 186
437 442 282
459 468 298
469 506 5
495 504 289
500 543 145
516 550 132
522 531 203
548 577 52
567 591 209
578 591 209
583 605 136
610 646 219
611 648 50
624 632 177
637 680 36
638 674 73
661 670 243
673 696 192
694 721 110
721 760 106
728 767 135
734 778 250
761 775 142
788 807 31
794 840 201
794 828 22
811 853 102
813 854 161
815 825 138
845 857 58
851 852 144
869 872 78
898 916 33
907 911 20
925 956 109
953 957 114
968 976 141
973 993 3
982 991 27
999 1049 13
1008 1045 138
1032 1043 27
1032 1036 90
1033 1068 125
1039 1087 276
1050 1075 177
1067 1089 286
1074 1107 65
1097 1143 215
1115 1142 239
1145 1195 247
1154 1189 40
1183 1208 205
1211 1229 89
1220 1252 238
1235 1239 233
1260 1293 8
1270 1297 127
1279 1308 31
1289 1299 204
1297 1300 224
1316 1357 25
1329 1352 238
