90
0 24 73
20 67 36
37 83 135
66 78 268
72 83 168
87 121 129
117 141 28
147 150 82
161 162 259
191 213 150
201 249 27
218 224 126
234 284 197
258 265 101
268 314 44
276 288 206
300 320 293
308 326 130
324 351 113
344 374 269
361 377 44
385 426 299
390 398 271
420 427 278
440 462 107
446 490 90
456 458 144
465 478 195
477 485 262
499 531 88
504 553 185
504 506 185
520 530 273
549 579 155
568 611 226
577 606 235
579 585 286
593 608 207
621 622 120
639 651 297
651 652 120
662 696 90
691 716 291
716 753 130
726 772 92
738 784 147
739 765 205
767 812 160
776 799 150
786 819 88
804 813 103
823 826 215
836 876 211
852 867 82
865 869 194
884 890 266
892 897 12
904 926 66
914 916 76
918 956 66
922 960 87
926 932 265
942 944 260
967 981 154
980 992 92
984 999 89
1010 1029 234
1012 1024 15
1015 1043 169
1044 1047 17
1074 1116 64
1082 1124 95
1095 1135 176
1097 1107 243
1104 1122 158
1106 1147 176
1133 1157 2
1160 1186 279
1178 1187 162
1184 1231 8
1208 1224 299
1210 1258 226
1227 1264 271
1249 1293 194
1272 1302 240
1272 1278 119
1297 1332 32
1323 1332 216
1347 1396 24
1357 1358 144
