90
6 27 129
9 34 278
12 37 196
25 66 8
50 82 170
65 115 220
92 101 108
118 122 108
128 148 202
135 159 246
156 160 41
165 189 147
187 216 63
210 243 88
213 239 284
217 254 261
220 223 12
230 275 227
234 270 13
246 275 277
259 292 254
259 273 144
289 314 231
292 340 87
309 322 12
325 360 108
341 359 93
359 372 132
365 390 48
383 397 257
406 431 130
409 431 4
422 467 50
423 458 9
451 482 22
471 477 94
501 504 107
515 563 172
541 585 244
571 599 7
596 606 223
611 630 46
626 673 112
656 658 16
673 687 278
686 734 70
687 697 231
691 740 127
696 707 194
707 752 3
713 732 283
730 740 61
760 793 106
789 835 260
799 834 291
811 827 11
818 837 294
825 839 293
853 883 166
855 875 166
871 886 132
887 899 224
907 931 116
911 913 271
938 955 21
943 948 197
946 980 28
947 991 104
964 998 129
993 1015 190
1008 1036 85
1019 1044 284
1021 1028 160
1043 1087 168
1043 1088 77
1045 1060 213
1048 1062 164
1062 1067 49
1062 1071 130
1092 1119 33
1122 1172 257
1136 1169 9
1138 1183 141
1154 1204 9
1158 1192 176
1185 1235 259
1193 1198 238
1219 1228 146
1238 1261 127
1249 1259 108
