90
12 59 88
17 30 150
43 45 70
70 96 144
94 134 83
123 154 191
125 174 160
140 146 112
144 150 59
146 169 228
176 223 157
186 195 19
201 214 10
229 272 151
242 247 177
263 288 63
270 308 73
279 284 194
284 286 10
293 310 153
323 335 53
335 375 246
344 388 126
356 364 249
364 385 242
373 421 121
377 411 46
402 409 279
409 429 212
423 468 42
442 454 60
446 478 203
454 481 25
466 499 20
484 501 189
507 557 51
536 582 59
557 598 78
586 622 25
611 626 162
629 676 96
638 651 234
647 676 226
676 710 267
677 700 154
680 713 133
687 733 188
690 698 256
712 728 233
730 775 220
750 790 23
777 793 28
805 853 27
827 835 171
835 865 258
860 889 257
875 890 99
896 943 282
923 949 39
945 951 80
950 961 283
965 1006 266
989 994 127
1013 1028 60
1030 1064 224
1057 1062 133
1087 1124 236
1103 1134 115
1127 1133 221
1151 1199 209
1152 1172 225
1180 1191 121
1189 1228 32
1202 1247 276
1214 1218 180
1221 1236 149
1223 1256 242
1234 1269 249
1237 1286 207
1242 1281 271
1248 1254 260
1250 1283 117
1262 1264 194
1286 1322 267
1291 1336 146
1304 1326 240
1304 1319 255
1320 1366 167
1329 1342 64
1334 1380 13
