90
4 9 200
25 64 74
26 64 87
43 80 88
53 70 205
56 83 104
56 100 59
62 98 212
89 90 147
96 110 200
104 139 244
133 181 32
146 191 149
153 190 265
168 211 229
187 235 38
190 195 89
205 228 1
229 243 278
249 288 254
265 300 270
283 333 220
287 312 263
299 311 159
327 357 82
348 356 128
369 373 10
377 394 263
380 398 273
396 427 249
426 456 51
452 497 160
473 478 274
490 502 131
503 526 1
524 563 150
534 550 284
543 561 36
547 562 184
576 584 237
599 630 45
627 654 112
642 655 252
643 661 79
644 661 97
648 670 89
652 698 34
663 675 236
682 706 265
683 728 99
711 749 48
732 756 125
734 782 13
740 757 157
740 751 286
764 795 72
783 822 258
811 841 269
821 851 80
827 831 39
849 874 10
860 900 48
887 926 284
908 957 281
922 936 94
939 955 272
946 948 171
975 991 182
999 1013 210
1018 1068 130
1030 1072 294
1045 1070 286
1069 1084 209
1081 1126 148
1104 1152 266
1107 1110 286
1126 1164 195
1152 1161 167
1165 1175 34
1168 1187 106
1197 1234 259
1212 1222 38
1227 1274 250
1254 1256 217
1276 1286 173
1301 1322 151
1301 1325 67
1303 1332 186
1313 1363 268
1342 1376 152
