90
20 68 216
26 60 34
33 55 165
62 74 26
75 122 47
100 106 162
108 134 75
132 166 139
155 184 21
167 176 150
181 216 278
192 220 92
213 218 209
234 248 296
255 298 60
259 300 94
271 304 259
284 302 95
286 328 118
298 337 271
300 320 142
301 328 298
308 345 23
331 342 124
331 379 126
347 364 68
353 396 72
376 422 221
402 437 165
421 445 152
432 451 283
454 470 121
473 498 227
482 515 216
495 500 159
523 568 114
539 563 156
559 601 239
580 622 262
607 642 124
636 681 131
644 665 72
659 671 126
660 670 152
669 693 244
683 702 259
710 728 172
719 753 149
740 765 248
758 803 239
772 804 48
780 824 207
799 823 259
807 857 175
817 851 292
840 883 225
862 872 84
873 877 79
876 904 32
902 923 159
929 947 189
954 986 248
984 1022 223
995 998 143
1022 1048 161
1024 1030 244
1028 1074 284
1054 1102 65
1065 1077 47
1071 1107 187
1073 1079 280
1095 1100 109
1116 1163 83
1143 1193 298
1168 1195 51
1170 1199 106
1194 1220 293
1209 1240 236
1218 1256 231
1227 1260 202
1233 1273 158
1237 1264 253
1249 1259 19
1277 1318 143
1284 1315 235
1298 1313 196
1307 1325 39
1330 1374 109
1338 1371 77
1344 1389 285
