90
3 40 81
25 59 50
47 64 179
70 71 254
82 97 7
105 138 139
105 134 280
111 149 270
119 131 177
125 131 3
148 189 277
152 189 211
162 166 163
192 207 197
198 200 15
213 215 195
232 233 150
244 273 38
254 290 106
267 292 159
287 293 39
304 340 277
316 360 227
345 393 135
370 410 112
372 394 290
397 440 19
402 426 203
413 455 274
423 440 240
450 479 137
473 474 274
477 513 227
497 534 99
502 522 65
502 528 55
503 544 166
528 534 290
541 584 33
543 584 1
547 562 125
561 580 31
568 578 101
580 627 27
580 609 281
580 588 102
588 617 226
611 626 225
616 661 72
627 634 107
644 654 109
667 714 219
685 717 230
688 726 268
694 711 296
702 714 133
712 733 101
720 755 148
740 768 39
747 766 124
775 801 242
784 824 124
786 791 266
816 853 114
817 838 297
835 867 186
854 864 161
857 878 60
858 862 278
881 888 106
909 959 92
923 956 101
943 962 230
964 993 268
964 1014 127
966 1008 76
974 978 254
1001 1040 77
1008 1038 62
1034 1084 239
1038 1046 139
1067 1099 133
1096 1131 38
1097 1107 224
1113 1151 51
1122 1130 293
1140 1175 194
1153 1170 148
1174 1201 217
1191 1209 204
