90
27 34 121
52 79 32
76 120 35
95 145 170
97 102 90
106 127 112
119 135 266
130 165 5
143 164 109
163 189 259
188 197 21
188 195 234
200 246 46
208 209 298
228 250 67
242 286 218
256 304 155
257 278 127
267 293 51
275 280 64
305 352 263
308 310 104
335 336 115
363 372 193
392 402 131
406 450 267
419 467 175
435 453 31
458 465 78
487 494 156
498 524 115
522 567 39
544 549 3
559 572 7
568 593 197
584 618 82
613 641 34
624 631 217
650 697 262
666 699 141
677 683 183
699 718 148
705 721 281
710 731 115
731 753 269
735 780 102
736 758 228
757 805 234
772 789 48
794 797 274
807 811 226
812 842 257
836 873 298
843 864 295
847 879 89
852 878 240
866 873 150
889 933 280
894 900 77
917 944 126
937 948 272
946 989 234
950 988 267
960 973 17
985 1032 77
1005 1031 118
1017 1024 112
1017 1046 258
1025 1065 226
1051 1059 298
1072 1093 26
1083 1101 233
1110 1149 155
1132 1178 174
1142 1187 87
1147 1179 276
1156 1180 35
1186 1220 4
1212 1227 272
1221 1263 55
1224 1255 184
1240 1257 35
1263 1307 187
1275 1286 96
1291 1303 48
1293 1338 172
1322 1361 148
1331 1341 268
1334 1384 134
1363 1393 249
