90
0 30 4
25 39 161
46 79 91
51 94 9
73 103 117
100 150 222
119 123 38
141 173 120
145 169 156
175 185 5
201 230 108
212 254 114
232 254 114
257 271 19
271 283 189
275 309 160
304 329 19
315 344 258
323 325 154
350 375 107
350 389 238
369 408 211
370 401 33
384 417 170
409 450 200
416 427 285
425 429 4
447 461 92
456 487 113
473 499 207
500 518 201
520 565 257
522 523 242
530 550 272
547 564 8
559 586 268
568 608 96
578 585 65
604 617 139
607 626 152
636 638 272
647 667 283
668 693 127
678 688 175
682 710 51
683 714 91
706 715 299
727 731 37
751 770 40
767 787 214
772 791 210
800 816 139
803 846 211
806 856 262
828 830 11
856 865 167
860 874 74
873 884 102
879 929 52
892 928 66
909 952 155
921 928 93
950 994 193
971 1011 236
971 983 161
994 1032 228
997 1029 245
1013 1042 298
1042 1092 255
1051 1089 83
1066 1072 151
1090 1105 89
1106 1139 254
1136 1165 176
1140 1180 278
1163 1210 86
1176 1182 13
1185 1223 153
1193 1201 128
1213 1260 28
1224 1239 285
1233 1236 247
1243 1258 212
1243 1260 279
1273 1275 31
1273 1282 220
1284 1324 246
1297 1346 50
1298 1343 90
1319 1340 79
