90
8 16 112
17 34 70
23 44 106
24 36 267
53 57 142
60 106 283
82 112 56
87 100 18
98 104 293
112 125 225
141 152 141
162 202 281
186 226 233
200 201 280
212 231 109
214 233 41
230 244 132
253 272 160
257 306 207
284 326 287
288 326 71
310 352 241
327 356 251
342 344 270
362 402 28
367 381 70
375 386 49
403 451 203
415 427 260
426 466 51
429 452 221
451 483 251
451 454 11
452 453 294
455 459 280
456 472 21
463 479 92
489 491 144
515 541 264
518 559 53
525 555 185
549 594 282
549 579 17
557 582 36
587 627 41
606 643 80
632 652 169
650 675 218
678 726 206
701 734 187
714 720 11
739 784 26
747 781 137
767 796 189
780 814 197
781 813 50
810 860 75
831 833 46
839 850 296
850 888 145
851 853 205
860 869 64
874 875 167
893 905 237
893 937 274
907 923 243
935 954 142
945 952 10
961 1000 86
967 986 58
985 1017 177
989 1006 65
996 1008 129
1023 1061 63
1047 1051 205
1069 1080 20
1082 1120 257
1108 1110 172
1127 1158 10
1150 1167 175
1163 1209 212
1188 1204 289
1196 1243 147
1219 1244 32
1222 1237 152
1240 1284 97
1262 1296 214
1287 1312 90
1290 1328 26
1315 1335 289
