90
12 36 298
31 39 43
61 98 52
88 110 107
111 124 97
124 130 51
132 173 194
158 187 174
181 212 18
189 205 218
194 233 60
204 220 263
209 257 109
225 228 46
244 259 198
274 308 212
301 307 237
330 350 177
330 340 8
339 375 179
354 355 23
368 397 184
397 412 246
412 417 195
427 430 147
428 436 93
439 459 178
451 500 198
477 511 114
507 512 163
518 560 48
532 579 298
538 544 146
558 594 1
586 593 140
611 641 228
616 655 231
620 663 29
646 661 91
664 683 112
674 675 272
680 693 260
684 709 115
713 724 153
735 758 87
752 775 72
765 769 67
775 785 274
778 824 14
778 789 82
780 822 274
795 812 116
808 825 278
819 866 154
826 829 53
855 880 37
860 902 179
873 874 129
899 911 46
901 919 283
914 929 67
926 973 286
926 957 139
930 931 184
956 996 4
985 1035 78
985 1007 60
1004 1036 144
1011 1038 194
1013 1037 220
1023 1043 249
1035 1038 197
1046 1076 156
1060 1101 54
1068 1112 117
1086 1134 260
1098 1111 226
1108 1110 98
1120 1145 207
1134 1149 243
1155 1168 18
1170 1214 217
1197 1246 223
1227 1273 130
1230 1271 222
1230 1241 6
1252 1254 71
1253 1264 244
1273 1313 237
1277 1284 211
