90
28 31 290
43 44 128
61 78 35
67 77 102
71 106 287
92 126 90
98 136 194
119 150 84
122 169 55
136 161 190
137 142 221
154 202 214
156 157 263
166 177 92
176 199 255
202 216 51
215 242 258
245 264 28
266 301 131
272 308 119
295 334 190
320 332 247
326 376 44
342 372 196
353 384 157
374 399 159
375 397 235
394 435 26
413 435 73
418 449 209
447 489 29
472 495 7
474 505 274
489 503 124
512 556 266
519 531 226
532 550 197
532 544 126
536 548 124
553 561 257
572 609 29
583 605 117
583 585 247
598 622 101
626 644 173
651 691 19
652 659 105
680 689 12
680 707 85
702 718 257
728 730 189
756 801 215
785 833 121
801 826 158
821 867 30
842 891 286
866 889 2
891 905 126
891 898 189
892 931 216
896 939 46
925 949 157
929 962 121
944 994 18
964 971 103
967 992 287
984 1003 67
1005 1012 299
1022 1070 193
1043 1052 192
1070 1119 62
1091 1112 269
1101 1147 215
1131 1151 205
1133 1157 179
1153 1189 36
1171 1182 82
1192 1215 185
1203 1246 114
1225 1272 175
1245 1250 9
1247 1271 261
1257 1271 217
1273 1314 100
1301 1324 289
1308 1311 109
1314 1356 158
1323 1352 208
1344 1345 132
1353 1355 227
