90
10 45 249
37 54 100
49 69 113
69 100 250
72 81 32
84 127 277
113 139 42
123 164 130
127 159 40
135 142 132
164 205 284
192 207 242
210 251 162
234 247 61
240 261 215
251 266 271
260 286 179
289 305 48
296 298 279
319 323 1
338 352 244
359 368 104
385 429 69
400 446 37
416 418 243
441 461 171
445 487 110
446 481 38
446 477 169
456 489 81
460 487 37
470 487 189
486 535 71
508 538 41
512 535 184
536 568 288
562 579 275
568 617 40
582 615 153
604 608 25
618 647 73
639 645 201
647 682 248
647 653 5
649 651 210
668 708 251
687 728 83
712 733 129
715 763 190
739 773 71
768 772 148
776 803 271
788 814 51
802 829 286
803 839 19
812 862 144
830 861 250
838 845 1
863 908 244
883 889 234
891 938 92
905 946 275
911 934 222
927 946 103
950 979 116
966 988 87
980 1025 209
985 1006 3
986 1033 59
997 1026 152
1021 1069 205
1040 1056 28
1070 1107 165
1100 1136 264
1121 1160 119
1141 1153 167
1167 1191 242
1189 1225 246
1219 1235 100
1225 1252 252
1244 1254 270
1270 1277 256
1292 1304 32
1303 1310 45
1314 1345 244
1329 1376 71
1358 1359 285
1380 1407 280
1383 1415 144
1390 1418 235
