90
30 45 43
31 62 87
33 38 184
54 58 294
65 79 85
77 97 170
80 127 178
104 120 172
131 159 98
160 163 285
164 186 161
183 196 202
206 239 210
210 257 295
232 266 69
253 254 193
272 312 36
276 316 37
278 319 127
280 308 242
308 339 187
319 349 55
349 373 176
362 399 266
390 425 236
416 444 127
416 458 42
432 461 148
458 477 206
488 489 198
518 522 269
527 577 105
541 543 108
546 576 155
555 581 45
566 608 239
582 586 199
593 613 187
620 630 230
644 692 293
651 672 42
679 722 38
698 739 121
725 743 41
731 750 129
760 776 142
765 792 132
780 828 292
809 859 49
816 831 262
835 864 183
854 860 219
880 890 41
905 937 162
909 943 2
929 957 162
929 934 122
956 995 256
978 980 94
1006 1048 7
1035 1053 46
1057 1091 73
1080 1086 234
1091 1101 151
1094 1124 99
1119 1139 211
1131 1156 172
1156 1193 133
1185 1224 74
1211 1250 267
1230 1275 209
1259 1279 135
1267 1313 292
1292 1335 113
1318 1348 60
1345 1357 72
1358 1377 249
1359 1404 146
1365 1397 148
1375 1383 81
1393 1442 150
1418 1434 193
1433 1450 264
1446 1465 239
1457 1491 1
1480 1518 178
1505 1538 88
1508 1531 281
1529 1536 100
1533 1546 26
