90
24 63 265
49 74 249
60 97 208
86 105 168
98 134 201
118 168 131
128 171 19
152 185 49
179 192 128
193 210 27
201 246 210
220 246 3
240 258 35
246 286 44
252 276 40
278 282 76
282 283 27
311 346 149
328 374 172
330 363 5
333 375 251
339 352 278
357 385 98
371 372 193
374 407 23
384 427 95
402 414 126
412 446 36
412 436 42
431 478 195
448 487 43
467 507 42
478 507 252
491 532 154
495 525 216
506 547 166
533 547 218
533 558 180
561 567 125
571 610 149
574 600 300
593 637 128
601 651 280
603 636 264
606 640 111
617 650 170
638 676 100
648 667 163
678 703 5
678 724 289
701 729 109
710 715 279
729 749 39
741 788 187
764 799 49
773 799 57
791 815 171
815 836 67
844 849 14
846 862 283
853 879 30
863 893 156
885 921 70
913 932 241
913 923 125
937 971 236
961 974 182
981 991 283
983 1001 16
993 1007 220
1021 1049 156
1032 1056 168
1058 1105 170
1066 1107 251
1077 1115 274
1078 1114 274
1081 1111 294
1106 1120 181
1123 1168 131
1126 1160 189
1139 1149 141
1139 1151 14
1148 1197 21
1153 1191 26
1157 1163 84
1168 1197 295
1168 1174 129
1180 1208 14
1181 1185 189
1191 1210 84
