90
10 16 112
21 44 246
35 81 218
61 99 225
69 75 185
75 108 219
83 118 298
105 113 261
133 176 61
158 182 38
162 190 1
164 205 211
179 198 119
199 230 154
212 253 41
224 255 168
237 251 61
262 265 131
262 269 21
289 309 158
319 366 41
334 357 199
364 397 109
369 388 220
397 420 196
420 428 202
436 447 162
464 501 128
476 526 139
506 515 135
536 542 30
546 553 15
562 588 71
592 600 184
621 664 271
639 675 168
641 689 134
669 717 184
679 686 181
693 724 20
712 737 292
726 742 224
740 784 261
753 765 131
774 804 109
792 821 211
817 859 187
831 841 28
852 861 291
863 864 271
871 890 26
893 902 132
900 911 23
900 911 202
928 937 19
951 987 286
972 1003 119
981 1005 1
1008 1043 242
1026 1065 155
1032 1063 233
1055 1075 162
1077 1109 18
1079 1100 210
1099 1131 219
1100 1124 82
1127 1157 149
1152 1181 56
1165 1211 107
1185 1228 4
1206 1233 202
1230 1275 82
1239 1249 205
1261 1263 81
1290 1323 76
1314 1363 232
1323 1350 148
1331 1357 262
1335 1379 107
1354 1364 42
1371 1418 112
1380 1408 217
1380 1383 200
1400 1404 141
1401 1432 117
1412 1447 186
1424 1428 106
1434 1457 229
1462 1488 297
1464 1476 67
