90
0 2 70
3 23 57
27 63 190
42 68 47
46 71 254
69 86 159
95 113 99
102 112 209
105 110 166
121 158 209
151 191 33
179 210 156
202 225 236
225 259 215
255 295 188
268 278 157
274 312 234
276 280 232
290 303 65
313 340 221
321 348 29
331 370 20
337 373 272
355 395 89
374 400 62
397 431 150
404 426 156
413 434 40
415 460 128
435 458 135
438 439 19
454 489 193
477 502 152
488 497 147
493 514 129
505 526 40
521 570 171
521 561 20
541 569 222
566 590 50
583 628 153
610 641 9
621 627 19
643 675 83
645 685 200
674 699 268
691 705 231
705 741 247
724 743 213
747 749 117
761 796 183
786 808 48
786 788 109
810 820 130
811 815 269
831 832 218
855 859 276
869 915 266
888 911 241
895 925 94
909 920 228
909 941 275
936 938 168
958 1001 236
958 961 4
969 997 4
994 1024 217
1014 1063 133
1019 1033 183
1049 1093 263
1068 1100 118
1093 1109 28
1122 1157 273
1146 1195 68
1155 1187 139
1183 1208 265
1186 1192 195
1198 1237 215
1220 1238 62
1225 1233 167
1240 1255 126
1269 1306 185
1281 1331 44
1309 1314 150
1310 1345 271
1339 1361 196
1354 1402 274
1384 1429 138
1386 1404 98
1394 1395 98
