90
5 19 60
16 50 128
18 60 148
38 88 73
63 92 47
85 92 116
106 126 53
126 161 265
138 174 285
157 185 142
162 194 287
183 187 68
200 211 281
212 245 23
240 262 293
265 289 95
283 289 68
313 334 219
320 357 196
342 352 295
370 420 183
382 417 24
386 424 9
400 416 139
403 447 241
415 428 132
428 433 15
453 466 103
453 477 156
475 476 62
475 496 85
494 522 125
504 551 253
504 514 262
509 511 115
538 540 80
540 568 17
555 580 281
568 600 70
593 643 40
600 625 27
624 670 226
633 646 106
634 660 133
659 706 294
667 708 65
692 712 123
693 725 19
706 734 206
731 772 286
739 780 38
769 805 237
774 775 26
778 782 28
778 813 9
778 781 296
788 800 42
792 821 178
797 800 228
812 838 41
821 838 34
825 874 11
849 895 23
877 884 15
886 897 58
902 950 258
931 941 121
957 969 256
974 977 257
974 979 133
981 1025 251
1006 1022 235
1006 1043 244
1019 1037 81
1046 1070 89
1051 1086 248
1066 1103 76
1091 1139 87
1108 1153 108
1112 1117 285
1127 1145 259
1155 1174 279
1155 1159 224
1163 1211 211
1171 1200 8
1184 1226 6
1210 1222 214
1213 1218 224
1215 1221 8
1240 1274 54
