90
21 36 55
25 42 213
50 98 99
68 93 177
69 76 174
99 149 79
99 130 297
108 131 66
109 120 184
119 154 183
137 144 98
158 187 140
159 196 237
161 176 198
175 194 220
188 215 95
213 233 148
223 233 184
228 235 295
233 242 108
254 290 234
277 278 162
287 307 79
300 328 262
318 363 233
334 370 143
353 394 72
365 376 86
365 398 127
392 419 265
412 460 174
413 460 251
434 438 3
448 495 162
457 494 124
470 489 86
478 527 56
487 500 254
492 536 178
496 510 99
505 530 150
528 549 256
552 594 77
555 591 188
557 603 187
582 607 233
603 622 90
619 666 164
622 655 98
650 698 11
656 703 31
677 709 20
696 739 185
718 760 135
729 744 13
740 767 233
757 802 26
784 831 103
798 835 40
807 824 198
816 850 139
836 851 283
859 903 192
865 892 177
875 877 273
903 948 262
923 949 46
934 938 162
944 983 259
969 1017 38
977 1027 292
1001 1007 51
1022 1054 23
1032 1068 225
1049 1077 30
1073 1112 61
1087 1107 245
1087 1121 268
1087 1132 24
1087 1121 286
1114 1149 243
1121 1122 291
1146 1168 286
1171 1193 191
1190 1215 136
1215 1217 10
1215 1228 174
1230 1243 49
1241 1273 293
1257 1263 270
