90
10 44 134
31 64 201
52 61 176
80 91 2
109 126 11
115 132 4
136 146 148
163 184 235
170 199 201
188 224 68
204 211 113
226 240 95
239 285 120
245 249 219
267 315 157
277 285 267
298 303 55
323 366 218
347 392 226
349 375 103
369 397 170
379 411 93
408 419 46
411 448 24
431 434 279
437 457 186
456 457 116
463 491 196
463 513 231
472 513 4
473 498 138
476 500 96
478 520 80
506 512 276
531 539 149
541 573 154
558 597 292
565 592 232
590 596 214
597 606 182
624 670 236
634 639 264
635 682 44
640 665 154
651 699 43
676 690 249
693 709 222
723 767 130
738 761 99
738 745 77
741 748 68
744 761 55
756 778 119
767 805 226
775 824 254
799 816 194
805 834 255
834 884 14
861 902 56
876 890 290
879 920 183
894 904 252
899 945 258
919 966 289
948 958 203
948 958 101
949 958 44
976 1008 268
1001 1045 210
1009 1055 104
1013 1052 151
1037 1070 282
1040 1044 291
1064 1090 201
1079 1122 30
1082 1115 1
1111 1144 273
1138 1162 122
1152 1157 228
1182 1188 273
1211 1223 103
1235 1257 41
1246 1263 44
1259 1308 184
1277 1303 91
1292 1297 169
1302 1319 71
1322 1367 242
1338 1356 21
1339 1361 27
