90
28 52 196
48 54 260
76 79 47
85 99 175
101 114 277
118 150 201
145 177 164
162 178 151
182 227 152
182 201 211
212 235 254
229 262 46
254 284 231
261 311 284
291 298 82
295 333 53
318 363 124
333 380 12
355 388 15
362 373 179
386 411 129
406 447 47
410 411 268
414 433 26
430 462 113
434 439 33
464 488 224
466 502 64
485 528 167
513 550 243
513 532 63
538 561 262
544 563 114
568 612 34
585 592 110
604 653 217
627 643 261
640 665 225
658 704 274
683 694 153
686 735 132
708 747 227
713 763 79
720 730 172
733 770 248
744 753 198
762 780 276
765 789 194
794 821 137
817 838 200
818 861 44
843 862 278
873 886 206
889 892 86
891 910 284
912 934 167
914 932 108
926 958 210
937 952 22
964 1003 204
989 1010 100
999 1015 11
1027 1069 41
1035 1046 277
1065 1098 165
1093 1100 43
1122 1139 93
1124 1159 115
1137 1179 33
1141 1157 156
1153 1172 214
1154 1201 113
1182 1193 272
1185 1217 52
1199 1247 252
1215 1261 74
1241 1271 210
1252 1269 216
1282 1311 95
1310 1349 31
1333 1334 203
1338 1363 230
1339 1343 109
1346 1389 205
1349 1399 9
1371 1384 137
1375 1419 284
1393 1424 132
1401 1420 146
1415 1416 56
