90
13 19 55
21 45 44
44 45 267
72 99 187
86 94 36
105 146 82
130 149 71
130 145 82
150 153 49
150 164 148
162 173 128
167 179 217
167 182 175
180 203 226
182 190 11
204 208 294
229 255 284
241 263 38
253 303 87
270 289 284
289 327 134
299 348 106
301 308 87
323 359 209
326 363 48
345 353 156
352 398 281
378 406 199
401 403 223
401 428 5
423 424 154
446 470 179
471 496 140
485 530 263
512 514 268
532 554 214
541 559 58
555 592 119
564 586 116
577 625 235
606 615 195
622 638 124
644 646 165
652 680 50
675 724 19
683 715 257
712 732 146
740 763 120
765 792 168
791 820 161
797 812 51
820 832 107
834 882 246
845 891 28
870 920 13
879 903 169
899 941 161
916 929 151
946 974 10
964 968 77
987 1031 73
987 994 243
1005 1050 108
1014 1029 276
1034 1037 54
1054 1102 23
1063 1086 138
1084 1098 34
1095 1111 159
1111 1154 228
1136 1142 255
1142 1162 51
1164 1197 261
1181 1208 211
1184 1222 180
1185 1235 223
1206 1249 213
1221 1231 193
1238 1250 25
1254 1288 86
1279 1317 107
1288 1308 188
1306 1324 2
1335 1355 202
1336 1342 59
1346 1395 203
1353 1364 70
1375 1385 267
1404 1421 19
1432 1454 163
