90
22 39 177
29 36 89
50 52 218
54 70 89
78 127 96
79 91 86
108 128 83
119 147 152
139 151 207
152 165 29
152 173 58
160 170 34
178 225 189
194 201 189
214 221 217
236 255 175
237 275 231
265 308 39
275 317 49
278 303 108
308 327 202
337 359 248
349 389 38
371 379 154
372 375 138
394 397 143
414 441 208
430 472 283
440 479 190
454 456 142
480 522 212
508 522 298
525 573 157
527 567 64
545 559 254
552 574 184
557 562 205
579 587 222
589 609 143
606 650 238
612 634 127
621 638 59
636 649 77
648 660 219
664 700 177
675 713 54
681 688 244
689 701 193
714 762 181
735 741 151
755 775 259
779 819 278
804 814 216
810 839 156
821 868 128
836 859 36
858 899 267
876 883 246
890 908 281
916 944 237
930 957 46
930 965 138
938 953 61
968 995 101
997 1015 182
1002 1033 9
1030 1041 13
1037 1072 288
1059 1086 123
1072 1105 226
1082 1092 159
1085 1113 15
1085 1086 237
1107 1117 249
1117 1157 244
1121 1142 21
1143 1163 37
1152 1200 287
1176 1206 209
1199 1242 246
1221 1266 49
1240 1289 145
1252 1254 231
1279 1303 284
1307 1315 8
1321 1371 197
1348 1378 92
1362 1363 250
1367 1397 260
1375 1392 138
