1000
21 26 272
41 50 110
59 103 119
87 103 28
103 145 168
118 146 66
143 186 106
157 200 121
167 216 284
180 220 210
198 208 130
218 262 121
229 257 83
229 277 242
229 252 6
252 300 53
260 300 135
265 307 252
289 310 102
289 294 86
295 304 111
323 368 89
343 354 275
362 389 208
364 397 286
386 411 287
400 420 67
403 438 82
427 468 35
446 490 136
448 460 240
478 479 135
494 539 39
504 549 223
512 522 12
517 563 12
532 581 34
540 563 85
554 561 235
573 576 62
583 586 232
586 589 202
594 636 47
613 641 8
633 661 253
662 705 61
675 697 88
682 706 241
700 728 7
705 706 85
715 721 10
735 753 212
756 760 8
785 817 265
795 826 240
822 833 150
825 836 139
843 849 248
870 888 252
889 916 287
903 921 3
933 965 127
935 965 233
962 1009 201
990 994 289
998 1031 36
1026 1072 96
1043 1072 192
1044 1045 249
1047 1049 159
1047 1072 224
1054 1075 135
1076 1086 23
1103 1143 24
1121 1152 101
1136 1174 267
1136 1150 263
1166 1200 73
1166 1188 116
1184 1207 133
1189 1204 101
1208 1210 228
1231 1278 32
1240 1245 201
1246 1270 74
1252 1277 244
1262 1295 200
1282 1314 192
1287 1320 285
1294 1322 157
1305 1336 255
1306 1351 289
1323 1343 198
1347 1369 156
1359 1365 273
1376 1423 53
1386 1393 112
1396 1402 300
1403 1414 163
1421 1455 246
1449 1498 26
1467 1486 176
1468 1490 37
1476 1501 148
1483 1500 162
1485 1531 165
1508 1534 251
1509 1510 153
1534 1567 261
1553 1574 28
1580 1619 83
1605 1648 20
1605 1609 198
1631 1656 110
1640 1664 297
1642 1659 107
1646 1651 196
1651 1663 208
1667 1712 12
1688 1711 139
1707 1751 125
1711 1729 207
1733 1763 3
1757 1769 57
1765 1803 74
1788 1801 224
1806 1821 41
1811 1829 59
1811 1854 113
1838 1842 29
1868 1876 114
1895 1914 246
1901 1903 47
1925 1955 65
1953 2001 189
1958 1989 240
1979 2003 179
1994 2008 19
2005 2011 111
2010 2038 36
2021 2056 81
2041 2050 25
2050 2081 2
2051 2061 109
2065 2074 89
2083 2132 157
2098 2101 74
2103 2137 69
2121 2165 51
2146 2156 20
2175 2185 261
2203 2215 155
2226 2227 75
2240 2252 212
2269 2271 58
2280 2320 227
2294 2310 43
2305 2325 84
2327 2355 85
2331 2380 74
2360 2370 271
2389 2397 254
2394 2402 215
2422 2467 91
2426 2458 159
2455 2500 97
2481 2517 204
2498 2510 159
2499 2531 21
2522 2523 167
2529 2569 288
2552 2579 181
2556 2585 269
2558 2591 56
2582 2626 97
2598 2624 19
2623 2628 32
2629 2664 193
2645 2684 44
2645 2648 177
2647 2692 8
2651 2661 68
2661 2694 253
2670 2696 89
2685 2709 143
2714 2740 228
2736 2755 19
2761 2779 32
2764 2803 1
2783 2833 141
2786 2832 10
2808 2809 243
2830 2878 149
2846 2852 153
2863 2881 206
2874 2903 92
2880 2916 158
2907 2950 266
2917 2931 253
2932 2965 222
2957 2994 21
2982 3005 69
3005 3041 290
3022 3028 60
3046 3064 263
3051 3076 272
3072 3083 288
3092 3123 202
3103 3147 279
3122 3137 180
3140 3185 213
3151 3192 256
3159 3170 201
3165 3188 97
3179 3201 34
3180 3218 172
3205 3253 49
3224 3237 51
3235 3266 300
3262 3274 144
3268 3289 5
3275 3282 275
3284 3285 261
3289 3298 211
3306 3324 270
3308 3324 123
3332 3344 33
3333 3348 73
3342 3382 110
3353 3372 277
3361 3378 42
3381 3403 109
3392 3417 150
3413 3436 202
3419 3452 61
3434 3482 118
3450 3482 273
3458 3465 100
3464 3483 114
3470 3486 275
3487 3494 293
3502 3544 187
3530 3570 35
3537 3571 258
3565 3594 26
3581 3628 166
3607 3626 256
3620 3644 287
3649 3675 23
3672 3689 237
3672 3691 39
3683 3730 257
3683 3711 255
3685 3723 219
3699 3707 190
3712 3720 95
3733 3783 258
3736 3749 261
3761 3783 93
3775 3812 142
3799 3816 179
3817 3827 195
3835 3864 270
3856 3887 294
3877 3893 234
3903 3913 161
3910 3930 300
3925 3969 292
3944 3973 116
3961 3999 153
3962 4002 144
3987 4003 59
4001 4010 1
4020 4046 187
4050 4063 201
4073 4096 297
4101 4149 279
4122 4134 47
4150 4172 125
4154 4182 224
4168 4199 37
4168 4199 139
4190 4196 275
4203 4232 292
4213 4235 222
4225 4232 264
4255 4302 126
4281 4321 116
4297 4335 52
4309 4352 21
4336 4378 157
4350 4377 49
4372 4395 87
4389 4398 84
4395 4423 131
4419 4444 154
4431 4468 138
4444 4470 147
4471 4481 183
4476 4489 28
4497 4531 212
4521 4571 147
4551 4564 229
4567 4610 16
4594 4636 128
4608 4634 252
4623 4646 292
4633 4642 65
4633 4638 262
4657 4704 232
4687 4725 67
4714 4757 275
4727 4764 132
4733 4737 119
4744 4787 52
4746 4764 252
4754 4782 1
4759 4803 246
4763 4770 139
4788 4821 32
4798 4835 185
4819 4850 134
4844 4892 162
4863 4902 185
4889 4911 5
4917 4934 248
4940 4986 194
4952 4971 288
4972 4982 195
4988 5032 251
4999 5027 192
5012 5022 273
5025 5044 85
5052 5088 130
5070 5082 201
5093 5101 82
5120 5165 194
5149 5198 165
5160 5188 173
5189 5215 237
5205 5231 190
5221 5271 44
5223 5246 1
5241 5276 296
5249 5274 39
5279 5309 90
5292 5309 268
5299 5314 217
5316 5361 56
5322 5366 170
5334 5354 41
5348 5360 252
5373 5412 110
5379 5413 265
5400 5427 218
5423 5453 13
5430 5467 42
5447 5453 95
5449 5460 230
5450 5491 212
5450 5492 287
5458 5495 49
5484 5516 262
5504 5520 112
5526 5572 252
5542 5560 280
5563 5598 4
5579 5616 162
5606 5652 6
5633 5641 224
5644 5682 263
5655 5687 279
5659 5708 26
5687 5727 82
5691 5695 209
5699 5722 79
5728 5762 184
5729 5742 288
5734 5735 87
5753 5786 257
5776 5796 39
5789 5798 283
5808 5823 151
5821 5861 78
5851 5900 274
5858 5899 167
5878 5892 85
5905 5939 63
5914 5916 52
5917 5926 244
5934 5966 183
5943 5993 38
5956 5987 110
5968 5997 20
5973 5981 264
5993 6021 236
5997 6045 139
6016 6017 138
6017 6065 65
6035 6067 80
6047 6078 238
6073 6099 57
6080 6097 55
6088 6131 106
6098 6108 296
6126 6156 124
6144 6165 261
6147 6157 192
6165 6184 221
6191 6212 271
6211 6221 137
6220 6225 136
6231 6276 83
6254 6284 190
6264 6300 37
6279 6326 235
6295 6324 204
6314 6334 258
6326 6340 229
6342 6380 43
6366 6387 229
6378 6426 129
6387 6420 114
6410 6430 172
6418 6451 130
6432 6475 42
6434 6467 18
6438 6477 297
6447 6479 246
6453 6502 211
6475 6476 85
6502 6526 204
6519 6562 34
6538 6557 91
6554 6580 142
6565 6611 107
6581 6608 190
6587 6601 157
6600 6620 183
6604 6633 141
6630 6633 145
6647 6670 185
6661 6699 128
6664 6696 288
6672 6691 297
6684 6712 133
6699 6704 107
6711 6730 150
6730 6741 214
6744 6756 232
6773 6801 252
6783 6825 198
6802 6826 70
6810 6838 256
6817 6830 10
6832 6850 293
6857 6892 44
6869 6910 194
6891 6910 194
6912 6930 161
6921 6927 286
6922 6959 15
6929 6934 274
6948 6974 69
6971 7011 150
6991 7002 10
7000 7034 65
7012 7022 58
7028 7058 273
7033 7035 19
7061 7065 92
7069 7115 156
7075 7095 107
7105 7139 136
7113 7143 101
7134 7169 285
7149 7192 179
7172 7179 218
7198 7216 237
7220 7251 264
7248 7295 102
7258 7272 289
7277 7298 192
7307 7330 265
7307 7350 232
7312 7338 160
7316 7342 78
7321 7348 27
7328 7338 188
7338 7350 176
7348 7381 277
7363 7368 66
7381 7394 177
7394 7415 11
7424 7425 249
7438 7456 186
7441 7491 76
7448 7490 162
7472 7509 97
7474 7510 127
7496 7518 248
7509 7513 113
7534 7573 117
7534 7571 264
7561 7570 291
7564 7585 160
7579 7621 105
7581 7590 11
7593 7638 272
7594 7620 186
7602 7644 231
7623 7644 36
7640 7658 150
7664 7714 111
7665 7714 79
7687 7719 242
7716 7748 30
7726 7729 137
7732 7776 194
7732 7740 68
7746 7761 112
7764 7812 84
7766 7808 147
7787 7831 44
7817 7833 119
7831 7872 272
7848 7866 172
7856 7904 173
7876 7920 89
7876 7887 17
7902 7914 145
7927 7929 130
7928 7968 112
7954 7962 94
7976 8013 42
7993 8038 12
8002 8019 218
8031 8039 82
8058 8072 261
8063 8078 36
8065 8085 107
8080 8082 239
8103 8139 128
8130 8168 286
8155 8196 293
8169 8187 84
8193 8228 288
8213 8262 249
8215 8251 143
8219 8227 255
8237 8264 97
8264 8288 30
8270 8282 49
8279 8284 105
8282 8316 125
8308 8311 84
8327 8336 247
8340 8358 64
8365 8375 263
8393 8434 10
8397 8412 272
8423 8431 164
8440 8487 268
8446 8463 293
8453 8482 129
8475 8493 196
8477 8523 14
8478 8499 57
8492 8495 203
8500 8510 19
8506 8523 200
8536 8563 239
8562 8606 163
8578 8595 272
8584 8593 193
8604 8626 71
8615 8629 27
8638 8688 98
8644 8669 260
8664 8676 259
8676 8726 211
8678 8679 256
8685 8732 10
8712 8721 186
8715 8733 19
8723 8751 188
8728 8770 85
8753 8795 119
8754 8764 199
8754 8765 71
8761 8777 161
8770 8802 212
8775 8805 88
8803 8814 123
8824 8856 127
8829 8838 219
8830 8853 181
8851 8876 174
8875 8886 113
8903 8950 284
8903 8941 244
8921 8941 163
8939 8986 192
8955 8999 103
8972 8974 122
8975 8996 158
8991 9040 60
9007 9054 230
9035 9048 168
9035 9065 57
9053 9075 22
9065 9072 214
9076 9101 181
9093 9117 151
9105 9120 159
9124 9147 78
9143 9169 1
9143 9186 242
9144 9181 76
9149 9153 230
9162 9212 179
9162 9212 236
9187 9195 146
9200 9245 112
9209 9233 290
9237 9255 147
9242 9287 39
9260 9280 183
9287 9337 195
9302 9324 272
9324 9359 125
9344 9376 40
9373 9383 90
9388 9397 268
9392 9434 114
9416 9432 82
9438 9471 209
9441 9473 205
9444 9475 208
9467 9490 190
9495 9534 184
9502 9546 159
9517 9550 274
9519 9557 67
9521 9543 206
9537 9549 290
9542 9555 20
9572 9579 290
9596 9608 252
9623 9626 119
9649 9678 286
9661 9679 175
9688 9728 72
9711 9755 284
9713 9754 230
9743 9778 136
9771 9821 179
9798 9825 30
9816 9858 179
9837 9850 97
9864 9889 73
9872 9896 152
9900 9941 129
9917 9961 28
9947 9952 163
9969 10018 8
9971 9984 139
9975 10016 163
9993 10001 274
9995 10013 213
10013 10029 298
10013 10031 92
10034 10082 193
10063 10078 209
10092 10096 291
10097 10099 271
10099 10101 231
10109 10135 247
10129 10162 104
10157 10189 215
10170 10190 131
10175 10207 46
10194 10223 10
10208 10236 229
10225 10249 275
10225 10235 18
10254 10278 56
10283 10327 212
10288 10326 233
10306 10324 146
10324 10344 35
10338 10344 219
10349 10363 6
10357 10401 116
10366 10383 240
10387 10430 296
10397 10445 43
10408 10449 183
10408 10428 9
10430 10439 223
10435 10482 129
10439 10451 185
10463 10474 14
10490 10515 259
10492 10509 175
10496 10504 109
10498 10531 249
10498 10529 248
10523 10561 215
10524 10558 209
10550 10584 239
10555 10564 25
10557 10558 233
10560 10591 125
10570 10604 72
10581 10630 120
10599 10645 249
10612 10658 258
10619 10637 218
10621 10622 20
10642 10672 213
10670 10701 266
10678 10693 76
10692 10693 26
10720 10725 222
10724 10771 22
10745 10753 223
10757 10769 124
10770 10787 156
10789 10804 43
10797 10837 211
10813 10856 88
10824 10870 69
10841 10852 208
10842 10875 81
10852 10854 131
10879 10922 300
10902 10946 247
10917 10940 275
10923 10943 280
10948 10951 24
10949 10967 257
10957 10988 25
10961 10968 136
10972 10993 31
10996 11041 156
11012 11022 68
11018 11055 112
11031 11081 108
11049 11058 80
11066 11074 262
11067 11094 160
11083 11108 274
11085 11089 250
11085 11127 253
11110 11115 145
11124 11171 80
11138 11167 57
11160 11163 108
11183 11184 279
11213 11223 229
11234 11250 286
11237 11269 256
11238 11260 128
11265 11285 118
11277 11311 242
11282 11320 285
11290 11315 15
11318 11322 86
11327 11334 52
11347 11349 164
11361 11375 200
11386 11403 4
11393 11410 194
11401 11412 198
11424 11456 297
11438 11476 206
11449 11496 91
11473 11474 101
11493 11494 183
11521 11527 140
11550 11554 111
11554 11585 116
11554 11578 174
11562 11584 225
11582 11585 79
11596 11606 297
11624 11628 283
11633 11645 162
11660 11701 12
11662 11685 288
11675 11697 89
11699 11710 117
11702 11715 185
11724 11751 210
11736 11784 152
11766 11795 59
11789 11811 97
11789 11821 41
11800 11841 35
11822 11838 86
11852 11876 291
11876 11891 17
11882 11910 174
11882 11892 109
11911 11934 173
11928 11930 97
11944 11975 248
11958 12008 108
11978 12005 277
11983 12009 98
11993 12027 87
12007 12038 102
12027 12052 258
12056 12075 94
12071 12112 288
12092 12136 81
12092 12118 275
12094 12102 271
12110 12143 282
12134 12180 225
12145 12160 156
12159 12174 291
12162 12188 293
12166 12172 23
12184 12205 43
12213 12253 148
12228 12276 97
12238 12241 208
12261 12299 62
12275 12279 128
12277 12326 52
12285 12325 193
12302 12312 141
12332 12347 9
12332 12350 258
12355 12372 158
12372 12408 297
12379 12414 219
12390 12395 177
12404 12418 181
12426 12463 197
12442 12443 133
12469 12485 76
12474 12500 100
12491 12502 122
12507 12516 7
12507 12549 202
12514 12516 60
12536 12570 286
12561 12611 187
12576 12586 25
12588 12597 77
12594 12630 26
12599 12615 252
12607 12656 265
12627 12648 129
12634 12675 101
12649 12685 95
12669 12709 140
12699 12710 2
12728 12762 83
12734 12776 161
12759 12806 230
12761 12774 34
12782 12786 124
12799 12818 271
12810 12856 204
12838 12885 287
12856 12865 12
12863 12901 286
12871 12902 141
12872 12901 166
12884 12888 174
12910 12948 28
12933 12941 256
12936 12979 76
12948 12964 148
12948 12980 157
12964 12995 200
12967 12980 285
12988 13009 136
12993 13013 262
13015 13050 82
13034 13050 236
13041 13052 187
13058 13086 249
13074 13121 110
13096 13100 112
13115 13122 227
13139 13153 75
13140 13144 79
13169 13184 103
13170 13177 263
13170 13177 152
13175 13184 85
13183 13232 62
13211 13261 103
13222 13255 236
13224 13226 252
13247 13287 197
13252 13263 239
13269 13291 172
13283 13333 245
13303 13329 68
13323 13355 274
13348 13378 264
13372 13417 175
13378 13404 246
13379 13389 203
13395 13413 192
13406 13416 109
13428 13473 215
13433 13444 243
13434 13461 235
13455 13457 31
13455 13466 171
13483 13488 299
13485 13527 117
13496 13546 300
13504 13553 25
13508 13534 81
13530 13567 43
13543 13564 58
13567 13600 142
13596 13608 1
13615 13658 20
13621 13642 9
13641 13662 11
13661 13698 170
13678 13718 262
13703 13745 174
13726 13740 97
13749 13794 291
13773 13790 212
13794 13808 12
13823 13871 88
13830 13863 124
13852 13860 3
13852 13864 134
13854 13859 235
13876 13899 204
13902 13939 206
13931 13976 186
13947 13971 110
13954 13956 211
13974 14008 15
13987 14037 218
14012 14021 122
14022 14029 58
14025 14062 170
14046 14055 154
14056 14062 262
14080 14117 45
14088 14127 40
14092 14131 219
14120 14137 143
14130 14149 11
14136 14169 226
14158 14189 229
14188 14212 210
14194 14231 3
14198 14201 152
14211 14256 236
14220 14251 177
14242 14254 166
14244 14246 265
14256 14303 272
14285 14309 231
14287 14329 17
14298 14311 220
14305 14318 74
14321 14350 9
14336 14371 244
14353 14398 65
14363 14410 216
14363 14383 261
14367 14375 160
14393 14430 73
14394 14418 254
14416 14459 2
14429 14473 7
14435 14482 54
14458 14483 17
14459 14478 153
14486 14502 255
14499 14515 229
14519 14549 215
14521 14536 69
14547 14584 252
14559 14571 296
14584 14596 206
14588 14637 135
14618 14636 234
14638 14645 146
14655 14657 250
14669 14675 268
14698 14700 46
14711 14736 122
14740 14752 163
