100 3 1010

39 29 32

3 -1 0
-1 16 -3
0 -3 6

0 1
0 4
0 5
0 11
0 17
0 20
0 21
0 22
0 23
0 24
0 38
0 47
0 49
0 50
0 51
0 52
0 59
0 66
0 69
0 78
0 82
0 85
0 88
0 93
0 96
0 98
1 13
1 14
1 18
1 23
1 36
1 37
1 42
1 46
1 49
1 51
1 63
1 68
1 76
1 77
1 81
1 87
1 89
1 95
2 9
2 13
2 41
2 49
2 57
2 59
2 65
2 66
2 69
2 76
2 77
2 81
2 86
2 90
2 91
2 96
3 8
3 15
3 34
3 37
3 41
3 45
3 50
3 51
3 57
3 59
3 63
3 68
3 69
3 75
3 76
3 81
3 82
3 83
3 86
3 93
3 94
3 95
3 96
4 6
4 16
4 21
4 23
4 24
4 38
4 39
4 49
4 51
4 54
4 55
4 60
4 71
4 73
4 74
4 77
4 83
4 88
4 93
4 99
5 14
5 16
5 22
5 26
5 31
5 32
5 33
5 34
5 47
5 59
5 65
5 72
5 73
5 77
5 89
5 95
5 99
6 15
6 19
6 28
6 38
6 47
6 54
6 61
6 66
6 69
6 73
6 82
6 83
6 85
6 88
6 97
6 98
7 8
7 12
7 17
7 30
7 39
7 45
7 49
7 51
7 56
7 58
7 66
7 82
7 85
7 86
8 9
8 22
8 23
8 32
8 34
8 38
8 41
8 50
8 60
8 65
8 66
8 71
8 78
8 79
8 88
8 89
8 95
8 98
9 11
9 14
9 20
9 27
9 29
9 31
9 32
9 38
9 47
9 51
9 58
9 59
9 71
9 73
9 75
9 79
9 81
9 88
9 89
9 92
9 96
10 11
10 15
10 26
10 29
10 30
10 35
10 40
10 49
10 55
10 63
10 68
10 74
10 75
10 76
10 80
10 83
10 85
10 87
10 88
10 92
10 94
10 96
11 12
11 23
11 26
11 30
11 33
11 34
11 35
11 43
11 44
11 48
11 49
11 53
11 54
11 56
11 59
11 62
11 63
11 73
11 74
11 89
11 94
11 96
11 98
11 99
12 15
12 20
12 31
12 39
12 40
12 42
12 44
12 45
12 59
12 60
12 80
12 82
12 86
12 94
13 14
13 16
13 17
13 18
13 20
13 25
13 28
13 30
13 31
13 32
13 36
13 41
13 42
13 46
13 50
13 61
13 63
13 69
13 77
13 80
13 85
13 87
13 88
13 93
14 20
14 23
14 24
14 27
14 28
14 37
14 38
14 41
14 42
14 44
14 61
14 65
14 82
14 87
14 91
14 97
15 17
15 18
15 21
15 26
15 28
15 43
15 44
15 48
15 61
15 64
15 67
15 68
15 69
15 70
15 74
15 77
15 85
15 88
16 17
16 25
16 26
16 36
16 43
16 48
16 51
16 55
16 60
16 65
16 66
16 69
16 70
16 72
16 76
16 93
16 94
16 96
16 98
17 27
17 32
17 34
17 41
17 43
17 44
17 58
17 60
17 68
17 74
17 84
17 88
17 96
17 98
18 19
18 26
18 37
18 41
18 57
18 66
18 67
18 73
18 79
18 82
18 86
18 91
18 99
19 20
19 26
19 33
19 37
19 38
19 45
19 63
19 86
19 93
19 95
20 23
20 29
20 34
20 39
20 42
20 43
20 44
20 47
20 55
20 56
20 60
20 61
20 70
20 82
20 85
20 87
20 88
20 92
20 94
20 97
21 28
21 30
21 34
21 35
21 37
21 38
21 50
21 52
21 53
21 63
21 64
21 65
21 67
21 69
21 70
21 72
21 73
21 79
21 82
21 85
21 93
21 96
22 24
22 25
22 30
22 33
22 38
22 47
22 48
22 56
22 70
22 73
22 75
22 80
22 94
23 34
23 36
23 38
23 49
23 53
23 57
23 59
23 64
23 67
23 68
23 72
23 76
23 87
23 89
23 90
23 92
24 25
24 26
24 34
24 35
24 37
24 40
24 47
24 48
24 49
24 76
24 78
24 79
24 80
24 82
24 92
24 95
25 32
25 37
25 46
25 50
25 55
25 62
25 64
25 76
25 84
25 85
25 90
25 91
25 97
25 98
26 27
26 31
26 36
26 48
26 51
26 52
26 54
26 67
26 70
26 73
26 75
26 79
26 85
26 92
26 96
27 35
27 41
27 45
27 49
27 54
27 59
27 67
27 69
27 71
27 80
27 81
27 84
27 87
27 89
28 29
28 35
28 37
28 50
28 52
28 58
28 60
28 74
28 83
28 86
28 96
28 99
29 30
29 36
29 45
29 46
29 54
29 58
29 59
29 70
29 73
29 76
29 85
29 87
29 89
29 92
29 95
29 96
29 99
30 34
30 41
30 44
30 51
30 63
30 68
30 69
30 73
30 86
30 87
30 89
30 90
30 97
30 99
31 34
31 37
31 43
31 60
31 62
31 69
31 74
31 91
31 93
32 40
32 47
32 56
32 59
32 63
32 65
32 66
32 69
32 73
32 77
32 81
32 85
32 86
32 91
32 92
32 93
33 38
33 41
33 44
33 70
33 76
33 90
33 93
33 95
34 41
34 48
34 49
34 57
34 58
34 62
34 64
34 65
34 79
34 80
34 86
35 37
35 39
35 41
35 42
35 46
35 54
35 64
35 71
35 82
35 93
36 38
36 40
36 47
36 52
36 58
36 64
36 77
36 97
37 39
37 41
37 50
37 59
37 66
37 76
37 83
37 84
37 85
37 87
37 88
37 89
37 92
37 95
38 41
38 52
38 57
38 61
38 77
38 81
38 82
38 93
38 97
38 98
38 99
39 42
39 50
39 56
39 58
39 62
39 81
39 93
40 41
40 44
40 47
40 54
40 57
40 59
40 70
40 71
40 84
40 87
40 88
40 93
40 96
40 97
41 42
41 44
41 45
41 46
41 51
41 52
41 54
41 55
41 56
41 66
41 67
41 77
41 78
41 81
41 83
41 86
41 90
41 95
41 96
41 97
41 98
42 45
42 63
42 65
42 71
42 72
42 76
42 77
42 85
42 86
42 88
42 90
43 45
43 49
43 53
43 54
43 56
43 58
43 59
43 62
43 63
43 72
43 82
43 84
43 85
43 89
43 92
43 96
44 51
44 61
44 62
44 72
44 73
44 88
44 90
44 96
45 50
45 57
45 59
45 62
45 70
45 78
45 81
45 84
45 88
45 94
45 97
46 57
46 58
46 66
46 67
46 68
46 74
46 76
46 77
46 84
46 86
46 88
46 98
47 52
47 54
47 59
47 67
47 69
47 77
47 78
47 82
47 83
47 85
47 86
47 95
47 96
47 97
47 99
48 50
48 65
48 67
48 68
48 72
48 76
48 84
48 87
48 89
48 93
48 98
49 55
49 57
49 62
49 64
49 66
49 68
49 81
49 90
49 92
49 99
50 52
50 56
50 58
50 68
50 69
50 72
50 75
50 84
50 86
50 88
50 93
50 94
50 97
50 98
51 54
51 61
51 70
51 71
51 79
51 82
51 83
51 92
51 94
51 97
52 61
52 64
52 67
52 73
52 74
52 82
52 89
52 91
52 94
52 98
53 66
53 67
53 73
53 76
53 78
53 79
53 81
53 82
53 88
53 90
54 56
54 58
54 64
54 69
54 77
54 82
54 83
54 91
54 95
55 59
55 65
55 69
55 70
55 71
55 83
55 90
55 92
55 98
56 65
56 77
56 79
56 80
56 81
56 85
56 90
56 91
56 94
57 65
57 67
57 70
57 71
57 72
57 74
57 77
57 78
57 93
57 99
58 64
58 69
58 76
58 80
58 84
58 85
58 86
58 87
58 90
58 91
58 97
59 62
59 63
59 64
59 66
59 69
59 74
59 85
59 92
59 98
60 63
60 74
60 85
60 92
60 98
61 62
61 64
61 66
61 68
61 75
61 76
61 77
61 84
61 89
61 99
62 67
62 68
62 78
62 80
63 69
63 70
63 75
63 76
63 90
63 96
63 99
64 72
64 76
64 77
64 82
64 83
64 85
64 92
64 93
64 95
64 96
65 68
65 71
65 73
65 74
65 83
65 94
65 98
66 67
66 77
67 68
67 70
67 71
67 72
67 73
67 78
67 84
67 87
67 93
68 71
68 72
68 74
68 75
68 78
68 81
68 86
68 89
68 90
68 92
68 99
69 72
69 74
69 81
69 96
70 74
70 86
70 93
71 73
71 85
71 86
71 92
71 94
71 96
72 76
72 83
72 86
72 89
72 93
73 86
73 92
73 96
74 77
74 78
74 79
74 82
74 86
74 87
74 93
75 76
75 79
75 86
76 99
77 80
77 83
77 85
77 96
77 98
78 86
78 88
78 97
79 82
79 83
79 85
79 88
79 89
79 96
80 82
80 84
80 85
80 98
81 85
81 91
81 95
82 89
82 91
82 93
83 85
84 86
84 88
84 90
84 92
84 93
84 97
84 99
85 86
85 94
85 95
85 98
85 99
86 92
86 99
87 88
87 91
87 95
87 99
88 89
88 96
89 92
89 93
89 95
90 91
90 93
91 95
94 98
95 99
